>AP1
0.5558	0.1469	0.2734	0.0240
0.0020	0.0015	0.0017	0.9948
0.0039	0.0019	0.9502	0.0439
0.9697	0.0220	0.0018	0.0065
0.0377	0.3311	0.6030	0.0283
0.0033	0.0031	0.0043	0.9893
0.0188	0.9775	0.0023	0.0014
0.9951	0.0021	0.0012	0.0015
0.0121	0.3096	0.1221	0.5561
>CTCF
0.0511	0.3100	0.5659	0.0730
0.0189	0.5938	0.0128	0.3744
0.0793	0.0156	0.8108	0.0944
0.0577	0.8249	0.0319	0.0855
0.0030	0.9858	0.0014	0.0098
0.3674	0.5697	0.0278	0.0351
0.0057	0.5693	0.0052	0.4198
0.0028	0.9932	0.0010	0.0031
0.0269	0.0477	0.0176	0.9079
0.3326	0.0622	0.4827	0.1225
0.0143	0.3115	0.6408	0.0334
0.0789	0.1626	0.0178	0.7407
0.0018	0.0006	0.9931	0.0044
0.0420	0.0387	0.8401	0.0792
