# CIS-BP motif database (v2.00)
# Retrieved from: http://cisbp.ccbr.utoronto.ca/data/2.00/DataFiles/Bulk_downloads/EntireDataset//PWMs.zip
# Date: 2019-05-28
>M06631_2.00
0.0513	0.5521	0.1214	0.2752
0.0650	0.8068	0.0325	0.0957
0.8667	0.0000	0.1333	0.0000
0.0000	1.0000	0.0000	0.0000
0.0000	1.0000	0.0000	0.0000
0.0000	0.0000	1.0000	0.0000
1.0000	0.0000	0.0000	0.0000
0.0000	1.0000	0.0000	0.0000
0.9675	0.0000	0.0273	0.0051
0.3795	0.3641	0.1299	0.1265
0.3983	0.1282	0.0701	0.4034
0.3607	0.1231	0.1778	0.3385
0.3043	0.2085	0.1504	0.3368
0.2444	0.3026	0.1111	0.3419
>M08012_2.00
0.0712	0.5802	0.1069	0.2417
0.2545	0.0458	0.1858	0.5140
0.0000	0.0000	1.0000	0.0000
0.0000	0.0229	0.0000	0.9771
0.0509	0.1018	0.0000	0.8473
0.2010	0.0280	0.6845	0.0865
0.0076	0.9364	0.0000	0.0560
0.0000	0.4402	0.0000	0.5598
0.7405	0.0000	0.2468	0.0127
0.1476	0.0178	0.6387	0.1959
0.0534	0.0407	0.8830	0.0229
0.1247	0.3919	0.3333	0.1501
0.5013	0.1959	0.2188	0.0840
0.3130	0.1349	0.4962	0.0560
0.4885	0.1705	0.2290	0.1120
>M09079_2.00
0.2120	0.2820	0.4460	0.0600
0.4840	0.1540	0.2560	0.1060
0.6080	0.0900	0.1540	0.1480
0.1820	0.4800	0.2240	0.1140
0.0200	0.6800	0.2960	0.0040
0.1760	0.8140	0.0020	0.0080
0.0000	0.0000	0.9980	0.0020
0.0020	0.0020	0.9960	0.0000
0.9920	0.0040	0.0000	0.0040
0.9980	0.0020	0.0000	0.0000
0.0960	0.0160	0.8860	0.0020
0.0740	0.2480	0.0400	0.6380
0.1420	0.1660	0.6160	0.0760
0.1620	0.2500	0.4900	0.0980
>M04461_2.00
0.2103	0.4522	0.0891	0.2483
0.4406	0.5104	0.0165	0.0324
0.0072	0.9814	0.0015	0.0099
0.0548	0.0034	0.9130	0.0287
0.0000	0.9996	0.0000	0.0004
0.0000	0.9982	0.0012	0.0007
0.0012	0.9569	0.0006	0.0412
0.8341	0.1624	0.0021	0.0014
0.0015	0.9979	0.0002	0.0004
0.0316	0.0060	0.9512	0.0112
0.0013	0.9791	0.0026	0.0169
0.7277	0.0819	0.1399	0.0505
0.2976	0.3905	0.0972	0.2147
>M04027_2.00
0.2563	0.1413	0.5064	0.0960
0.1560	0.2052	0.4453	0.1936
0.7441	0.2433	0.0114	0.0012
0.0004	0.0017	0.0005	0.9975
0.0009	0.0005	0.9967	0.0018
0.9960	0.0011	0.0021	0.0008
0.0003	0.9918	0.0003	0.0075
0.0073	0.0005	0.9918	0.0004
0.0008	0.0023	0.0010	0.9959
0.0016	0.9967	0.0008	0.0009
0.9944	0.0027	0.0017	0.0012
0.0009	0.2644	0.1892	0.5455
0.1445	0.5140	0.1551	0.1864
0.0882	0.5436	0.1135	0.2547
>M01797_2.00
0.2292	0.3123	0.2292	0.2292
0.3838	0.2054	0.2054	0.2054
0.6010	0.1063	0.1865	0.1063
0.5846	0.0002	0.0002	0.4150
0.0002	0.0777	0.0822	0.8399
0.9164	0.0002	0.0002	0.0832
0.0002	0.9164	0.0002	0.0832
0.1677	0.0002	0.8319	0.0002
0.0984	0.1110	0.0209	0.7696
0.7836	0.0448	0.1268	0.0448
0.2448	0.2214	0.1439	0.3898
>M02778_2.00
0.5233	0.1395	0.3372	0.0000
0.1592	0.1529	0.2166	0.4713
0.0133	0.9867	0.0000	0.0000
0.9867	0.0000	0.0000	0.0133
0.0104	0.7708	0.0833	0.1354
0.3391	0.0174	0.6435	0.0000
0.0851	0.0851	0.0426	0.7872
0.0000	0.0000	1.0000	0.0000
0.6916	0.1402	0.1402	0.0280
0.0000	0.3895	0.2316	0.3789
>M03413_2.00
0.8892	0.0005	0.0863	0.0240
0.9698	0.0000	0.0281	0.0020
0.0009	0.0000	0.9631	0.0361
0.0045	0.0000	0.9873	0.0082
0.0223	0.0019	0.0991	0.8767
0.0004	0.8827	0.0290	0.0878
0.9314	0.0015	0.0646	0.0024
0.2177	0.2367	0.3376	0.2080
0.2104	0.3309	0.0391	0.4197
0.0353	0.8071	0.1208	0.0368
0.9895	0.0011	0.0016	0.0079
0.9953	0.0042	0.0005	0.0000
0.0023	0.0014	0.9789	0.0175
0.0009	0.0000	0.9986	0.0005
0.0759	0.0010	0.0330	0.8901
0.0000	0.8933	0.0186	0.0881
0.8665	0.0000	0.1300	0.0035
>M07019_2.00
0.1436	0.1616	0.5117	0.1831
0.6445	0.1221	0.0341	0.1993
0.7397	0.0000	0.0000	0.2603
0.0000	0.0269	0.0000	0.9731
0.9982	0.0000	0.0018	0.0000
0.0000	0.0000	0.0000	1.0000
0.0018	0.0000	0.0000	0.9982
0.0000	1.0000	0.0000	0.0000
0.0000	0.3752	0.0036	0.6212
0.0916	0.3178	0.0323	0.5583
0.1777	0.1759	0.1131	0.5332
>M09572_2.00
0.3180	0.1540	0.2850	0.2430
0.1350	0.0730	0.1150	0.6780
0.0010	0.0010	0.0010	0.9970
0.0010	0.0010	0.0010	0.9970
0.0010	0.0010	0.0010	0.9970
0.9970	0.0010	0.0010	0.0010
0.0010	0.0010	0.0010	0.9970
0.0170	0.0010	0.4930	0.4890
0.5540	0.0010	0.4440	0.0010
0.0010	0.7330	0.0580	0.2090
>M04093_2.00
0.1296	0.4564	0.2007	0.2133
0.6064	0.0139	0.2448	0.1349
0.0745	0.7303	0.1717	0.0235
0.0045	0.9798	0.0135	0.0022
0.8305	0.0000	0.1562	0.0133
0.0000	0.0544	0.0675	0.8781
0.8844	0.0436	0.0720	0.0000
0.0210	0.1070	0.0000	0.8720
0.0045	0.0000	0.9754	0.0201
0.0194	0.0880	0.5455	0.3470
0.0902	0.4570	0.0062	0.4466
0.3456	0.1722	0.3617	0.1206
>M09349_2.00
0.2920	0.1380	0.1200	0.4500
0.0640	0.1880	0.3180	0.4300
0.1180	0.2220	0.1220	0.5380
0.1580	0.5480	0.0300	0.2640
0.3800	0.0440	0.0880	0.4880
0.0600	0.3460	0.2380	0.3560
0.3120	0.1420	0.0520	0.4940
0.0660	0.2680	0.1660	0.5000
0.0260	0.0840	0.0680	0.8220
0.0180	0.1040	0.0680	0.8100
0.0060	0.0360	0.0120	0.9460
0.0100	0.9300	0.0460	0.0140
0.0040	0.9040	0.0080	0.0840
0.4960	0.0600	0.0500	0.3940
0.0540	0.2340	0.2300	0.4820
>M02728_2.00
0.3954	0.0967	0.4794	0.0286
0.0054	0.9916	0.0000	0.0030
0.9753	0.0117	0.0100	0.0029
0.0000	0.8863	0.0896	0.0240
0.0069	0.9535	0.0390	0.0006
0.0065	0.0077	0.0024	0.9834
0.0124	0.0029	0.9782	0.0065
>M05650_2.00
0.5042	0.0819	0.2899	0.1240
0.7306	0.0729	0.1821	0.0143
0.0133	0.0050	0.9524	0.0293
0.0027	0.0011	0.7724	0.2237
0.0504	0.0323	0.0494	0.8679
0.0033	0.9585	0.0128	0.0253
0.9729	0.0037	0.0141	0.0093
0.0063	0.2404	0.0026	0.7506
0.0408	0.0158	0.9358	0.0076
0.7819	0.0734	0.0666	0.0781
0.2401	0.7453	0.0061	0.0084
0.0416	0.9188	0.0099	0.0296
0.0278	0.1754	0.0855	0.7112
0.1392	0.2841	0.0860	0.4907
>M02198_2.00
0.3079	0.2084	0.1759	0.3079
0.2346	0.2166	0.1542	0.3946
0.2819	0.0841	0.1693	0.4648
0.6827	0.0589	0.1311	0.1272
0.1127	0.7170	0.0445	0.1258
0.6004	0.0837	0.1959	0.1200
0.1791	0.4495	0.0608	0.3105
0.2311	0.0988	0.5407	0.1294
0.3214	0.2334	0.2503	0.1949
>M03030_2.00
0.5859	0.0813	0.0838	0.2491
0.0206	0.0220	0.0000	0.9575
0.6581	0.0149	0.3230	0.0040
0.0302	0.0066	0.0066	0.9566
0.0512	0.0000	0.0286	0.9201
0.0104	0.0107	0.2790	0.6998
0.9277	0.0153	0.0325	0.0244
0.0152	0.8365	0.0066	0.1417
0.6505	0.0548	0.0292	0.2655
0.0732	0.1954	0.0343	0.6971
0.6091	0.0260	0.0372	0.3277
>M05540_2.00
0.3190	0.2470	0.2502	0.1837
0.1029	0.3848	0.0630	0.4494
0.0727	0.0189	0.8758	0.0325
0.8122	0.0847	0.0763	0.0268
0.7358	0.0093	0.0594	0.1955
0.9678	0.0063	0.0059	0.0200
0.0810	0.5707	0.3007	0.0475
0.0369	0.3857	0.0102	0.5672
0.0637	0.0033	0.9256	0.0075
0.8754	0.0743	0.0305	0.0198
0.6701	0.0119	0.1056	0.2125
0.9588	0.0161	0.0012	0.0238
0.1238	0.5745	0.2394	0.0623
0.1739	0.2989	0.0687	0.4585
0.3913	0.1298	0.2958	0.1831
>M00237_2.00
0.9940	0.0020	0.0020	0.0020
0.0014	0.0014	0.0014	0.9957
0.9957	0.0014	0.0014	0.0014
0.0014	0.0014	0.0014	0.9957
0.0014	0.9957	0.0014	0.0014
0.8537	0.0014	0.0014	0.1435
0.1672	0.6639	0.1672	0.0017
0.2500	0.0025	0.4975	0.2500
>M01853_2.00
0.2856	0.2225	0.2533	0.2386
0.2568	0.2594	0.2347	0.2492
0.2281	0.2446	0.2597	0.2676
0.2328	0.2522	0.2497	0.2652
0.2554	0.1931	0.2909	0.2606
0.6565	0.0953	0.1032	0.1450
0.6469	0.0008	0.0867	0.2657
0.0780	0.5591	0.3258	0.0372
0.2643	0.1422	0.1353	0.4582
>M03744_2.00
0.3050	0.1468	0.0294	0.5188
0.6915	0.0543	0.2131	0.0411
0.0465	0.6600	0.0727	0.2207
0.1852	0.0081	0.8067	0.0000
0.0615	0.0369	0.0052	0.8964
0.5151	0.4798	0.0012	0.0039
0.9197	0.0684	0.0006	0.0113
0.9584	0.0079	0.0238	0.0099
0.0000	0.8991	0.0000	0.1009
0.9594	0.0022	0.0312	0.0073
0.2385	0.4254	0.0824	0.2537
>M07724_2.00
0.0000	0.0000	0.0000	1.0000
0.0000	0.0000	0.0000	1.0000
0.0000	1.0000	0.0000	0.0000
0.0000	1.0000	0.0000	0.0000
0.0000	0.0000	0.0000	1.0000
0.0000	1.0000	0.0000	0.0000
0.0000	0.5000	0.0000	0.5000
>M07494_2.00
0.1200	0.2700	0.4200	0.1900
0.0000	0.0000	1.0000	0.0000
0.0000	0.0000	0.0000	1.0000
0.0000	0.0000	0.0000	1.0000
0.3100	0.0000	0.6900	0.0000
0.0000	1.0000	0.0000	0.0000
0.0200	0.4800	0.0200	0.4800
0.8800	0.0400	0.0400	0.0400
>M08314_2.00
0.3901	0.1799	0.3201	0.1099
0.2946	0.1226	0.1162	0.4666
0.1608	0.1290	0.0398	0.6704
0.1799	0.6385	0.0780	0.1035
0.9188	0.0589	0.0080	0.0143
0.0780	0.0398	0.1099	0.7723
0.0080	0.6449	0.1162	0.2309
0.7914	0.0016	0.1990	0.0080
0.9124	0.0143	0.0462	0.0271
0.1481	0.2245	0.4220	0.2054
0.2373	0.0207	0.6704	0.0717
0.0908	0.0844	0.1545	0.6704
0.0780	0.7341	0.1799	0.0080
0.0016	0.9761	0.0207	0.0016
0.0207	0.1035	0.0016	0.8742
0.0016	0.8487	0.0271	0.1226
0.9443	0.0080	0.0143	0.0334
0.7659	0.0398	0.0334	0.1608
0.2818	0.3264	0.3201	0.0717
0.9061	0.0080	0.0653	0.0207
0.8360	0.0462	0.0589	0.0589
0.0653	0.1927	0.3137	0.4283
0.1927	0.0908	0.3838	0.3328
0.2309	0.2118	0.3392	0.2182
>M08971_2.00
0.0740	0.0620	0.7280	0.1360
0.0620	0.7520	0.1060	0.0800
0.1260	0.6800	0.1640	0.0300
0.0340	0.0060	0.9200	0.0400
0.0040	0.9900	0.0020	0.0040
0.0020	0.9920	0.0000	0.0060
0.9900	0.0040	0.0020	0.0040
0.0020	0.0000	0.0040	0.9940
0.0260	0.4100	0.2120	0.3520
0.0860	0.0360	0.0360	0.8420
0.0120	0.1320	0.0160	0.8400
0.1200	0.1320	0.5700	0.1780
>M04712_2.00
0.1539	0.4322	0.3024	0.1116
0.2091	0.5616	0.1540	0.0753
0.0016	0.0014	0.9956	0.0015
0.0003	0.0010	0.9981	0.0006
0.9762	0.0040	0.0010	0.0188
0.9586	0.0147	0.0025	0.0242
0.2008	0.0537	0.7317	0.0139
0.0328	0.2806	0.0300	0.6566
0.6571	0.0293	0.2792	0.0344
0.0124	0.7262	0.0530	0.2084
0.0243	0.0021	0.0119	0.9618
0.0186	0.0009	0.0044	0.9761
0.0011	0.9975	0.0008	0.0007
0.0005	0.9960	0.0011	0.0024
0.0750	0.1540	0.5602	0.2108
0.1107	0.3015	0.4294	0.1584
>M05272_2.00
0.2380	0.2389	0.1553	0.3679
0.1561	0.0341	0.0295	0.7803
0.8148	0.0164	0.0889	0.0799
0.9281	0.0000	0.0650	0.0069
0.0158	0.5315	0.0066	0.4461
0.1215	0.0106	0.7720	0.0959
0.6527	0.1290	0.0816	0.1367
0.0695	0.2698	0.3660	0.2947
>M08988_2.00
0.0660	0.5620	0.0980	0.2740
0.1080	0.4300	0.1060	0.3560
0.0760	0.4460	0.2040	0.2740
0.1220	0.5560	0.0620	0.2600
0.0800	0.4560	0.1340	0.3300
0.0580	0.5700	0.0720	0.3000
0.0440	0.5120	0.0780	0.3660
0.0420	0.6480	0.1200	0.1900
0.0580	0.5540	0.0540	0.3340
0.0880	0.6980	0.0400	0.1740
0.2160	0.3320	0.1340	0.3180
0.0280	0.6560	0.2020	0.1140
0.0400	0.6800	0.0080	0.2720
0.0340	0.6660	0.0340	0.2660
0.0140	0.8520	0.0200	0.1140
0.0300	0.9060	0.0100	0.0540
0.2380	0.0260	0.0880	0.6480
0.0100	0.8260	0.1120	0.0520
0.0340	0.8660	0.0180	0.0820
0.0120	0.6740	0.0120	0.3020
0.0400	0.6520	0.0240	0.2840
0.1360	0.5040	0.1440	0.2160
>M01481_2.00
0.2765	0.2578	0.2502	0.2154
0.4102	0.1407	0.3070	0.1421
0.1259	0.6238	0.1650	0.0853
0.1111	0.8627	0.0199	0.0063
0.0020	0.0011	0.9942	0.0026
0.9604	0.0047	0.0086	0.0262
0.7577	0.0438	0.0153	0.1831
0.2622	0.1543	0.5227	0.0609
0.1283	0.2971	0.1040	0.4706
>M02601_2.00
0.1908	0.3805	0.1659	0.2628
0.1202	0.2520	0.1202	0.5075
0.0843	0.8160	0.0449	0.0548
0.0653	0.0189	0.8623	0.0535
0.0639	0.1129	0.2805	0.5427
0.5649	0.0287	0.2778	0.1286
0.2694	0.1788	0.0560	0.4958
0.2875	0.2426	0.1457	0.3242
>M03372_2.00
0.7455	0.0617	0.1422	0.0505
0.4604	0.0091	0.5305	0.0000
0.0007	0.0003	0.9987	0.0003
0.0016	0.0000	0.8625	0.1359
0.0467	0.0086	0.0156	0.9291
0.0022	0.9815	0.0048	0.0116
0.9745	0.0000	0.0253	0.0003
0.8928	0.0053	0.0185	0.0834
0.8508	0.0060	0.0046	0.1385
0.8622	0.0013	0.1365	0.0000
0.0007	0.0000	0.9990	0.0003
0.0000	0.0005	0.7586	0.2409
0.0067	0.0041	0.0051	0.9842
0.0005	0.9715	0.0012	0.0268
0.9986	0.0009	0.0003	0.0003
>M04530_2.00
0.1425	0.4411	0.2155	0.2009
0.1004	0.6514	0.1137	0.1345
0.3505	0.0581	0.5697	0.0217
0.2172	0.1342	0.0068	0.6419
0.0037	0.9907	0.0035	0.0022
0.0046	0.9932	0.0004	0.0017
0.0037	0.9915	0.0000	0.0047
0.0000	0.9981	0.0000	0.0019
0.0079	0.9878	0.0016	0.0027
0.0036	0.0087	0.0003	0.9874
0.0039	0.9894	0.0007	0.0060
0.0013	0.9975	0.0009	0.0003
0.0063	0.9870	0.0017	0.0050
0.0031	0.9571	0.0000	0.0398
0.0046	0.9899	0.0045	0.0010
0.2906	0.4218	0.0919	0.1957
>M09362_2.00
0.0426	0.5697	0.1040	0.2837
0.1300	0.1773	0.4090	0.2837
0.0000	0.0000	1.0000	0.0000
0.0000	0.0071	0.0000	0.9929
0.0189	0.0804	0.0047	0.8960
0.0426	0.0024	0.9409	0.0142
0.0024	0.9054	0.0024	0.0898
0.0000	0.8014	0.0000	0.1986
0.8038	0.0544	0.0567	0.0851
0.1300	0.0071	0.1158	0.7470
0.0780	0.0000	0.9173	0.0047
0.1158	0.0071	0.8747	0.0024
0.1560	0.5343	0.1939	0.1158
0.5768	0.0355	0.3002	0.0875
0.8463	0.0544	0.0733	0.0260
0.0236	0.8582	0.0165	0.1017
0.3073	0.2577	0.3310	0.1040
0.1915	0.2648	0.4444	0.0993
>M07649_2.00
0.0000	0.7308	0.1923	0.0769
0.0769	0.5385	0.2692	0.1154
0.1538	0.4615	0.1923	0.1923
0.0385	0.3846	0.3846	0.1923
0.0769	0.7308	0.1538	0.0385
0.0769	0.7692	0.0769	0.0769
0.0000	1.0000	0.0000	0.0000
0.0385	0.8846	0.0000	0.0769
0.1154	0.4615	0.1538	0.2692
0.2308	0.5769	0.0385	0.1538
0.0000	1.0000	0.0000	0.0000
0.0000	1.0000	0.0000	0.0000
0.1154	0.2308	0.2692	0.3846
0.0769	0.6154	0.0385	0.2692
0.6154	0.1923	0.0000	0.1923
0.0000	0.0000	1.0000	0.0000
0.0000	0.0769	0.9231	0.0000
1.0000	0.0000	0.0000	0.0000
0.9231	0.0000	0.0769	0.0000
0.0000	0.1923	0.0000	0.8077
0.0000	0.1923	0.5385	0.2692
0.0769	0.5769	0.0769	0.2692
0.0769	0.5385	0.3846	0.0000
>M02933_2.00
0.3670	0.0505	0.5368	0.0456
0.0003	0.0036	0.0042	0.9919
0.0406	0.0021	0.9567	0.0006
0.0000	0.9897	0.0099	0.0003
0.0021	0.9972	0.0004	0.0004
0.8511	0.1058	0.0033	0.0398
0.3210	0.2586	0.3844	0.0361
0.0174	0.9115	0.0329	0.0382
0.0612	0.5839	0.0779	0.2770
0.0596	0.3108	0.1903	0.4393
0.5531	0.0120	0.4160	0.0189
0.0000	0.0036	0.0015	0.9949
0.0411	0.0036	0.9550	0.0003
0.0000	0.9813	0.0167	0.0020
0.0007	0.9851	0.0139	0.0003
0.7703	0.1996	0.0034	0.0267
0.4339	0.2088	0.2407	0.1165
0.0297	0.8707	0.0267	0.0730
>M06657_2.00
0.0267	0.7696	0.1119	0.0918
0.0818	0.8798	0.0134	0.0250
0.1085	0.0000	0.8297	0.0618
0.0134	0.9282	0.0417	0.0167
0.0234	0.9766	0.0000	0.0000
0.0835	0.0000	0.8881	0.0284
0.0083	0.7112	0.0134	0.2671
0.2187	0.6778	0.0083	0.0952
0.4190	0.0117	0.4073	0.1619
0.0785	0.5843	0.0250	0.3122
0.1920	0.6144	0.0334	0.1603
0.1870	0.0167	0.5760	0.2204
0.0501	0.7496	0.0234	0.1770
0.0952	0.7279	0.0551	0.1219
0.2120	0.0618	0.6010	0.1252
>M08298_2.00
0.2096	0.2027	0.4674	0.1203
0.1546	0.1753	0.5704	0.0997
0.0928	0.8866	0.0000	0.0206
0.1993	0.6151	0.0000	0.1856
0.3230	0.6770	0.0000	0.0000
0.0000	1.0000	0.0000	0.0000
0.1924	0.0000	0.8076	0.0000
0.0000	1.0000	0.0000	0.0000
0.0000	1.0000	0.0000	0.0000
0.0000	1.0000	0.0000	0.0000
0.2921	0.3711	0.0962	0.2406
>M00565_2.00
0.0000	0.1250	0.0000	0.8750
0.4545	0.0000	0.5455	0.0000
0.0000	1.0000	0.0000	0.0000
1.0000	0.0000	0.0000	0.0000
0.0000	1.0000	0.0000	0.0000
1.0000	0.0000	0.0000	0.0000
0.0000	1.0000	0.0000	0.0000
0.7500	0.0000	0.1250	0.1250
>M04887_2.00
0.4568	0.1139	0.2442	0.1851
0.7603	0.0111	0.1421	0.0865
0.9266	0.0035	0.0240	0.0459
0.0000	1.0000	0.0000	0.0000
0.1152	0.7339	0.0320	0.1190
0.1058	0.0303	0.7553	0.1086
0.0000	0.0000	1.0000	0.0000
0.0440	0.0192	0.0015	0.9353
0.0856	0.1399	0.0166	0.7579
0.1737	0.2531	0.1072	0.4660
>M06680_2.00
0.2454	0.3255	0.1285	0.3005
0.2104	0.3406	0.1369	0.3122
0.1937	0.1720	0.2571	0.3773
0.1285	0.3422	0.0768	0.4524
0.1119	0.3556	0.0568	0.4758
0.2387	0.0033	0.7579	0.0000
0.0000	0.9499	0.0000	0.0501
0.0000	1.0000	0.0000	0.0000
0.0000	0.0000	1.0000	0.0000
0.9399	0.0167	0.0000	0.0434
0.0017	0.9983	0.0000	0.0000
0.8147	0.0033	0.1636	0.0184
0.3740	0.2604	0.1736	0.1920
0.3489	0.1987	0.1119	0.3406
0.3372	0.1469	0.2337	0.2821
>M08852_2.00
0.0846	0.0808	0.7308	0.1038
0.4192	0.0346	0.0269	0.5192
0.0269	0.0615	0.0269	0.8846
0.2769	0.1385	0.5577	0.0269
0.4731	0.3308	0.0231	0.1731
0.0077	0.0654	0.1231	0.8038
0.0154	0.0038	0.0115	0.9692
0.0038	0.4654	0.5231	0.0077
0.0038	0.9538	0.0000	0.0423
0.9077	0.0269	0.0385	0.0269
0.0115	0.0192	0.3538	0.6154
0.0115	0.3615	0.0077	0.6192
0.0192	0.8654	0.0077	0.1077
0.3038	0.2769	0.3423	0.0769
0.8846	0.0423	0.0346	0.0385
0.3038	0.1923	0.1731	0.3308
0.1808	0.0500	0.0423	0.7269
0.0538	0.5885	0.3346	0.0231
0.1538	0.8077	0.0154	0.0231
0.7615	0.2077	0.0038	0.0269
0.1885	0.0615	0.0192	0.7308
0.0154	0.1346	0.1731	0.6769
0.1808	0.6615	0.0192	0.1385
0.0269	0.3423	0.4769	0.1538
>M02862_2.00
0.2221	0.2118	0.4743	0.0917
0.9278	0.0267	0.0443	0.0011
0.0002	0.0005	0.0000	0.9993
0.0000	0.0002	0.9623	0.0374
0.9995	0.0002	0.0000	0.0002
0.0002	0.9884	0.0000	0.0114
0.0142	0.0005	0.9853	0.0000
0.0002	0.0007	0.0005	0.9986
0.0368	0.9630	0.0000	0.0002
0.9995	0.0002	0.0002	0.0000
0.0007	0.3993	0.0339	0.5662
0.2092	0.4606	0.1460	0.1842
>M09569_2.00
0.1960	0.2710	0.3360	0.1980
0.1580	0.3480	0.0780	0.4160
0.0930	0.0010	0.0010	0.9050
0.9690	0.0010	0.0010	0.0290
0.9970	0.0010	0.0010	0.0010
0.0410	0.0010	0.0890	0.8690
0.0070	0.9240	0.0010	0.0680
0.0100	0.7810	0.0070	0.2020
0.1590	0.4050	0.0820	0.3550
0.1240	0.2830	0.2360	0.3560
>M05794_2.00
0.4084	0.0966	0.2674	0.2277
0.8548	0.0128	0.0787	0.0536
0.0799	0.1800	0.6431	0.0970
0.0003	0.0014	0.9984	0.0000
0.0000	0.1611	0.0078	0.8311
0.0000	0.0000	1.0000	0.0000
0.0388	0.2214	0.0054	0.7344
0.0245	0.0820	0.6701	0.2233
0.9666	0.0012	0.0271	0.0050
0.5700	0.1415	0.0686	0.2200
>M00753_2.00
0.3588	0.2334	0.3448	0.0630
0.0046	0.9895	0.0008	0.0051
0.9581	0.0003	0.0398	0.0018
0.0098	0.7843	0.1127	0.0932
0.0080	0.8528	0.1341	0.0051
0.0154	0.0077	0.0066	0.9702
0.0026	0.0036	0.9816	0.0122
0.0887	0.3937	0.2510	0.2666
0.2677	0.2023	0.2624	0.2677
>M06208_2.00
0.4211	0.1053	0.0000	0.4737
0.0000	0.0000	1.0000	0.0000
1.0000	0.0000	0.0000	0.0000
0.0000	0.0000	0.0000	1.0000
1.0000	0.0000	0.0000	0.0000
1.0000	0.0000	0.0000	0.0000
0.0000	0.2105	0.7895	0.0000
>M06551_2.00
0.2105	0.0000	0.1053	0.6842
0.0526	0.4211	0.0526	0.4737
0.0000	0.0000	0.0000	1.0000
0.0000	0.7895	0.1053	0.1053
1.0000	0.0000	0.0000	0.0000
1.0000	0.0000	0.0000	0.0000
0.0000	0.0000	1.0000	0.0000
0.1053	0.0000	0.0000	0.8947
0.4737	0.0000	0.5263	0.0000
>M01007_2.00
0.3380	0.1730	0.2713	0.2177
0.2384	0.2291	0.2609	0.2716
0.1259	0.0625	0.7696	0.0419
0.9969	0.0001	0.0005	0.0024
0.0158	0.0001	0.9812	0.0029
0.1430	0.2554	0.2050	0.3966
0.3383	0.1748	0.1838	0.3031
>M08502_2.00
0.0113	0.0308	0.6815	0.2764
0.3728	0.6092	0.0067	0.0113
0.0113	0.0067	0.0067	0.9753
0.0113	0.0067	0.3561	0.6259
0.9753	0.0067	0.0067	0.0113
0.1198	0.6814	0.1513	0.0475
0.1198	0.0911	0.0067	0.7824
0.9753	0.0067	0.0067	0.0113
0.9271	0.0067	0.0067	0.0595
0.0836	0.0067	0.1513	0.7584
0.4330	0.1754	0.2477	0.1439
0.1800	0.1875	0.3682	0.2644
>M08260_2.00
0.0458	0.5188	0.0958	0.3396
0.0312	0.6000	0.1042	0.2646
0.0646	0.5250	0.0271	0.3833
0.0375	0.7333	0.0625	0.1667
0.0521	0.6042	0.0229	0.3208
0.0688	0.6271	0.0396	0.2646
0.0563	0.5250	0.0667	0.3521
0.0458	0.6813	0.0625	0.2104
0.0854	0.6375	0.0396	0.2375
0.1042	0.6458	0.0563	0.1938
0.0854	0.3854	0.1167	0.4125
0.1229	0.3458	0.1958	0.3354
0.0375	0.6042	0.1292	0.2292
0.0208	0.7646	0.0437	0.1708
0.0000	0.8771	0.0229	0.1000
0.0292	0.8500	0.0042	0.1167
0.0604	0.0000	0.0250	0.9146
0.0000	0.9146	0.0312	0.0542
0.0208	0.9125	0.0042	0.0625
0.0500	0.8333	0.0146	0.1021
0.0479	0.6521	0.0771	0.2229
>M02491_2.00
0.0011	0.2223	0.0011	0.7754
0.0719	0.9266	0.0007	0.0007
0.0719	0.0007	0.0007	0.9266
0.0007	0.0007	0.0007	0.9979
0.0007	0.0007	0.0007	0.9979
0.0007	0.0007	0.9979	0.0007
0.0007	0.0007	0.0007	0.9979
0.0011	0.3330	0.0011	0.6648
>M08309_2.00
0.4078	0.1838	0.2811	0.1273
0.5775	0.1273	0.1770	0.1182
0.4553	0.1386	0.2947	0.1114
0.6906	0.1137	0.1612	0.0345
0.5503	0.1770	0.2359	0.0368
0.1137	0.5933	0.2359	0.0571
0.1046	0.6589	0.1748	0.0617
0.2743	0.2856	0.2607	0.1793
0.1951	0.4847	0.1838	0.1363
0.1861	0.6182	0.0594	0.1363
0.0662	0.6159	0.0571	0.2607
0.2313	0.0368	0.1182	0.6137
0.0368	0.0028	0.9395	0.0209
0.0006	0.9983	0.0006	0.0006
0.4825	0.0390	0.0277	0.4508
0.0345	0.0141	0.9327	0.0187
0.9576	0.0006	0.0368	0.0051
0.1114	0.0028	0.8784	0.0074
0.0006	0.9870	0.0051	0.0074
0.2087	0.6883	0.0006	0.1024
0.0843	0.7449	0.0503	0.1205
0.4327	0.1024	0.0390	0.4259
0.1295	0.0639	0.5436	0.2630
0.0571	0.6137	0.0933	0.2359
0.1295	0.7426	0.0436	0.0843
0.2494	0.4055	0.0775	0.2675
0.2788	0.2494	0.1793	0.2924
>M09227_2.00
0.1100	0.4600	0.2240	0.2060
0.1560	0.1040	0.1260	0.6140
0.1340	0.5820	0.1080	0.1760
0.8720	0.0480	0.0440	0.0360
0.0080	0.0060	0.0260	0.9600
0.0400	0.0380	0.7600	0.1620
0.4820	0.4020	0.0720	0.0440
0.8460	0.0540	0.0540	0.0460
0.2820	0.0880	0.0520	0.5780
0.9380	0.0220	0.0120	0.0280
0.2680	0.0200	0.0400	0.6720
0.0860	0.0260	0.3340	0.5540
0.1100	0.4680	0.1440	0.2780
0.6360	0.2340	0.0600	0.0700
0.4580	0.0400	0.1380	0.3640
0.2660	0.1080	0.3780	0.2480
>M03954_2.00
0.1735	0.2275	0.1613	0.4377
0.0211	0.0133	0.8933	0.0722
0.0015	0.0000	0.9939	0.0046
0.0010	0.0005	0.9944	0.0041
0.4384	0.0666	0.2261	0.2690
0.4490	0.0153	0.0455	0.4902
0.0000	0.0106	0.0061	0.9833
0.1130	0.0498	0.0021	0.8350
0.1576	0.2638	0.0425	0.5361
0.0036	0.9944	0.0000	0.0020
0.0031	0.9969	0.0000	0.0000
0.0836	0.8737	0.0225	0.0202
0.4247	0.1742	0.2610	0.1401
>M02811_2.00
0.6812	0.0668	0.2489	0.0031
0.0858	0.0290	0.0036	0.8817
0.0018	0.9940	0.0040	0.0003
0.9780	0.0005	0.0185	0.0030
0.0007	0.9763	0.0202	0.0027
0.0049	0.0790	0.9162	0.0000
0.0104	0.0566	0.0000	0.9330
0.0008	0.0033	0.9940	0.0020
0.9590	0.0019	0.0095	0.0296
0.0049	0.5180	0.0255	0.4516
>M04864_2.00
0.4740	0.3168	0.0005	0.2088
0.0112	0.0135	0.9678	0.0075
0.9660	0.0079	0.0140	0.0121
0.0019	0.0146	0.0042	0.9792
0.9393	0.0217	0.0131	0.0258
0.9701	0.0290	0.0000	0.0009
0.0000	0.3481	0.6519	0.0000
0.9313	0.0350	0.0310	0.0027
0.0532	0.0409	0.0569	0.8490
0.0664	0.8715	0.0529	0.0092
0.2700	0.0154	0.1654	0.5492
>M06618_2.00
0.2460	0.3333	0.1283	0.2923
0.2799	0.1212	0.2941	0.3048
0.1266	0.4777	0.1444	0.2513
0.0838	0.7914	0.0357	0.0891
0.8253	0.0285	0.0980	0.0481
0.0000	0.9893	0.0000	0.0107
0.0000	1.0000	0.0000	0.0000
0.0036	0.0000	0.9964	0.0000
0.9911	0.0089	0.0000	0.0000
0.0446	0.8538	0.0570	0.0446
0.7754	0.0588	0.0980	0.0677
0.3512	0.3030	0.1390	0.2068
0.3226	0.2032	0.1141	0.3601
0.3529	0.1658	0.1907	0.2906
>M00335_2.00
0.0470	0.5176	0.1513	0.2841
0.4864	0.0652	0.3982	0.0502
0.2079	0.3133	0.3462	0.1326
0.1623	0.2841	0.3367	0.2169
0.1993	0.2559	0.2914	0.2534
0.1982	0.1923	0.3367	0.2729
0.1998	0.2565	0.3294	0.2143
0.2317	0.2560	0.2638	0.2485
>M04069_2.00
0.6941	0.0995	0.1624	0.0440
0.3678	0.0564	0.0267	0.5491
0.0017	0.9982	0.0000	7.0882
0.9948	0.0011	0.0015	0.0026
0.0036	0.0179	0.9534	0.0250
0.0268	0.9565	0.0148	0.0019
0.0011	0.0030	0.0001	0.9958
0.0000	0.0000	0.9996	0.0004
0.5563	0.0313	0.0582	0.3542
0.0447	0.1564	0.1041	0.6948
>M09447_2.00
0.2880	0.3360	0.3120	0.0640
0.7220	0.0180	0.2380	0.0220
0.7520	0.0360	0.1660	0.0460
0.3020	0.0940	0.5860	0.0180
0.8780	0.0520	0.0620	0.0080
0.3140	0.0440	0.1000	0.5420
0.1440	0.0160	0.8200	0.0200
0.0480	0.0120	0.9240	0.0160
0.2900	0.6680	0.0240	0.0180
0.2160	0.0360	0.6720	0.0760
0.1560	0.0840	0.7300	0.0300
0.2740	0.5200	0.1020	0.1040
0.1500	0.1800	0.5080	0.1620
0.1360	0.2200	0.5400	0.1040
>M00761_2.00
0.3505	0.1963	0.3078	0.1454
0.1000	0.0980	0.0990	0.7029
0.1015	0.0660	0.3686	0.4639
0.3470	0.0647	0.2927	0.2957
0.1271	0.4135	0.1209	0.3386
0.1140	0.0619	0.7396	0.0844
0.1938	0.4815	0.0019	0.3228
0.8841	0.0763	0.0357	0.0039
0.8857	0.0208	0.0333	0.0601
0.1075	0.2893	0.2165	0.3867
>M01140_2.00
0.2818	0.1732	0.2862	0.2587
0.2178	0.1323	0.1323	0.5175
0.7137	0.0001	0.2861	0.0001
0.6620	0.0001	0.0001	0.3378
0.4014	0.0001	0.0001	0.5983
0.0001	0.1132	0.0001	0.8866
0.9142	0.0001	0.0001	0.0856
0.4571	0.1132	0.0001	0.4296
0.3342	0.0769	0.0769	0.5120
0.1178	0.2076	0.1178	0.5568
>M06876_2.00
0.2077	0.0091	0.2459	0.5373
0.1038	0.0018	0.0127	0.8816
0.0474	0.0036	0.0018	0.9472
0.0364	0.0000	0.0073	0.9563
0.0146	0.0018	0.0055	0.9781
0.0055	0.0036	0.9891	0.0018
0.0000	0.0000	1.0000	0.0000
0.0018	0.9982	0.0000	0.0000
0.0018	0.0000	0.9964	0.0018
0.0018	0.0146	0.9836	0.0000
0.0000	0.0109	0.9872	0.0018
0.9927	0.0000	0.0073	0.0000
1.0000	0.0000	0.0000	0.0000
0.9581	0.0127	0.0109	0.0182
0.7741	0.0510	0.0219	0.1530
>M02940_2.00
0.9687	0.0030	0.0152	0.0131
0.0025	0.0079	0.0040	0.9856
0.0053	0.9877	0.0043	0.0027
0.4867	0.0066	0.5018	0.0049
0.9858	0.0034	0.0042	0.0066
0.0196	0.0033	0.0029	0.9743
0.7616	0.0611	0.0699	0.1073
0.4956	0.1952	0.0883	0.2210
0.3868	0.1877	0.1669	0.2587
0.3391	0.1973	0.1717	0.2919
0.3499	0.0864	0.1846	0.3791
0.1889	0.0609	0.0724	0.6777
0.9789	0.0031	0.0042	0.0138
0.0048	0.0086	0.0035	0.9830
0.0090	0.8807	0.0075	0.1028
0.0230	0.0019	0.9721	0.0029
0.9868	0.0028	0.0070	0.0033
0.0423	0.0159	0.0036	0.9382
>M08225_2.00
0.0000	0.7069	0.0000	0.2931
1.0000	0.0000	0.0000	0.0000
0.0000	0.0000	1.0000	0.0000
0.1724	0.1552	0.5345	0.1379
0.0000	0.0000	1.0000	0.0000
0.0000	0.3793	0.0000	0.6207
0.0000	0.0000	0.0000	1.0000
0.0000	0.0000	1.0000	0.0000
0.0000	0.6034	0.0000	0.3966
0.1897	0.8103	0.0000	0.0000
>M00869_2.00
0.2196	0.2048	0.3922	0.1834
0.3807	0.1909	0.2153	0.2131
0.4026	0.1703	0.2039	0.2231
0.2131	0.2551	0.2964	0.2355
0.1835	0.3771	0.2631	0.1763
0.1208	0.0304	0.1030	0.7458
0.0359	0.0006	0.0008	0.9628
0.0002	0.9979	0.0001	0.0018
0.0434	0.3614	0.2872	0.3080
>M03227_2.00
0.2206	0.1614	0.2406	0.3774
0.1297	0.2351	0.1727	0.4626
0.0740	0.0144	0.0277	0.8839
0.8422	0.0115	0.0718	0.0744
0.9042	0.0000	0.0327	0.0631
0.0629	0.0565	0.0405	0.8401
0.1262	0.0440	0.2908	0.5390
0.4812	0.0465	0.3697	0.1026
0.1930	0.2351	0.4097	0.1623
0.2231	0.2191	0.2596	0.2982
>M02110_2.00
0.0692	0.0003	0.0692	0.8612
0.0273	0.0003	0.0003	0.9722
0.0003	0.0791	0.9203	0.0003
0.9992	0.0003	0.0003	0.0003
0.0003	0.3157	0.0003	0.6838
0.1144	0.0003	0.8564	0.0288
0.3332	0.0336	0.2334	0.3998
0.2381	0.1906	0.5233	0.0480
>M00579_2.00
0.0526	0.0421	0.0842	0.8211
0.0259	0.1638	0.0086	0.8017
0.7239	0.0448	0.1269	0.1045
0.0000	0.9660	0.0000	0.0340
1.0000	0.0000	0.0000	0.0000
0.0000	1.0000	0.0000	0.0000
0.6774	0.1210	0.0968	0.1048
0.0968	0.7204	0.0430	0.1398
>M01700_2.00
0.2065	0.2573	0.3438	0.1925
0.0202	0.9287	0.0375	0.0137
0.9347	0.0033	0.0401	0.0220
0.0060	0.8329	0.0011	0.1600
0.1882	0.0403	0.7554	0.0161
0.0716	0.1371	0.1057	0.6857
0.1452	0.1275	0.5274	0.1999
0.2227	0.2562	0.3006	0.2205
0.2104	0.2869	0.2702	0.2325
>M09028_2.00
0.2740	0.0660	0.3360	0.3240
0.0600	0.0420	0.8320	0.0660
0.4080	0.3380	0.0540	0.2000
0.3040	0.1260	0.0800	0.4900
0.8860	0.0260	0.0420	0.0460
0.0640	0.8480	0.0500	0.0380
0.8140	0.0360	0.0220	0.1280
0.7360	0.2600	0.0040	0.0000
0.2700	0.0260	0.0420	0.6620
0.0140	0.0260	0.9500	0.0100
0.0440	0.0320	0.0640	0.8600
0.5840	0.0280	0.1220	0.2660
0.2240	0.0420	0.4340	0.3000
0.0740	0.8660	0.0240	0.0360
0.4100	0.2960	0.0960	0.1980
0.4000	0.2380	0.2420	0.1200
>M01839_2.00
0.2672	0.2703	0.1934	0.2691
0.4969	0.2058	0.1999	0.0974
0.8299	0.0567	0.0567	0.0567
0.2770	0.2309	0.2623	0.2298
>M07870_2.00
0.0559	0.2940	0.5839	0.0663
0.0290	0.5859	0.0228	0.3623
0.0642	0.0186	0.7888	0.1284
0.0663	0.8530	0.0248	0.0559
0.0000	0.9938	0.0062	0.0000
0.3644	0.5921	0.0207	0.0228
0.0041	0.5590	0.0041	0.4327
0.0000	0.9959	0.0000	0.0041
0.0207	0.0559	0.0290	0.8944
0.3126	0.0766	0.5176	0.0932
0.0021	0.3271	0.6439	0.0269
0.0870	0.1470	0.0186	0.7474
0.0000	0.0000	1.0000	0.0000
0.0414	0.0269	0.8613	0.0704
0.1284	0.5859	0.0787	0.2070
>M01080_2.00
0.1682	0.3742	0.1804	0.2772
0.1650	0.3979	0.2273	0.2098
0.1114	0.1837	0.0170	0.6878
0.0626	0.0344	0.0679	0.8351
0.9716	0.0065	0.0102	0.0117
0.0092	0.0313	0.0212	0.9383
0.0164	0.9679	0.0068	0.0090
0.0749	0.5588	0.0803	0.2860
0.2791	0.1643	0.2088	0.3478
>M06960_2.00
0.0250	0.7450	0.2150	0.0150
0.0183	0.9767	0.0050	0.0000
0.1133	0.0783	0.6267	0.1817
0.0750	0.1167	0.6300	0.1783
0.7233	0.0050	0.2150	0.0567
0.7917	0.0000	0.1317	0.0767
0.9033	0.0083	0.0433	0.0450
0.6667	0.0283	0.0183	0.2867
0.1433	0.2317	0.0717	0.5533
0.1750	0.6583	0.1150	0.0517
0.1783	0.6267	0.0433	0.1517
0.0000	0.0000	0.9917	0.0083
0.0117	0.2333	0.7167	0.0383
0.4617	0.2050	0.1550	0.1783
0.3483	0.0667	0.3767	0.2083
>M06655_2.00
0.1756	0.3546	0.1566	0.3133
0.2065	0.3873	0.1497	0.2565
0.3167	0.1859	0.2220	0.2754
0.1721	0.4441	0.1274	0.2565
0.2341	0.4647	0.0826	0.2186
0.2978	0.1153	0.2220	0.3649
0.1738	0.4596	0.1170	0.2496
0.2186	0.7108	0.0430	0.0275
0.8657	0.0000	0.1343	0.0000
0.0000	0.9983	0.0000	0.0017
0.0000	1.0000	0.0000	0.0000
0.0000	0.0000	0.9966	0.0034
0.5800	0.3890	0.0000	0.0310
0.0000	1.0000	0.0000	0.0000
0.5301	0.0602	0.0327	0.3769
0.0861	0.2788	0.0155	0.6196
0.3701	0.2513	0.0929	0.2857
0.4355	0.1308	0.2565	0.1773
0.2478	0.3511	0.1343	0.2668
0.2031	0.4182	0.1411	0.2375
0.3150	0.1756	0.2238	0.2857
>M01761_2.00
0.3881	0.1128	0.2603	0.2387
0.2491	0.1723	0.1289	0.4497
0.1992	0.4103	0.1625	0.2280
0.4797	0.0348	0.2860	0.1995
0.1299	0.4298	0.1413	0.2989
0.2989	0.1413	0.4298	0.1299
0.1995	0.2860	0.0348	0.4797
0.2280	0.1625	0.4103	0.1992
0.4497	0.1289	0.1723	0.2491
0.2387	0.2603	0.1128	0.3881
>M01029_2.00
0.8742	0.0003	0.0627	0.0627
0.0752	0.0002	0.9243	0.0002
0.0002	0.0002	0.9993	0.0002
0.0002	0.0002	0.0002	0.9993
0.0002	0.0002	0.9993	0.0002
0.0002	0.0224	0.0002	0.9771
0.0003	0.3142	0.4854	0.2001
0.8790	0.0004	0.0803	0.0403
>M03041_2.00
0.2161	0.0876	0.1272	0.5691
0.1746	0.0582	0.0642	0.7030
0.0323	0.0646	0.0905	0.8126
0.0803	0.8560	0.0332	0.0305
0.0625	0.8835	0.0199	0.0341
0.0123	0.9599	0.0185	0.0093
0.0000	0.9176	0.0382	0.0441
0.9501	0.0274	0.0224	0.0000
0.0000	0.9453	0.0091	0.0456
0.8719	0.0297	0.0641	0.0343
0.1560	0.6879	0.0567	0.0993
0.1700	0.1322	0.6222	0.0756
>M07853_2.00
0.0026	0.9872	0.0026	0.0077
0.0179	0.0000	0.0000	0.9821
0.0204	0.0842	0.8929	0.0026
0.0306	0.0077	0.0587	0.9031
0.0000	0.9847	0.0000	0.0153
0.0000	0.9821	0.0000	0.0179
0.4337	0.0714	0.3827	0.1122
0.1429	0.1837	0.0944	0.5791
0.0255	0.0026	0.9668	0.0051
0.0000	0.0000	1.0000	0.0000
0.0026	0.0000	0.0000	0.9974
0.0536	0.1276	0.7474	0.0714
0.0000	0.9821	0.0102	0.0077
0.0000	0.0255	0.0000	0.9745
0.0408	0.0077	0.9439	0.0077
>M01835_2.00
0.2280	0.2280	0.3161	0.2280
0.5756	0.1080	0.2084	0.1080
0.8336	0.0555	0.0555	0.0555
0.0002	0.0002	0.0890	0.9106
0.1883	0.0890	0.7225	0.0002
0.9065	0.0002	0.0002	0.0931
0.1831	0.5396	0.0890	0.1883
0.2771	0.0002	0.5396	0.1831
0.3940	0.0222	0.0222	0.5616
0.2370	0.3633	0.2576	0.1422
0.4158	0.1947	0.1947	0.1947
>M08610_2.00
0.1542	0.2338	0.2496	0.3624
0.3123	0.1948	0.2622	0.2307
0.1446	0.1971	0.3172	0.3411
0.3375	0.1898	0.3143	0.1583
0.2603	0.1406	0.1618	0.4372
0.1288	0.5632	0.1640	0.1439
0.5803	0.0128	0.3992	0.0077
0.5080	0.0081	0.4824	0.0016
0.0114	0.0075	0.9808	0.0003
0.9484	0.0017	0.0004	0.0494
0.9845	0.0008	0.0010	0.0137
0.0015	0.0347	0.0007	0.9631
0.0009	0.0025	0.9170	0.0796
0.0107	0.2255	0.0099	0.7539
0.2078	0.0734	0.2186	0.5001
0.2107	0.1984	0.4308	0.1601
0.2644	0.1876	0.3536	0.1943
0.2149	0.1665	0.2030	0.4156
0.2282	0.1384	0.2639	0.3695
0.2769	0.1304	0.3024	0.2903
>M06543_2.00
0.1579	0.2105	0.0000	0.6316
0.0000	0.0526	0.0000	0.9474
0.3684	0.0000	0.6316	0.0000
0.0000	0.0000	0.9474	0.0526
0.0000	0.0000	0.1053	0.8947
0.5263	0.0000	0.4737	0.0000
0.0000	0.0000	1.0000	0.0000
>M02066_2.00
0.3692	0.1331	0.2426	0.2550
0.0249	0.0463	0.0607	0.8680
0.9129	0.0432	0.0415	0.0023
0.9827	0.0019	0.0139	0.0015
0.0678	0.0097	0.0007	0.9218
0.2824	0.1431	0.0280	0.5464
0.3520	0.1244	0.1535	0.3701
0.3734	0.2265	0.2220	0.1781
>M10830_2.00
0.5714	0.1429	0.2857	0.0000
0.5714	0.0000	0.2857	0.1429
0.1429	0.1429	0.0000	0.7143
1.0000	0.0000	0.0000	0.0000
0.0000	0.0000	0.0000	1.0000
0.0000	0.0000	1.0000	0.0000
0.1429	0.7143	0.1429	0.0000
0.7143	0.0000	0.0000	0.2857
1.0000	0.0000	0.0000	0.0000
1.0000	0.0000	0.0000	0.0000
0.0000	0.0000	0.1429	0.8571
0.0000	0.2857	0.2857	0.4286
0.5714	0.4286	0.0000	0.0000
0.0000	0.1429	0.4286	0.4286
>M00252_2.00
0.2895	0.2102	0.2277	0.2726
0.4208	0.1487	0.2356	0.1948
0.2056	0.1523	0.2364	0.4057
0.1604	0.0889	0.6441	0.1065
0.1965	0.5558	0.1441	0.1036
0.1373	0.1230	0.0177	0.7220
0.9153	0.0033	0.0609	0.0205
0.4144	0.3639	0.0692	0.1525
0.2571	0.3108	0.1672	0.2649
0.2361	0.2291	0.2032	0.3317
>M02183_2.00
0.0915	0.0009	0.9067	0.0009
0.0008	0.3075	0.0008	0.6910
0.9210	0.0775	0.0008	0.0008
0.9977	0.0008	0.0008	0.0008
0.0008	0.0008	0.0008	0.9977
0.5376	0.0008	0.0008	0.4609
0.9975	0.0008	0.0008	0.0008
0.8861	0.1117	0.0011	0.0011
>M03895_2.00
0.1881	0.1937	0.2886	0.3296
0.6834	0.0811	0.1853	0.0502
0.9888	0.0000	0.0000	0.0112
0.0000	0.1834	0.0437	0.7729
0.0000	0.8009	0.1900	0.0090
0.3886	0.1611	0.4502	0.0000
0.8676	0.0049	0.1275	0.0000
0.0000	0.0311	0.0518	0.9171
0.0453	0.2453	0.0415	0.6679
0.2945	0.2879	0.1997	0.2180
>M09602_2.00
0.0490	0.8880	0.0280	0.0350
0.0010	0.8370	0.0010	0.1610
0.0400	0.8440	0.0140	0.1020
0.0820	0.0350	0.8820	0.0010
0.0210	0.3230	0.1790	0.4770
0.4030	0.0280	0.5230	0.0460
0.7790	0.0290	0.1370	0.0550
0.3900	0.0210	0.4870	0.1020
0.3240	0.0570	0.4460	0.1720
0.0210	0.1390	0.0070	0.8330
0.0140	0.0010	0.9780	0.0070
0.0070	0.0060	0.0010	0.9860
0.0210	0.9650	0.0070	0.0070
0.0210	0.0610	0.8760	0.0420
0.0070	0.0140	0.9580	0.0210
>M02300_2.00
0.2956	0.1847	0.2985	0.2212
0.1553	0.3781	0.2484	0.2182
0.2702	0.1178	0.5281	0.0839
0.3009	0.2207	0.1977	0.2806
0.6282	0.0457	0.1231	0.2029
0.8733	0.0173	0.0056	0.1038
0.1075	0.0399	0.0007	0.8518
0.1377	0.7097	0.0748	0.0779
0.1528	0.2785	0.1276	0.4411
0.3369	0.2170	0.2398	0.2064
>M06345_2.00
0.0000	0.0000	0.0000	1.0000
0.0435	0.0000	0.9565	0.0000
0.0000	0.0000	0.0000	1.0000
0.0000	1.0000	0.0000	0.0000
1.0000	0.0000	0.0000	0.0000
0.5217	0.0435	0.1739	0.2609
0.6522	0.0435	0.1304	0.1739
>M05759_2.00
0.7582	0.1358	0.0060	0.1000
0.9961	0.0000	0.0000	0.0039
0.0000	1.0000	0.0000	0.0000
0.9980	0.0000	0.0000	0.0020
1.0000	0.0000	0.0000	0.0000
0.0231	0.0000	0.0000	0.9769
0.2593	0.0020	0.7289	0.0098
0.1280	0.2303	0.5079	0.1339
0.1749	0.3202	0.3124	0.1925
0.1262	0.5089	0.2387	0.1262
0.0039	0.7106	0.0000	0.2854
0.9788	0.0000	0.0000	0.0212
0.0000	0.0000	0.0000	1.0000
0.0000	0.0000	0.0000	1.0000
0.0020	0.0000	0.9980	0.0000
0.0059	0.0000	0.0000	0.9941
0.1053	0.0073	0.1447	0.7427
>M02425_2.00
0.1604	0.5015	0.0573	0.2808
0.4889	0.1677	0.2428	0.1007
0.2311	0.2478	0.3057	0.2154
0.0160	0.3178	0.0635	0.6027
0.0846	0.4585	0.4066	0.0503
0.6227	0.0086	0.2583	0.1104
0.3948	0.1621	0.1263	0.3168
0.0855	0.3366	0.5227	0.0551
0.0649	0.7516	0.0363	0.1473
0.3064	0.0560	0.5752	0.0625
>M05814_2.00
0.2978	0.1593	0.3480	0.1949
0.8226	0.0462	0.0647	0.0665
0.1413	0.0238	0.7820	0.0529
0.0002	0.0060	0.9931	0.0007
0.0006	0.0174	0.0091	0.9729
0.0003	0.0003	0.9985	0.0009
0.0288	0.0831	0.0105	0.8775
0.0074	0.1317	0.7219	0.1390
0.9930	0.0005	0.0055	0.0011
0.7613	0.0608	0.0152	0.1627
0.4287	0.0692	0.0669	0.4351
0.1670	0.0147	0.0608	0.7575
0.0013	0.0055	0.0002	0.9930
0.1485	0.7127	0.1294	0.0094
0.8804	0.0105	0.0828	0.0263
0.0010	0.9986	0.0004	0.0000
0.9726	0.0092	0.0177	0.0005
0.0005	0.9935	0.0059	7.5947
0.0564	0.7810	0.0236	0.1390
0.0649	0.0664	0.0439	0.8249
0.1914	0.3506	0.1548	0.3032
>M06653_2.00
0.1383	0.6500	0.0700	0.1417
0.1283	0.0650	0.5200	0.2867
0.0383	0.6483	0.2767	0.0367
0.0550	0.9417	0.0017	0.0017
0.0000	0.0000	0.9983	0.0017
0.0000	1.0000	0.0000	0.0000
0.0033	0.9967	0.0000	0.0000
0.0067	0.0000	0.9917	0.0017
0.0583	0.5250	0.0517	0.3650
0.4233	0.3933	0.0083	0.1750
0.6767	0.0083	0.0700	0.2450
0.1783	0.1683	0.0100	0.6433
0.2367	0.2200	0.0817	0.4617
0.2317	0.1667	0.1817	0.4200
0.1383	0.3883	0.1650	0.3083
>M04048_2.00
0.2027	0.3059	0.1673	0.3240
0.1280	0.3887	0.3919	0.0913
0.0030	0.9658	0.0226	0.0086
0.0408	0.6387	0.0452	0.2753
0.1518	0.4682	0.0509	0.3290
0.2373	0.2660	0.3017	0.1949
0.3805	0.3659	0.0862	0.1674
0.3185	0.0583	0.5944	0.0288
0.0052	0.0454	0.9307	0.0187
0.0892	0.4509	0.3137	0.1462
0.3279	0.2083	0.2810	0.1829
>M04538_2.00
0.1928	0.3728	0.2135	0.2209
0.3321	0.0485	0.5889	0.0305
0.1858	0.7479	0.0247	0.0416
0.0126	0.9657	0.0146	0.0071
0.8022	0.1366	0.0561	0.0051
0.0000	1.0000	0.0000	0.0000
0.2858	0.0000	0.6957	0.0186
0.0000	1.0000	0.0000	0.0000
0.0013	0.9979	0.0003	0.0006
0.0002	0.9144	0.0014	0.0840
0.3389	0.5950	0.0046	0.0615
0.0529	0.7680	0.0165	0.1627
0.1846	0.4425	0.0907	0.2822
>M08465_2.00
0.1717	0.4857	0.0673	0.2752
0.0000	0.0000	0.9464	0.0536
0.0000	0.0238	0.9737	0.0025
0.0000	1.0000	0.0000	0.0000
0.0000	0.0000	1.0000	0.0000
0.0000	0.9978	0.0000	0.0022
0.0000	0.0111	0.0000	0.9889
1.0000	0.0000	0.0000	0.0000
0.0000	0.5069	0.0792	0.4138
0.0000	1.0000	0.0000	0.0000
0.8751	0.0972	0.0276	0.0000
>M04332_2.00
0.2181	0.2768	0.2221	0.2830
0.4575	0.1582	0.3627	0.0217
0.0000	0.0000	0.0000	1.0000
0.0000	0.0000	0.0879	0.9121
0.5098	0.0000	0.4037	0.0865
0.0000	0.9283	0.0000	0.0717
0.0488	0.0000	0.9512	0.0000
0.0895	0.8330	0.0000	0.0775
1.0000	0.0000	0.0000	0.0000
1.0000	0.0000	0.0000	0.0000
0.0036	0.3846	0.1405	0.4713
0.3183	0.2365	0.2528	0.1924
>M09438_2.00
0.0980	0.3400	0.3360	0.2260
0.0400	0.6100	0.3080	0.0420
0.1040	0.6360	0.1060	0.1540
0.3140	0.0640	0.0480	0.5740
0.0440	0.0020	0.9480	0.0060
0.0000	0.0140	0.9860	0.0000
0.8940	0.0220	0.0020	0.0820
0.9940	0.0020	0.0040	0.0000
0.0000	0.0060	0.0060	0.9880
0.0160	0.0300	0.7380	0.2160
0.0360	0.3580	0.0000	0.6060
>M00921_2.00
0.2271	0.3187	0.2271	0.2271
0.2990	0.2947	0.2031	0.2031
0.2178	0.3359	0.2143	0.2321
0.0481	0.0481	0.2571	0.6466
0.0249	0.9252	0.0249	0.0249
0.0002	0.8917	0.1079	0.0002
0.0002	0.0002	0.9995	0.0002
0.0002	0.2063	0.7934	0.0002
0.6073	0.2482	0.1214	0.0231
0.2494	0.0470	0.3705	0.3331
0.5185	0.2265	0.1275	0.1275
0.2949	0.3010	0.2020	0.2020
0.2252	0.2252	0.3243	0.2252
>M03575_2.00
0.2933	0.2479	0.0674	0.3914
0.1596	0.0094	0.8106	0.0205
0.0321	0.0461	0.8850	0.0369
0.6018	0.0854	0.0039	0.3089
0.9901	0.0035	0.0025	0.0040
0.0017	0.0403	0.0031	0.9549
0.0016	0.0721	0.7344	0.1919
0.1663	0.4183	0.0235	0.3918
0.2736	0.1819	0.2915	0.2530
0.4001	0.1948	0.0633	0.3418
0.2489	0.0160	0.7184	0.0168
0.0254	0.0428	0.9127	0.0191
0.7702	0.0621	0.0035	0.1642
0.9903	0.0040	0.0025	0.0032
0.0018	0.0297	0.0028	0.9656
0.0032	0.0319	0.8165	0.1484
0.0402	0.4447	0.0199	0.4952
>M10746_2.00
0.1875	0.0625	0.7500	0.0000
0.1250	0.8125	0.0000	0.0625
0.8750	0.0000	0.0000	0.1250
0.1250	0.0000	0.0000	0.8750
0.8125	0.0625	0.0000	0.1250
0.8125	0.0625	0.1250	0.0000
0.4375	0.0000	0.0000	0.5625
0.0000	0.0000	0.0000	1.0000
0.1875	0.0000	0.0000	0.8125
1.0000	0.0000	0.0000	0.0000
0.0000	0.0000	0.0625	0.9375
>M01533_2.00
0.2786	0.1827	0.1915	0.3471
0.3446	0.1867	0.2094	0.2594
0.0801	0.8371	0.0198	0.0630
0.0087	0.7998	0.0160	0.1755
0.0009	0.9793	0.0138	0.0060
0.0025	0.9909	0.0062	0.0004
0.3838	0.0293	0.5375	0.0494
0.0445	0.6870	0.1654	0.1031
0.4689	0.1599	0.2010	0.1702
0.2575	0.2740	0.1709	0.2977
>M09382_2.00
0.2515	0.0798	0.4847	0.1840
0.0961	0.1513	0.6953	0.0573
0.2311	0.0757	0.1411	0.5521
0.0225	0.0695	0.7996	0.1084
0.2802	0.3252	0.2025	0.1922
0.0838	0.5644	0.1963	0.1554
0.9775	0.0061	0.0164	0.0000
0.0961	0.0184	0.8773	0.0082
0.5542	0.2004	0.1697	0.0757
0.0470	0.8548	0.0695	0.0286
0.6155	0.0757	0.0818	0.2270
0.1636	0.1922	0.4438	0.2004
>M05092_2.00
0.1574	0.3691	0.3039	0.1696
0.0000	0.0098	0.0000	0.9902
0.9872	0.0000	0.0128	0.0000
1.0000	0.0000	0.0000	0.0000
0.2595	0.0440	0.2136	0.4830
0.0857	0.2753	0.1892	0.4498
0.1801	0.0000	0.8199	0.0000
0.1802	0.4010	0.2535	0.1653
>M07865_2.00
0.2698	0.4138	0.2049	0.1116
0.0183	0.3448	0.2333	0.4037
0.4037	0.0669	0.4483	0.0811
0.0162	0.3631	0.5680	0.0527
0.0142	0.5821	0.0041	0.3996
0.0609	0.0122	0.8458	0.0811
0.0527	0.8174	0.0365	0.0933
0.0000	0.9959	0.0000	0.0041
0.3448	0.5984	0.0264	0.0304
0.0101	0.5740	0.0041	0.4118
0.0000	0.9959	0.0020	0.0020
0.0345	0.0406	0.0142	0.9108
0.2982	0.0669	0.5233	0.1116
0.0243	0.3347	0.6065	0.0345
0.0771	0.1684	0.0304	0.7241
0.0061	0.0000	0.9919	0.0020
>M09306_2.00
0.3968	0.0762	0.3848	0.1423
0.2405	0.1102	0.4489	0.2004
0.2024	0.1563	0.5331	0.1082
0.3106	0.1363	0.3808	0.1723
0.1303	0.2064	0.2244	0.4389
0.1784	0.4228	0.2345	0.1643
0.4188	0.1924	0.2485	0.1403
0.3086	0.1423	0.3587	0.1904
0.3948	0.0882	0.4950	0.0220
0.8216	0.0220	0.1463	0.0100
0.0561	0.0080	0.9058	0.0301
0.0180	0.0481	0.3908	0.5431
0.0301	0.0581	0.0541	0.8577
0.0100	0.9118	0.0681	0.0100
0.9098	0.0240	0.0381	0.0281
0.7735	0.0501	0.1263	0.0501
0.1062	0.0220	0.8357	0.0361
0.0601	0.0281	0.8577	0.0541
0.0802	0.2645	0.1303	0.5251
0.0341	0.7415	0.1022	0.1222
0.7014	0.0581	0.1283	0.1122
>M06269_2.00
0.3164	0.1921	0.1789	0.3126
0.2957	0.1733	0.2203	0.3107
0.3220	0.1638	0.2844	0.2298
0.0038	0.1092	0.0075	0.8795
0.0226	0.0000	0.9774	0.0000
1.0000	0.0000	0.0000	0.0000
0.0000	0.0151	0.0264	0.9586
1.0000	0.0000	0.0000	0.0000
>M03156_2.00
0.1195	0.4041	0.1705	0.3059
0.0000	0.0000	0.0000	1.0000
1.0000	0.0000	0.0000	0.0000
1.0000	0.0000	0.0000	0.0000
0.0000	0.0000	0.0063	0.9937
0.0106	0.0250	0.3099	0.6545
0.6280	0.0000	0.3327	0.0393
0.1401	0.3424	0.3094	0.2080
>M04861_2.00
0.0674	0.0628	0.8178	0.0521
0.9336	0.0210	0.0245	0.0210
0.0036	0.0427	0.0036	0.9502
0.9656	0.0163	0.0127	0.0054
0.9128	0.0598	0.0256	0.0017
0.0431	0.1330	0.2715	0.5524
0.2753	0.0993	0.4625	0.1629
0.2566	0.2453	0.2509	0.2472
0.1873	0.4869	0.1030	0.2228
0.5562	0.2528	0.1442	0.0468
0.0152	0.0118	0.0709	0.9020
0.0142	0.0160	0.0196	0.9502
0.9352	0.0105	0.0508	0.0035
0.0280	0.0210	0.0175	0.9336
0.0514	0.8318	0.0514	0.0654
>M06041_2.00
0.1650	0.1262	0.0680	0.6408
0.0000	0.0000	0.0291	0.9709
0.0097	0.0485	0.0097	0.9320
0.0000	0.0097	0.0000	0.9903
