# ENCODE motif database
# Retrieved from: http://compbio.mit.edu/encode-motifs/motifs.txt
# Date: Dec. 2013
>SIX5_disc1 SIX5_GM12878_encode-Myers_seq_hsa_r1:MEME#1#Intergenic
G 0.008511 0.004255 0.987234 0.000000
A 0.902127 0.012766 0.038298 0.046809
R 0.455319 0.072340 0.344681 0.127660
W 0.251064 0.085106 0.085106 0.578724
T 0.000000 0.046809 0.012766 0.940425
G 0.000000 0.000000 1.000000 0.000000
T 0.038298 0.021277 0.029787 0.910638
A 0.944681 0.004255 0.051064 0.000000
G 0.000000 0.000000 1.000000 0.000000
T 0.000000 0.000000 0.012766 0.987234
>MYC_disc1 USF2_K562_encode-Snyder_seq_hsa_r1:MDscan#1#Intergenic
R 0.173516 0.105023 0.721461 0.000000
T 0.000000 0.000000 0.000000 1.000000
C 0.000000 1.000000 0.000000 0.000000
A 1.000000 0.000000 0.000000 0.000000
C 0.000000 0.958904 0.000000 0.041096
G 0.059361 0.000000 0.940639 0.000000
T 0.000000 0.000000 0.000000 1.000000
G 0.000000 0.000000 1.000000 0.000000
A 1.000000 0.000000 0.000000 0.000000
C 0.000000 0.726028 0.114155 0.159817
>SRF_disc1 SRF_H1-hESC_encode-Myers_seq_hsa_r1:MDscan#2#Intergenic
C 0.000000 1.000000 0.000000 0.000000
C 0.000000 1.000000 0.000000 0.000000
W 0.495495 0.000000 0.000000 0.504505
W 0.261261 0.000000 0.000000 0.738739
A 1.000000 0.000000 0.000000 0.000000
T 0.000000 0.000000 0.000000 1.000000
W 0.729730 0.000000 0.000000 0.270270
W 0.504505 0.000000 0.000000 0.495495
G 0.000000 0.000000 1.000000 0.000000
G 0.000000 0.000000 1.000000 0.000000
>AP1_disc1 JUND_K562_encode-Snyder_seq_hsa_r1:MEME#1#Intergenic
V 0.418269 0.168269 0.413462 0.000000
T 0.000000 0.000000 0.000000 1.000000
G 0.000000 0.000000 0.927885 0.072115
A 0.980769 0.000000 0.019231 0.000000
C 0.004808 0.937499 0.019231 0.038462
G 0.081731 0.033654 0.879807 0.004808
T 0.000000 0.000000 0.000000 1.000000
C 0.072115 0.927885 0.000000 0.000000
A 0.995192 0.000000 0.000000 0.004808
Y 0.004808 0.461538 0.096154 0.437500
>SIX5_disc2 SIX5_H1-hESC_encode-Myers_seq_hsa_r1:MDscan#1#Intergenic
G 0.000000 0.000000 1.000000 0.000000
G 0.000000 0.000000 1.000000 0.000000
G 0.000000 0.000000 1.000000 0.000000
A 0.946502 0.000000 0.000000 0.053498
R 0.465021 0.069959 0.362140 0.102881
W 0.292181 0.090535 0.094650 0.522634
T 0.000000 0.078189 0.000000 0.921811
G 0.000000 0.000000 1.000000 0.000000
T 0.000000 0.000000 0.000000 1.000000
A 1.000000 0.000000 0.000000 0.000000
>NFY_disc1 NFYA_K562_encode-Snyder_seq_hsa_r1:MEME#2#Intergenic
Y 0.120482 0.477912 0.048193 0.353414
K 0.072289 0.120482 0.204819 0.602410
Y 0.048193 0.638554 0.116466 0.196787
Y 0.000000 0.309237 0.032129 0.658634
S 0.008032 0.317269 0.566265 0.108434
A 0.975904 0.000000 0.024096 0.000000
T 0.000000 0.008032 0.000000 0.991968
T 0.000000 0.000000 0.000000 1.000000
G 0.000000 0.000000 0.995984 0.004016
G 0.000000 0.000000 1.000000 0.000000
Y 0.152610 0.530121 0.040161 0.277108
Y 0.032129 0.401606 0.056225 0.510040
R 0.325301 0.128514 0.433735 0.112450
V 0.265060 0.236948 0.409639 0.088353
N 0.200803 0.253012 0.200803 0.345382
>ATF3_disc1 ATF3_GM12878_encode-Myers_seq_hsa_r1:MDscan#1#Intergenic
G 0.140127 0.114650 0.745223 0.000000
T 0.000000 0.000000 0.000000 1.000000
C 0.000000 0.993631 0.000000 0.006369
A 0.987261 0.000000 0.000000 0.012739
C 0.000000 0.866242 0.050955 0.082803
G 0.070064 0.038217 0.891719 0.000000
T 0.000000 0.000000 0.000000 1.000000
G 0.000000 0.000000 1.000000 0.000000
A 1.000000 0.000000 0.000000 0.000000
C 0.019108 0.726115 0.101911 0.152866
>NFE2_disc1 NFE2_K562_encode-Snyder_seq_hsa_r1:AlignACE#1#Intergenic
R 0.574879 0.053140 0.367150 0.004831
T 0.009662 0.000000 0.000000 0.990338
G 0.000000 0.000000 0.995169 0.004831
A 0.990338 0.000000 0.004831 0.004831
S 0.019324 0.734299 0.193237 0.053140
T 0.053140 0.048309 0.048309 0.850242
C 0.072464 0.927536 0.000000 0.000000
A 0.898550 0.019324 0.077295 0.004831
G 0.000000 0.000000 0.975845 0.024155
C 0.004831 0.985507 0.000000 0.009662
>NFE2_disc2 NFE2_GM12878_encode-Snyder_seq_hsa_H-230_r1:MDscan#3#Intergenic
R 0.170909 0.080000 0.749091 0.000000
T 0.000000 0.120000 0.000000 0.880000
C 0.000000 1.000000 0.000000 0.000000
A 1.000000 0.000000 0.000000 0.000000
C 0.000000 0.912727 0.000000 0.087273
G 0.080000 0.000000 0.920000 0.000000
T 0.000000 0.000000 0.000000 1.000000
G 0.000000 0.000000 1.000000 0.000000
A 0.825454 0.058182 0.116364 0.000000
C 0.000000 0.789091 0.101818 0.109091
>BRCA1_disc1 BRCA1_GM12878_encode-Snyder_seq_hsa_IgG-mus-C-1863_r1:MEME#1#Intergenic
Y 0.037037 0.192593 0.066667 0.703703
M 0.303704 0.607407 0.066667 0.022222
T 0.044444 0.014815 0.037037 0.903704
C 0.000000 1.000000 0.000000 0.000000
G 0.037037 0.000000 0.962963 0.000000
C 0.000000 1.000000 0.000000 0.000000
G 0.000000 0.000000 1.000000 0.000000
A 0.866668 0.044444 0.081481 0.007407
G 0.000000 0.007407 0.977778 0.014815
A 0.962963 0.000000 0.037037 0.000000
>AP1_disc2 FOS_GM12878_encode-Snyder_seq_hsa_r1:MEME#1#Intergenic
K 0.114407 0.131356 0.194915 0.559322
C 0.063559 0.635593 0.156780 0.144068
Y 0.000000 0.364407 0.012712 0.622881
S 0.021186 0.351695 0.474576 0.152542
A 1.000000 0.000000 0.000000 0.000000
T 0.000000 0.008475 0.000000 0.991525
T 0.000000 0.000000 0.000000 1.000000
G 0.000000 0.000000 1.000000 0.000000
G 0.000000 0.000000 1.000000 0.000000
Y 0.118644 0.504237 0.038136 0.338983
>CTCF_disc1 CTCF_HUVEC_encode-Crawford_seq_hsa_r1:MEME#3#Intergenic
D 0.245968 0.125000 0.302419 0.326613
N 0.262097 0.185484 0.326613 0.225806
H 0.217742 0.387097 0.129032 0.266129
W 0.370968 0.112903 0.149194 0.366935
M 0.528226 0.209677 0.149194 0.112903
B 0.052419 0.237903 0.233871 0.475806
R 0.604838 0.044355 0.213710 0.137097
S 0.092742 0.322581 0.455645 0.129032
Y 0.024194 0.399194 0.016129 0.560483
R 0.173387 0.012097 0.677419 0.137097
C 0.157258 0.725807 0.016129 0.100806
C 0.004032 0.991936 0.000000 0.004032
M 0.612904 0.350806 0.000000 0.036290
Y 0.000000 0.366935 0.000000 0.633065
C 0.000000 0.983871 0.000000 0.016129
T 0.012097 0.020161 0.016129 0.951613
A 0.641129 0.032258 0.161290 0.165323
S 0.040323 0.225806 0.689516 0.044355
T 0.064516 0.040323 0.004032 0.891129
G 0.000000 0.000000 0.991935 0.008065
G 0.088710 0.016129 0.766129 0.129032
H 0.173387 0.383065 0.044355 0.399194
>CEBPB_disc1 CEBPB_HepG2_encode-Snyder_seq_hsa_IgG-rab_r1:MDscan#2#Intergenic
R 0.509434 0.135849 0.354717 0.000000
T 0.000000 0.000000 0.000000 1.000000
T 0.000000 0.000000 0.000000 1.000000
G 0.143396 0.000000 0.818868 0.037736
Y 0.000000 0.667925 0.000000 0.332075
R 0.324528 0.000000 0.675472 0.000000
C 0.003774 0.833962 0.000000 0.162264
A 1.000000 0.000000 0.000000 0.000000
A 1.000000 0.000000 0.000000 0.000000
Y 0.000000 0.362264 0.147170 0.490566
>ZBTB33_disc1 ZBTB33_HepG2_encode-Myers_seq_hsa_r1:MDscan#1#Intergenic
T 0.000000 0.000000 0.000000 1.000000
C 0.139535 0.802325 0.058140 0.000000
T 0.000000 0.000000 0.000000 1.000000
C 0.000000 1.000000 0.000000 0.000000
G 0.011628 0.000000 0.988372 0.000000
C 0.000000 0.988372 0.000000 0.011628
G 0.000000 0.000000 1.000000 0.000000
A 1.000000 0.000000 0.000000 0.000000
G 0.000000 0.058140 0.802325 0.139535
A 1.000000 0.000000 0.000000 0.000000
>ETS_disc1 ETS1_K562_encode-Myers_seq_hsa_v041610.1_r1:Trawler#1#Intergenic
A 1.000000 0.000000 0.000000 0.000000
A 1.000000 0.000000 0.000000 0.000000
C 0.000000 1.000000 0.000000 0.000000
T 0.000000 0.000000 0.000000 1.000000
A 1.000000 0.000000 0.000000 0.000000
C 0.000000 1.000000 0.000000 0.000000
A 1.000000 0.000000 0.000000 0.000000
A 0.862745 0.078431 0.058824 0.000000
Y 0.137255 0.549020 0.078431 0.235294
T 0.000000 0.117647 0.019608 0.862745
C 0.058824 0.882353 0.000000 0.058824
C 0.019608 0.941176 0.019608 0.019608
C 0.019608 0.921569 0.039216 0.019608
R 0.705882 0.000000 0.254902 0.039216
>AP1_disc3 FOS_K562_encode-White_seq_hsa_eGFP_r1:MDscan#3#Intergenic
R 0.542141 0.000000 0.457859 0.000000
T 0.000000 0.000000 0.000000 1.000000
G 0.000000 0.000000 1.000000 0.000000
A 1.000000 0.000000 0.000000 0.000000
S 0.020501 0.469248 0.498861 0.011390
T 0.000000 0.000000 0.000000 1.000000
C 0.000000 1.000000 0.000000 0.000000
A 1.000000 0.000000 0.000000 0.000000
Y 0.000000 0.505695 0.000000 0.494305
H 0.220957 0.428246 0.154897 0.195900
>NRF1_disc1 NRF1_HeLa-S3_encode-Snyder_seq_hsa_IgG-mus_r1:MEME#2#Intergenic
Y 0.092437 0.525210 0.134454 0.247899
W 0.386555 0.163866 0.159664 0.289916
S 0.025210 0.655463 0.218487 0.100840
T 0.021008 0.109244 0.012605 0.857143
G 0.042017 0.000000 0.957983 0.000000
C 0.012605 0.962185 0.025210 0.000000
G 0.000000 0.000000 1.000000 0.000000
C 0.004202 0.978991 0.012605 0.004202
M 0.672270 0.243697 0.063025 0.021008
T 0.050420 0.084034 0.163866 0.701680
G 0.000000 0.000000 0.995798 0.004202
C 0.000000 0.953782 0.000000 0.046218
G 0.000000 0.021008 0.886555 0.092437
C 0.012605 0.865547 0.021008 0.100840
V 0.369748 0.277311 0.285714 0.067227
>REST_disc1 REST_GM12878_encode-Myers_seq_hsa_PCR2x_r1:MEME#2#Intergenic
K 0.084034 0.096639 0.226891 0.592436
T 0.008403 0.092437 0.058824 0.840336
C 0.008403 0.953782 0.000000 0.037815
A 1.000000 0.000000 0.000000 0.000000
G 0.004202 0.000000 0.995798 0.000000
C 0.029412 0.815126 0.126050 0.029412
A 1.000000 0.000000 0.000000 0.000000
C 0.004202 0.995798 0.000000 0.000000
C 0.021008 0.936976 0.008403 0.033613
D 0.542017 0.096639 0.193277 0.168067
Y 0.088235 0.386555 0.134454 0.390756
G 0.029412 0.037815 0.924370 0.008403
G 0.050420 0.025210 0.911765 0.012605
A 0.789916 0.084034 0.075630 0.050420
S 0.021008 0.785715 0.168067 0.025210
>YY1_disc1 YY1_NT2-D1_encode-Snyder_seq_hsa_r1:MEME#3#Intergenic
G 0.057592 0.052356 0.837696 0.052356
C 0.052356 0.680628 0.162304 0.104712
C 0.157068 0.643980 0.151832 0.047120
G 0.052356 0.005236 0.895288 0.047120
C 0.000000 1.000000 0.000000 0.000000
C 0.000000 1.000000 0.000000 0.000000
A 1.000000 0.000000 0.000000 0.000000
T 0.000000 0.000000 0.000000 1.000000
B 0.047120 0.455497 0.251309 0.246073
T 0.052356 0.010471 0.000000 0.937173
T 0.000000 0.057592 0.000000 0.942408
K 0.078534 0.057592 0.654450 0.209424
D 0.256545 0.141361 0.424084 0.178010
N 0.225131 0.219895 0.293194 0.261780
N 0.193717 0.209424 0.204188 0.392670
N 0.287958 0.230366 0.293194 0.188482
N 0.235602 0.298429 0.261780 0.204188
S 0.125654 0.209424 0.502618 0.162304
G 0.099476 0.136126 0.628272 0.136126
S 0.120419 0.256545 0.492147 0.130890
V 0.178010 0.502619 0.193717 0.125654
R 0.408377 0.162304 0.319372 0.109948
V 0.314136 0.219895 0.308901 0.157068
>RAD21_disc1 RAD21_GM12878_encode-Snyder_seq_hsa_IgG-rab_r1:MEME#3#Intergenic
D 0.264000 0.136000 0.384000 0.216000
R 0.284000 0.112000 0.452000 0.152000
C 0.076000 0.812000 0.032000 0.080000
C 0.004000 0.996000 0.000000 0.000000
A 0.848000 0.004000 0.072000 0.076000
S 0.008000 0.656000 0.316000 0.020000
Y 0.164000 0.420000 0.076000 0.340000
A 0.900000 0.024000 0.048000 0.028000
G 0.012000 0.004000 0.980000 0.004000
R 0.516000 0.004000 0.480000 0.000000
K 0.012000 0.008000 0.420000 0.560000
G 0.008000 0.000000 0.988000 0.004000
G 0.084000 0.028000 0.784000 0.104000
C 0.120000 0.740000 0.016000 0.124000
R 0.476000 0.024000 0.472000 0.028000
S 0.048000 0.504000 0.400000 0.048000
Y 0.108000 0.392000 0.044000 0.456000
V 0.476000 0.216000 0.264000 0.044000
K 0.144000 0.160000 0.268000 0.428000
W 0.392000 0.164000 0.148000 0.296000
>ETS_disc2 GABPA_H1-hESC_encode-Myers_seq_hsa_r1:MDscan#1#Intergenic
S 0.081218 0.578680 0.203046 0.137056
A 0.974619 0.000000 0.025381 0.000000
C 0.000000 0.964467 0.000000 0.035533
T 0.025381 0.000000 0.000000 0.974619
T 0.000000 0.000000 0.000000 1.000000
C 0.000000 1.000000 0.000000 0.000000
C 0.000000 1.000000 0.000000 0.000000
G 0.000000 0.000000 0.944162 0.055838
S 0.000000 0.197970 0.736040 0.065990
Y 0.000000 0.385787 0.157360 0.456853
>MAF_disc1 MAFK_K562_encode-Snyder_seq_hsa_IgG-rab-ab50322_r1:MDscan#1#Intergenic
T 0.000000 0.043668 0.000000 0.956332
G 0.000000 0.000000 1.000000 0.000000
M 0.174672 0.794760 0.000000 0.030568
T 0.000000 0.013100 0.000000 0.986900
G 0.000000 0.000000 1.000000 0.000000
A 1.000000 0.000000 0.000000 0.000000
S 0.061135 0.393013 0.493450 0.052402
T 0.000000 0.000000 0.000000 1.000000
C 0.000000 1.000000 0.000000 0.000000
A 1.000000 0.000000 0.000000 0.000000
>SP2_disc1 SP2_K562_encode-Myers_seq_hsa_v041610.2-SC-643_r1:MEME#2#Intergenic
K 0.061644 0.143836 0.267123 0.527397
Y 0.109589 0.520548 0.109589 0.260274
Y 0.000000 0.650685 0.000000 0.349315
B 0.000000 0.527397 0.253425 0.219178
A 0.986301 0.000000 0.000000 0.013699
T 0.013699 0.006849 0.020548 0.958904
T 0.000000 0.000000 0.000000 1.000000
G 0.000000 0.000000 1.000000 0.000000
G 0.000000 0.020548 0.979452 0.000000
Y 0.006849 0.595890 0.054795 0.342466
Y 0.000000 0.458904 0.041096 0.500000
>IRF_disc1 IRF3_HeLa-S3_encode-Snyder_seq_hsa_IgG-rab_r1:MDscan#3#Intergenic
Y 0.131206 0.425532 0.060284 0.382979
R 0.684397 0.000000 0.315603 0.000000
R 0.290780 0.000000 0.556738 0.152482
C 0.000000 1.000000 0.000000 0.000000
C 0.000000 1.000000 0.000000 0.000000
A 1.000000 0.000000 0.000000 0.000000
A 1.000000 0.000000 0.000000 0.000000
T 0.000000 0.000000 0.000000 1.000000
V 0.223404 0.421986 0.294326 0.060284
R 0.570922 0.000000 0.429078 0.000000
>REST_disc2 REST_U87_encode-Myers_seq_hsa_PCR2x_r1:MDscan#2#Intergenic
T 0.000000 0.000000 0.000000 1.000000
G 0.040000 0.131429 0.828571 0.000000
T 0.000000 0.000000 0.045714 0.954286
C 0.000000 1.000000 0.000000 0.000000
C 0.000000 1.000000 0.000000 0.000000
R 0.542858 0.000000 0.388571 0.068571
T 0.137143 0.154286 0.108571 0.600000
G 0.000000 0.000000 1.000000 0.000000
G 0.000000 0.000000 1.000000 0.000000
T 0.000000 0.000000 0.000000 1.000000
>ETS_disc3 ETS1_GM12878_encode-Myers_seq_hsa_r1:MDscan#3#Intergenic
T 0.000000 0.108333 0.000000 0.891667
M 0.208333 0.741667 0.050000 0.000000
T 0.000000 0.000000 0.000000 1.000000
C 0.000000 1.000000 0.000000 0.000000
G 0.000000 0.000000 0.975000 0.025000
C 0.000000 1.000000 0.000000 0.000000
G 0.000000 0.000000 1.000000 0.000000
A 1.000000 0.000000 0.000000 0.000000
K 0.000000 0.050000 0.775000 0.175000
A 1.000000 0.000000 0.000000 0.000000
>BCL_disc1 BCLAF1_K562_encode-Myers_seq_hsa_M33-P5B11_r1:MDscan#2#Intergenic
R 0.413462 0.105769 0.432692 0.048077
S 0.086538 0.721154 0.192308 0.000000
C 0.144231 0.855769 0.000000 0.000000
G 0.000000 0.000000 1.000000 0.000000
G 0.028846 0.000000 0.971154 0.000000
A 1.000000 0.000000 0.000000 0.000000
A 0.971154 0.000000 0.000000 0.028846
G 0.009615 0.038462 0.932692 0.019231
Y 0.000000 0.201923 0.000000 0.798077
G 0.086538 0.057692 0.711539 0.144231
>SP1_disc1 SP1_H1-hESC_encode-Myers_seq_hsa_r1:MEME#3#Intergenic
N 0.172973 0.318919 0.178378 0.329730
H 0.194595 0.335135 0.156757 0.313514
R 0.470270 0.097297 0.416216 0.016216
R 0.302703 0.059459 0.529730 0.108108
C 0.000000 1.000000 0.000000 0.000000
C 0.005405 0.994595 0.000000 0.000000
A 0.994595 0.000000 0.005405 0.000000
A 1.000000 0.000000 0.000000 0.000000
T 0.010811 0.000000 0.032432 0.956757
V 0.237838 0.383784 0.324324 0.054054
R 0.583784 0.032432 0.383784 0.000000
R 0.318919 0.113514 0.529729 0.037838
M 0.535136 0.232432 0.162162 0.070270
R 0.470270 0.059459 0.345946 0.124324
N 0.189189 0.248649 0.389189 0.172973
S 0.156757 0.318919 0.362162 0.162162
V 0.194595 0.345946 0.362162 0.097297
R 0.308108 0.091892 0.459459 0.140541
V 0.183784 0.227027 0.454054 0.135135
V 0.281081 0.264865 0.302703 0.151351
D 0.275676 0.054054 0.372973 0.297297
N 0.178378 0.210811 0.281081 0.329730
>NFKB_disc1 NFKB1_GM19193_encode-Snyder_seq_hsa_IgG-rab_r1:MDscan#1#Intergenic
K 0.000000 0.000000 0.737500 0.262500
G 0.000000 0.000000 1.000000 0.000000
G 0.000000 0.000000 1.000000 0.000000
R 0.570833 0.000000 0.429167 0.000000
A 0.837500 0.158333 0.004167 0.000000
W 0.395833 0.000000 0.000000 0.604167
T 0.000000 0.004167 0.000000 0.995833
Y 0.000000 0.383333 0.000000 0.616667
C 0.000000 1.000000 0.000000 0.000000
C 0.000000 1.000000 0.000000 0.000000
>RFX5_disc1 RFX5_H1-hESC_encode-Snyder_seq_hsa_IgG-rab-N-494_r1:MDscan#1#Intergenic
S 0.127389 0.414013 0.375796 0.082803
C 0.000000 1.000000 0.000000 0.000000
M 0.286624 0.605096 0.000000 0.108280
Y 0.000000 0.254777 0.000000 0.745223
R 0.617834 0.000000 0.382166 0.000000
G 0.000000 0.000000 1.000000 0.000000
C 0.000000 0.853503 0.000000 0.146497
A 1.000000 0.000000 0.000000 0.000000
A 1.000000 0.000000 0.000000 0.000000
C 0.000000 1.000000 0.000000 0.000000
>SMC3_disc1 SMC3_GM12878_encode-Snyder_seq_hsa_IgG-mus-ab9263_r1:MEME#2#Intergenic
R 0.333333 0.096386 0.473896 0.096386
C 0.116466 0.755020 0.080321 0.048193
C 0.000000 0.995984 0.004016 0.000000
A 0.887550 0.008032 0.068273 0.036145
S 0.000000 0.690763 0.293173 0.016064
C 0.108434 0.698794 0.036145 0.156627
A 0.911647 0.024096 0.040161 0.024096
G 0.004016 0.008032 0.975904 0.012048
R 0.425703 0.000000 0.570281 0.004016
K 0.032129 0.012048 0.489960 0.465863
G 0.012048 0.004016 0.975904 0.008032
G 0.064257 0.024096 0.823294 0.088353
C 0.096386 0.831325 0.012048 0.060241
R 0.465863 0.020080 0.477912 0.036145
S 0.076305 0.502008 0.369478 0.052209
>TAL1_disc1 TAL1_K562_encode-Snyder_seq_hsa_IgG-mus-SC-12984_r1:MEME#3#Intergenic
B 0.088000 0.412000 0.204000 0.296000
Y 0.056000 0.608000 0.144000 0.192000
T 0.056000 0.144000 0.008000 0.792000
T 0.080000 0.004000 0.024000 0.892000
A 0.944000 0.024000 0.028000 0.004000
T 0.000000 0.000000 0.000000 1.000000
C 0.000000 0.976000 0.004000 0.020000
W 0.320000 0.008000 0.024000 0.648000
S 0.084000 0.348000 0.432000 0.136000
N 0.244000 0.300000 0.196000 0.260000
N 0.184000 0.360000 0.260000 0.196000
N 0.244000 0.340000 0.188000 0.228000
N 0.200000 0.332000 0.244000 0.224000
N 0.188000 0.352000 0.272000 0.188000
N 0.272000 0.272000 0.188000 0.268000
V 0.200000 0.384000 0.316000 0.100000
C 0.060000 0.928000 0.000000 0.012000
A 0.808000 0.096000 0.008000 0.088000
S 0.112000 0.200000 0.564000 0.124000
>CHD2_disc1 CHD2_K562_encode-Snyder_seq_hsa_IgG-rab-N-1250_r1:MDscan#3#Intergenic
T 0.000000 0.141509 0.000000 0.858491
M 0.193396 0.740566 0.066038 0.000000
T 0.000000 0.000000 0.000000 1.000000
C 0.000000 1.000000 0.000000 0.000000
G 0.018868 0.000000 0.981132 0.000000
C 0.000000 0.981132 0.000000 0.018868
G 0.000000 0.000000 1.000000 0.000000
A 1.000000 0.000000 0.000000 0.000000
G 0.000000 0.066038 0.783019 0.150943
A 1.000000 0.000000 0.000000 0.000000
>SPI1_disc1 SPI1_K562_encode-Myers_seq_hsa_r1:MDscan#2#Intergenic
A 0.977143 0.000000 0.022857 0.000000
C 0.000000 0.862857 0.137143 0.000000
T 0.000000 0.000000 0.000000 1.000000
T 0.000000 0.000000 0.000000 1.000000
C 0.022857 0.977143 0.000000 0.000000
C 0.000000 1.000000 0.000000 0.000000
Y 0.000000 0.251429 0.034286 0.714285
C 0.000000 0.868571 0.131429 0.000000
W 0.205714 0.000000 0.000000 0.794286
T 0.000000 0.000000 0.000000 1.000000
>RFX5_disc2 RFX5_GM12878_encode-Snyder_seq_hsa_IgG-mus-N-494_r1:MEME#1#Intergenic
C 0.081081 0.600000 0.162162 0.156757
Y 0.005405 0.248649 0.081081 0.664865
S 0.016216 0.291892 0.627027 0.064865
A 0.972973 0.005405 0.010811 0.010811
T 0.000000 0.005405 0.010811 0.983784
T 0.000000 0.000000 0.000000 1.000000
G 0.000000 0.000000 0.967568 0.032432
G 0.000000 0.000000 1.000000 0.000000
Y 0.075676 0.551351 0.027027 0.345946
Y 0.037838 0.259459 0.075676 0.627027
>GATA_disc1 GATA1_K562b_encode-Snyder_seq_hsa_r1:MDscan#1#Intergenic
B 0.000000 0.507937 0.248677 0.243386
C 0.000000 0.947090 0.052910 0.000000
T 0.000000 0.000000 0.026455 0.973545
T 0.121693 0.000000 0.000000 0.878307
A 1.000000 0.000000 0.000000 0.000000
T 0.000000 0.000000 0.000000 1.000000
C 0.000000 1.000000 0.000000 0.000000
W 0.232804 0.000000 0.100529 0.666667
S 0.063492 0.322751 0.476190 0.137566
B 0.132275 0.359788 0.185185 0.322751
>ELF1_disc1 ELF1_HepG2_encode-Myers_seq_hsa_v041610.1-SC-631_r1:MDscan#3#Intergenic
R 0.778378 0.000000 0.221622 0.000000
C 0.000000 0.902703 0.000000 0.097297
T 0.000000 0.000000 0.000000 1.000000
T 0.000000 0.000000 0.000000 1.000000
C 0.000000 1.000000 0.000000 0.000000
C 0.000000 1.000000 0.000000 0.000000
G 0.000000 0.000000 0.956757 0.043243
S 0.000000 0.205405 0.794595 0.000000
K 0.027027 0.162162 0.540541 0.270270
W 0.194595 0.064865 0.054054 0.686486
>POU2F2_disc1 POU2F2_GM12891_encode-Myers_seq_hsa_r1:Weeder#2#Intergenic
A 0.730897 0.091362 0.073090 0.104651
T 0.028239 0.033223 0.026578 0.911960
W 0.189369 0.073090 0.044850 0.692691
T 0.044850 0.013289 0.026578 0.915282
G 0.051495 0.041528 0.840532 0.066445
C 0.046512 0.895349 0.023256 0.034884
A 0.855482 0.066445 0.026578 0.051495
T 0.099668 0.039867 0.059801 0.800664
>BATF_disc1 BATF_GM12878_encode-Myers_seq_hsa_r1:AlignACE#1#Intergenic
K 0.092715 0.119205 0.582782 0.205298
N 0.384106 0.172185 0.205298 0.238411
D 0.370861 0.026490 0.331126 0.271523
V 0.509934 0.284768 0.192053 0.013245
T 0.000000 0.000000 0.000000 1.000000
G 0.000000 0.000000 1.000000 0.000000
A 1.000000 0.000000 0.000000 0.000000
S 0.000000 0.397351 0.602649 0.000000
T 0.000000 0.000000 0.000000 1.000000
C 0.000000 1.000000 0.000000 0.000000
A 1.000000 0.000000 0.000000 0.000000
>SIX5_disc3 SIX5_H1-hESC_encode-Myers_seq_hsa_r1:Trawler#2#Intergenic
A 1.000000 0.000000 0.000000 0.000000
A 1.000000 0.000000 0.000000 0.000000
A 1.000000 0.000000 0.000000 0.000000
C 0.000000 1.000000 0.000000 0.000000
T 0.000000 0.000000 0.000000 1.000000
A 1.000000 0.000000 0.000000 0.000000
C 0.000000 1.000000 0.000000 0.000000
A 1.000000 0.000000 0.000000 0.000000
T 0.000000 0.000000 0.000000 1.000000
T 0.000000 0.000000 0.000000 1.000000
T 0.066667 0.066667 0.000000 0.866667
C 0.000000 0.866667 0.000000 0.133333
C 0.000000 0.933333 0.000000 0.066667
C 0.000000 1.000000 0.000000 0.000000
A 0.866667 0.066667 0.066667 0.000000
>NR2C2_disc1 NR2C2_HeLa-S3_encode-Snyder_seq_hsa_r1:MDscan#1#Intergenic
B 0.043478 0.226087 0.191304 0.539131
G 0.139130 0.104348 0.756522 0.000000
M 0.686957 0.269565 0.000000 0.043478
C 0.130435 0.869565 0.000000 0.000000
C 0.000000 1.000000 0.000000 0.000000
C 0.000000 0.930435 0.000000 0.069565
G 0.000000 0.000000 1.000000 0.000000
G 0.000000 0.000000 1.000000 0.000000
A 1.000000 0.000000 0.000000 0.000000
A 0.939130 0.000000 0.000000 0.060870
>HNF4_disc1 HNF4G_HepG2_encode-Myers_seq_hsa_v041610.1-SC-6558_r1:MEME#2#Intergenic
T 0.140000 0.088000 0.064000 0.708000
G 0.076000 0.000000 0.924000 0.000000
R 0.276000 0.132000 0.556000 0.036000
M 0.672000 0.304000 0.000000 0.024000
C 0.024000 0.928000 0.048000 0.000000
T 0.016000 0.104000 0.004000 0.876000
T 0.004000 0.124000 0.016000 0.856000
T 0.020000 0.024000 0.044000 0.912000
G 0.084000 0.012000 0.872000 0.032000
N 0.296000 0.236000 0.272000 0.196000
H 0.272000 0.452000 0.092000 0.184000
C 0.036000 0.836000 0.000000 0.128000
Y 0.100000 0.364000 0.020000 0.516000
>BHLHE40_disc1 BHLHE40_HepG2_encode-Myers_seq_hsa_v041610.1_r1:MDscan#2#Intergenic
K 0.000000 0.000000 0.414286 0.585714
C 0.000000 1.000000 0.000000 0.000000
A 0.904762 0.042857 0.009524 0.042857
C 0.000000 0.914286 0.047619 0.038095
G 0.052381 0.042857 0.904762 0.000000
T 0.038095 0.014286 0.023810 0.923809
G 0.000000 0.000000 1.000000 0.000000
M 0.652381 0.347619 0.000000 0.000000
S 0.000000 0.738096 0.233333 0.028571
N 0.166667 0.266667 0.204762 0.361905
>STAT_disc1 STAT1_HeLa-S3_encode-Snyder_seq_hsa_IFNg30_r1:MDscan#1#Intergenic
Y 0.145594 0.295019 0.130268 0.429119
T 0.000000 0.000000 0.000000 1.000000
T 0.000000 0.000000 0.000000 1.000000
C 0.076628 0.923372 0.000000 0.000000
C 0.000000 0.931034 0.000000 0.068966
H 0.310345 0.199234 0.164751 0.325670
G 0.000000 0.000000 1.000000 0.000000
G 0.000000 0.000000 0.869732 0.130268
A 1.000000 0.000000 0.000000 0.000000
A 1.000000 0.000000 0.000000 0.000000
>SPI1_disc2 SPI1_GM12878_encode-Myers_seq_hsa_r1:MDscan#1#Intergenic
T 0.000000 0.000000 0.000000 1.000000
Y 0.031008 0.294574 0.000000 0.674418
T 0.000000 0.000000 0.000000 1.000000
C 0.000000 1.000000 0.000000 0.000000
A 1.000000 0.000000 0.000000 0.000000
S 0.000000 0.635659 0.364341 0.000000
T 0.000000 0.000000 0.000000 1.000000
T 0.000000 0.000000 0.000000 1.000000
C 0.000000 1.000000 0.000000 0.000000
C 0.000000 1.000000 0.000000 0.000000
>THAP1_disc1 THAP1_K562_encode-Myers_seq_hsa_v041610.1-SC-98174_r1:MEME#3#Intergenic
S 0.050000 0.530000 0.270000 0.150000
C 0.120000 0.630000 0.160000 0.090000
G 0.090000 0.020000 0.860000 0.030000
C 0.010000 0.990000 0.000000 0.000000
C 0.000000 1.000000 0.000000 0.000000
A 0.980000 0.020000 0.000000 0.000000
T 0.000000 0.020000 0.000000 0.980000
B 0.060000 0.490000 0.280000 0.170000
T 0.010000 0.030000 0.000000 0.960000
T 0.000000 0.070000 0.000000 0.930000
K 0.110000 0.050000 0.520000 0.320000
R 0.280000 0.060000 0.560000 0.100000
D 0.300000 0.160000 0.170000 0.370000
T 0.130000 0.040000 0.100000 0.730000
V 0.320000 0.230000 0.300000 0.150000
M 0.410000 0.380000 0.070000 0.140000
K 0.010000 0.000000 0.700000 0.290000
G 0.000000 0.000000 0.990000 0.010000
G 0.020000 0.000000 0.940000 0.040000
C 0.040000 0.890000 0.000000 0.070000
R 0.680000 0.020000 0.240000 0.060000
R 0.380000 0.100000 0.470000 0.050000
V 0.420000 0.250000 0.270000 0.060000
D 0.300000 0.140000 0.330000 0.230000
V 0.200000 0.220000 0.490000 0.090000
>MXI1_disc1 MXI1_K562_encode-Snyder_seq_hsa_IgG-rab-bHLH_r1:MEME#3#Intergenic
Y 0.082474 0.597939 0.082474 0.237113
B 0.051546 0.360825 0.360825 0.226804
G 0.041237 0.000000 0.917526 0.041237
T 0.010309 0.051546 0.030928 0.907217
Y 0.061856 0.494845 0.010309 0.432990
K 0.082474 0.113402 0.618557 0.185567
C 0.000000 0.876288 0.020619 0.103093
C 0.000000 0.948454 0.000000 0.051546
M 0.608247 0.237113 0.020619 0.134021
T 0.072165 0.164948 0.041237 0.721650
R 0.237113 0.000000 0.762887 0.000000
G 0.123711 0.000000 0.876289 0.000000
C 0.051546 0.886598 0.000000 0.061856
A 0.907217 0.000000 0.051546 0.041237
A 0.979382 0.010309 0.010309 0.000000
C 0.000000 0.979381 0.000000 0.020619
>TCF7L2_disc1 TCF7L2_HCT-116_encode-Snyder_seq_hsa_r1:MDscan#1#Intergenic
V 0.360215 0.284946 0.354839 0.000000
T 0.000000 0.000000 0.000000 1.000000
G 0.000000 0.000000 1.000000 0.000000
A 1.000000 0.000000 0.000000 0.000000
S 0.091398 0.376344 0.446237 0.086022
T 0.000000 0.000000 0.000000 1.000000
C 0.000000 1.000000 0.000000 0.000000
A 1.000000 0.000000 0.000000 0.000000
B 0.000000 0.360215 0.274194 0.365591
N 0.215054 0.333333 0.166667 0.284946
>REST_disc3 REST_PFSK-1_encode-Myers_seq_hsa_PCR2x_r1:MEME#1#Intergenic
G 0.000000 0.000000 1.000000 0.000000
G 0.008000 0.000000 0.992000 0.000000
A 0.920000 0.040000 0.004000 0.036000
C 0.004000 0.944000 0.048000 0.004000
A 0.996000 0.000000 0.004000 0.000000
G 0.000000 0.000000 1.000000 0.000000
C 0.100000 0.776000 0.056000 0.068000
K 0.136000 0.020000 0.492000 0.352000
C 0.096000 0.720000 0.152000 0.032000
C 0.060000 0.812000 0.004000 0.124000
>CTCF_disc2 CTCF_A549_encode-Myers_seq_hsa_DEX-100nM_r1:Trawler#1#Intergenic
A 1.000000 0.000000 0.000000 0.000000
C 0.000000 1.000000 0.000000 0.000000
C 0.000000 1.000000 0.000000 0.000000
A 1.000000 0.000000 0.000000 0.000000
G 0.000000 0.000000 1.000000 0.000000
G 0.156250 0.000000 0.843750 0.000000
K 0.000000 0.000000 0.593750 0.406250
G 0.000000 0.000000 1.000000 0.000000
G 0.000000 0.000000 1.000000 0.000000
C 0.000000 1.000000 0.000000 0.000000
R 0.312500 0.000000 0.687500 0.000000
>SP2_disc2 SP2_K562_encode-Myers_seq_hsa_v041610.2-SC-643_r1:MEME#3#Intergenic
A 0.899160 0.000000 0.100840 0.000000
T 0.033613 0.050420 0.050420 0.865547
T 0.067227 0.000000 0.016807 0.915966
G 0.050420 0.000000 0.941177 0.008403
G 0.016807 0.016807 0.966386 0.000000
Y 0.142857 0.495798 0.109244 0.252101
Y 0.016807 0.453782 0.084034 0.445378
N 0.302521 0.210084 0.294118 0.193277
N 0.260504 0.210084 0.319328 0.210084
N 0.260504 0.285714 0.176471 0.277311
N 0.285714 0.210084 0.336134 0.168067
B 0.159664 0.310924 0.193277 0.336134
N 0.201681 0.226891 0.361345 0.210084
S 0.159664 0.302521 0.386555 0.151261
M 0.226891 0.554621 0.134454 0.084034
Y 0.050420 0.344538 0.000000 0.605042
G 0.050420 0.016807 0.899160 0.033613
Y 0.000000 0.394958 0.016807 0.588235
C 0.008403 0.907563 0.000000 0.084034
M 0.378151 0.352941 0.142857 0.126050
V 0.226891 0.285714 0.394958 0.092437
T 0.000000 0.008403 0.025210 0.966387
C 0.000000 0.899160 0.008403 0.092437
W 0.470588 0.142857 0.151261 0.235294
>EBF1_disc1 EBF1_GM12878_encode-Snyder_seq_hsa_r1:MDscan#1#Intergenic
T 0.000000 0.153392 0.000000 0.846608
C 0.000000 1.000000 0.000000 0.000000
Y 0.000000 0.825959 0.000000 0.174041
C 0.000000 1.000000 0.000000 0.000000
H 0.297935 0.356932 0.020649 0.324484
D 0.336283 0.020649 0.374631 0.268437
G 0.000000 0.000000 1.000000 0.000000
R 0.176991 0.000000 0.823009 0.000000
G 0.000000 0.000000 1.000000 0.000000
A 0.884956 0.000000 0.115044 0.000000
>STAT_disc2 STAT3_MCF10A-Er-Src_encode-Snyder_seq_hsa_EtOH-0.01pct-4hr_r1:MDscan#2#Intergenic
V 0.460967 0.185874 0.241636 0.111524
T 0.000000 0.000000 0.000000 1.000000
G 0.000000 0.000000 1.000000 0.000000
A 1.000000 0.000000 0.000000 0.000000
N 0.174721 0.271375 0.368030 0.185874
T 0.000000 0.000000 0.000000 1.000000
C 0.000000 1.000000 0.000000 0.000000
A 1.000000 0.000000 0.000000 0.000000
Y 0.096654 0.267658 0.163569 0.472119
N 0.208178 0.297398 0.182156 0.312268
>PRDM1_disc1 PRDM1_HeLa-S3_encode-Snyder_seq_hsa_IgG-rab-Val90_r1:MDscan#1#Intergenic
M 0.241135 0.489362 0.106383 0.163121
A 1.000000 0.000000 0.000000 0.000000
C 0.000000 1.000000 0.000000 0.000000
T 0.000000 0.000000 0.000000 1.000000
T 0.000000 0.078014 0.000000 0.921986
T 0.000000 0.000000 0.000000 1.000000
C 0.000000 1.000000 0.000000 0.000000
H 0.581561 0.219858 0.007092 0.191489
C 0.000000 1.000000 0.000000 0.000000
T 0.000000 0.000000 0.000000 1.000000
>ZNF143_disc1 ZNF143_GM12878_encode-Snyder_seq_hsa_16618-1-AP_r1:MDscan#2#Intergenic
G 0.000000 0.000000 1.000000 0.000000
G 0.000000 0.000000 1.000000 0.000000
G 0.000000 0.000000 1.000000 0.000000
A 0.975000 0.000000 0.000000 0.025000
R 0.412500 0.120833 0.383333 0.083333
W 0.225000 0.087500 0.066667 0.620833
T 0.000000 0.083333 0.000000 0.916667
G 0.000000 0.000000 1.000000 0.000000
T 0.000000 0.000000 0.000000 1.000000
A 1.000000 0.000000 0.000000 0.000000
>SMARC_disc1 SMARCB1_HeLa-S3_encode-Snyder_seq_hsa_IgG-mus_r1:MEME#1#Intergenic
S 0.132231 0.578513 0.256198 0.033058
T 0.000000 0.000000 0.000000 1.000000
G 0.000000 0.008264 0.966943 0.024793
A 1.000000 0.000000 0.000000 0.000000
S 0.074380 0.330579 0.595041 0.000000
T 0.000000 0.000000 0.000000 1.000000
C 0.008264 0.991736 0.000000 0.000000
A 0.950414 0.041322 0.000000 0.008264
Y 0.000000 0.636364 0.024793 0.338843
C 0.082645 0.652893 0.115702 0.148760
>CTCF_disc3 CTCF_K562_encode-Crawford_seq_hsa_r1:Trawler#3#Intergenic
A 1.000000 0.000000 0.000000 0.000000
C 0.000000 1.000000 0.000000 0.000000
T 0.000000 0.000000 0.000000 1.000000
A 1.000000 0.000000 0.000000 0.000000
G 0.000000 0.000000 1.000000 0.000000
A 1.000000 0.000000 0.000000 0.000000
K 0.000000 0.000000 0.666667 0.333333
G 0.000000 0.037037 0.925926 0.037037
R 0.259259 0.074074 0.629630 0.037037
>POU5F1_disc1 POU5F1_H1-hESC_encode-Myers_seq_hsa_v041610.2-SC-9081_r1:MEME#2#Intergenic
W 0.540773 0.133047 0.115880 0.210300
T 0.090129 0.107296 0.077253 0.725322
Y 0.163090 0.270386 0.060086 0.506438
T 0.150215 0.034335 0.025751 0.789699
G 0.145923 0.120172 0.729613 0.004292
C 0.128755 0.871245 0.000000 0.000000
A 0.978541 0.000000 0.004292 0.017167
T 0.042918 0.000000 0.000000 0.957082
R 0.484979 0.107296 0.274678 0.133047
W 0.751074 0.017167 0.021459 0.210300
S 0.025751 0.622318 0.248927 0.103004
A 0.909871 0.064378 0.000000 0.025751
A 0.939914 0.047210 0.000000 0.012876
W 0.450644 0.021459 0.004292 0.523605
R 0.227468 0.047210 0.618026 0.107296
>EP300_disc1 EP300_HeLa-S3_encode-Snyder_seq_hsa_IgG-rab-N-15_r1:MDscan#3#Intergenic
V 0.449580 0.239496 0.310924 0.000000
T 0.000000 0.000000 0.000000 1.000000
G 0.000000 0.000000 1.000000 0.000000
A 1.000000 0.000000 0.000000 0.000000
S 0.130252 0.449580 0.281513 0.138655
T 0.000000 0.000000 0.033613 0.966387
C 0.000000 1.000000 0.000000 0.000000
A 1.000000 0.000000 0.000000 0.000000
B 0.100840 0.281513 0.252101 0.365546
N 0.264706 0.264706 0.189076 0.281513
>FOXA_disc1 FOXA1_ECC-1_encode-Myers_seq_hsa_DMSO-0.02pct-v041610.2-C-20_r1:MDscan#1#Intergenic
W 0.491429 0.000000 0.000000 0.508571
R 0.645714 0.000000 0.354286 0.000000
W 0.514286 0.000000 0.165714 0.320000
G 0.000000 0.000000 1.000000 0.000000
Y 0.000000 0.268571 0.000000 0.731429
A 0.885714 0.114286 0.000000 0.000000
A 0.931429 0.068571 0.000000 0.000000
A 0.988571 0.011429 0.000000 0.000000
Y 0.000000 0.702857 0.000000 0.297143
A 1.000000 0.000000 0.000000 0.000000
>ESRRA_disc1 ESR1_T-47D_encode-Myers_seq_hsa_Genistein-100nM-v041610.2_r1:MEME#2#Intergenic
R 0.636000 0.096000 0.200000 0.068000
K 0.084000 0.008000 0.668000 0.240000
G 0.016000 0.008000 0.960000 0.016000
T 0.048000 0.000000 0.116000 0.836000
C 0.008000 0.848000 0.116000 0.028000
A 0.908000 0.000000 0.056000 0.036000
V 0.192000 0.444000 0.252000 0.112000
M 0.292000 0.548000 0.092000 0.068000
N 0.256000 0.336000 0.204000 0.204000
T 0.080000 0.112000 0.028000 0.780000
G 0.112000 0.020000 0.832000 0.036000
H 0.500000 0.244000 0.080000 0.176000
C 0.032000 0.804000 0.068000 0.096000
C 0.044000 0.868000 0.008000 0.080000
Y 0.044000 0.376000 0.028000 0.552000
>RAD21_disc2 RAD21_HepG2_encode-Snyder_seq_hsa_IgG-rab_r1:Weeder#2#Intergenic
T 0.049002 0.161525 0.085299 0.704174
C 0.034483 0.843920 0.074410 0.047187
T 0.056261 0.147005 0.025408 0.771325
R 0.589837 0.061706 0.237750 0.110708
G 0.047187 0.112523 0.811252 0.029038
T 0.101633 0.050817 0.067151 0.780399
G 0.045372 0.021779 0.883848 0.049002
G 0.047187 0.059891 0.834846 0.058076
>PBX3_disc1 PBX3_GM12878_encode-Myers_seq_hsa_r1:MEME#1#Intergenic
Y 0.073913 0.600000 0.121739 0.204348
Y 0.000000 0.408696 0.017391 0.573913
S 0.017391 0.447826 0.408696 0.126087
A 0.991304 0.000000 0.008696 0.000000
T 0.000000 0.008696 0.000000 0.991304
T 0.000000 0.000000 0.000000 1.000000
G 0.000000 0.000000 0.982609 0.017391
G 0.000000 0.000000 1.000000 0.000000
Y 0.121739 0.626087 0.052174 0.200000
Y 0.056522 0.395652 0.078261 0.469565
>SREBP_disc1 SREBF1_HepG2_encode-Snyder_seq_hsa_insulin_r1:MEME#2#Intergenic
G 0.011236 0.000000 0.988764 0.000000
T 0.000000 0.011236 0.000000 0.988764
T 0.000000 0.056180 0.000000 0.943820
G 0.000000 0.056180 0.921348 0.022472
C 0.000000 0.887640 0.000000 0.112360
Y 0.000000 0.831461 0.000000 0.168539
A 0.730337 0.078652 0.134831 0.056180
K 0.067416 0.022472 0.280899 0.629213
G 0.101124 0.000000 0.898876 0.000000
G 0.089888 0.022472 0.887640 0.000000
C 0.134831 0.595506 0.112360 0.157303
R 0.370787 0.011236 0.539325 0.078652
A 0.876404 0.056180 0.044944 0.022472
C 0.011236 0.898876 0.022472 0.067416
S 0.078652 0.370787 0.505617 0.044944
>BCL_disc2 BCL11A_GM12878_encode-Myers_seq_hsa_r1:MDscan#3#Intergenic
M 0.554286 0.217143 0.142857 0.085714
T 0.000000 0.000000 0.000000 1.000000
G 0.000000 0.000000 0.902857 0.097143
A 1.000000 0.000000 0.000000 0.000000
S 0.085714 0.411429 0.417143 0.085714
T 0.000000 0.000000 0.000000 1.000000
C 0.034286 0.965714 0.000000 0.000000
A 1.000000 0.000000 0.000000 0.000000
K 0.034286 0.074286 0.171429 0.719999
Y 0.160000 0.222857 0.160000 0.457143
>MYC_disc2 MYC_K562_encode-Crawford_seq_hsa_r1:MEME#2#Intergenic
N 0.358974 0.217949 0.209402 0.213675
S 0.021368 0.500000 0.431624 0.047009
C 0.021368 0.978632 0.000000 0.000000
R 0.713675 0.000000 0.277778 0.008547
C 0.000000 0.995726 0.000000 0.004274
R 0.183761 0.000000 0.816239 0.000000
T 0.115385 0.012821 0.000000 0.871794
G 0.000000 0.000000 0.957265 0.042735
B 0.021368 0.183761 0.547008 0.247863
B 0.068376 0.410256 0.286325 0.235043
Y 0.141026 0.380342 0.158120 0.320513
>ATF3_disc2 ATF3_K562_encode-Snyder_seq_hsa_r1:MEME#3#Intergenic
G 0.102703 0.151351 0.740541 0.005405
S 0.118919 0.183784 0.535135 0.162162
S 0.032432 0.675676 0.216216 0.075676
G 0.081081 0.162162 0.697298 0.059459
S 0.059459 0.686487 0.221622 0.032432
S 0.135135 0.318919 0.437838 0.108108
S 0.059459 0.486486 0.340541 0.113514
S 0.135135 0.340541 0.394595 0.129730
S 0.070270 0.400000 0.416216 0.113514
N 0.232432 0.324324 0.183784 0.259459
R 0.221622 0.086486 0.562162 0.129730
R 0.400000 0.075676 0.497297 0.027027
T 0.032432 0.048649 0.027027 0.891892
S 0.005405 0.416216 0.535136 0.043243
A 0.870270 0.000000 0.091892 0.037838
C 0.005405 0.994595 0.000000 0.000000
G 0.016216 0.000000 0.978379 0.005405
T 0.005405 0.118919 0.000000 0.875676
V 0.172973 0.308108 0.486486 0.032432
R 0.648649 0.118919 0.178378 0.054054
B 0.108108 0.502703 0.216216 0.172973
>CTCF_disc4 CTCF_HUVEC_encode-Crawford_seq_hsa_r1:AlignACE#3#Intergenic
C 0.018182 0.890909 0.000000 0.090909
A 0.799999 0.145455 0.036364 0.018182
B 0.036364 0.400000 0.309091 0.254545
H 0.236364 0.309091 0.109091 0.345455
W 0.490909 0.018182 0.127273 0.363636
R 0.290909 0.036364 0.563636 0.109091
R 0.527272 0.000000 0.436364 0.036364
T 0.000000 0.000000 0.109091 0.890909
G 0.000000 0.000000 0.963636 0.036364
G 0.145455 0.000000 0.836363 0.018182
C 0.000000 1.000000 0.000000 0.000000
A 0.727272 0.127273 0.000000 0.145455
R 0.218182 0.000000 0.763636 0.018182
C 0.000000 0.818182 0.109091 0.072727
>E2F_disc1 E2F1_HeLa-S3_encode-Snyder_seq_hsa_r1:MDscan#2#Intergenic
S 0.076923 0.346154 0.461538 0.115385
V 0.192308 0.269231 0.480769 0.057692
T 0.000000 0.038462 0.000000 0.961538
G 0.000000 0.000000 1.000000 0.000000
A 0.942307 0.000000 0.038462 0.019231
C 0.000000 0.923077 0.019231 0.057692
G 0.057692 0.000000 0.942308 0.000000
T 0.019231 0.000000 0.000000 0.980769
C 0.000000 1.000000 0.000000 0.000000
A 0.942307 0.000000 0.019231 0.038462
>ZNF143_disc2 ZNF143_GM12878_encode-Snyder_seq_hsa_16618-1-AP_r1:MEME#1#Intergenic
A 0.991770 0.008230 0.000000 0.000000
C 0.000000 1.000000 0.000000 0.000000
T 0.000000 0.086420 0.004115 0.909465
A 0.888889 0.041152 0.041152 0.028807
C 0.000000 0.987654 0.000000 0.012346
A 0.913581 0.020576 0.061728 0.004115
W 0.650206 0.053498 0.032922 0.263374
Y 0.090535 0.333333 0.131687 0.444444
T 0.028807 0.037037 0.000000 0.934156
C 0.000000 0.991770 0.004115 0.004115
>ETS_disc4 GABPA_HepG2_encode-Myers_seq_hsa_PCR2x_r1:Trawler#3#Intergenic
A 1.000000 0.000000 0.000000 0.000000
A 1.000000 0.000000 0.000000 0.000000
C 0.000000 1.000000 0.000000 0.000000
C 0.000000 1.000000 0.000000 0.000000
G 0.000000 0.130952 0.869048 0.000000
G 0.095238 0.083333 0.785714 0.035714
R 0.583333 0.119048 0.238095 0.059524
A 0.761905 0.154762 0.000000 0.083333
R 0.273810 0.142857 0.511905 0.071429
B 0.154762 0.404762 0.190476 0.250000
>EP300_disc2 EP300_HeLa-S3_encode-Snyder_seq_hsa_IgG-rab-N-15_r1:MEME#2#Intergenic
N 0.188000 0.176000 0.288000 0.348000
R 0.592000 0.132000 0.168000 0.108000
T 0.028000 0.020000 0.004000 0.948000
T 0.000000 0.000000 0.040000 0.960000
K 0.104000 0.000000 0.600000 0.296000
C 0.008000 0.992000 0.000000 0.000000
A 0.716000 0.152000 0.016000 0.116000
H 0.224000 0.252000 0.032000 0.492000
M 0.448000 0.520000 0.016000 0.016000
A 0.984000 0.000000 0.000000 0.016000
B 0.020000 0.292000 0.208000 0.480000
H 0.292000 0.432000 0.072000 0.204000
H 0.244000 0.356000 0.036000 0.364000
H 0.272000 0.324000 0.076000 0.328000
H 0.252000 0.300000 0.132000 0.316000
>NR3C1_disc1 NR3C1_ECC-1_encode-Myers_seq_hsa_DEX-100nM-v041610.2_r1:MEME#2#Intergenic
R 0.485437 0.000000 0.427184 0.087379
G 0.024272 0.000000 0.912621 0.063107
R 0.436893 0.116505 0.315534 0.131068
A 0.912621 0.033981 0.033981 0.019417
C 0.000000 0.980583 0.000000 0.019417
W 0.631068 0.048544 0.116505 0.203883
Y 0.043689 0.237864 0.145631 0.572816
Y 0.014563 0.203883 0.116505 0.665049
B 0.106796 0.422330 0.242718 0.228155
T 0.097087 0.067961 0.000000 0.834952
G 0.009709 0.009709 0.966019 0.014563
T 0.024272 0.077670 0.029126 0.868932
Y 0.121359 0.325243 0.077670 0.475728
C 0.029126 0.854369 0.000000 0.116505
Y 0.111650 0.402913 0.009709 0.475728
>MYC_disc3 MAX_HeLa-S3_encode-Snyder_seq_hsa_r1:MDscan#1#Intergenic
V 0.354839 0.268817 0.290323 0.086022
T 0.000000 0.000000 0.000000 1.000000
G 0.000000 0.000000 1.000000 0.000000
A 1.000000 0.000000 0.000000 0.000000
S 0.032258 0.526882 0.408602 0.032258
T 0.000000 0.000000 0.000000 1.000000
C 0.043011 0.956989 0.000000 0.000000
A 1.000000 0.000000 0.000000 0.000000
B 0.086022 0.258065 0.290323 0.365591
B 0.107527 0.301075 0.290323 0.301075
