>UA3.1_Meme_1_w15
0.0600	0.6280	0.2240	0.0880
0.1800	0.3900	0.2820	0.1480
0.2040	0.2960	0.4540	0.0460
0.4560	0.2960	0.2180	0.0300
0.0160	0.0060	0.9740	0.0040
0.6080	0.3920	0.0000	0.0000
0.0000	1.0000	0.0000	0.0000
0.0000	0.9980	0.0000	0.0020
0.0500	0.9500	0.0000	0.0000
0.0000	0.6520	0.0080	0.3400
0.1280	0.4040	0.1400	0.3280
0.1500	0.3520	0.3700	0.1280
0.1060	0.5720	0.2080	0.1140
0.0900	0.5540	0.2180	0.1380
0.1260	0.5080	0.2420	0.1240
>UA3.1_Meme_2_w15
0.0133	0.9466	0.0400	0.0000
0.0000	0.9600	0.0400	0.0000
0.2533	0.0267	0.5467	0.1733
0.0267	0.5333	0.4400	0.0000
0.0000	0.7200	0.1200	0.1600
0.9866	0.0000	0.0000	0.0133
0.0000	0.0000	1.0000	0.0000
0.2533	0.0000	0.7466	0.0000
0.0667	0.0000	0.8266	0.1067
0.0267	0.0000	0.9733	0.0000
0.0000	0.1200	0.8800	0.0000
0.1467	0.7866	0.0267	0.0400
0.0400	0.0000	0.9600	0.0000
0.0267	0.7466	0.1200	0.1067
0.0667	0.3600	0.1867	0.3867
>UA3.1_Meme_3_w15
0.3571	0.1429	0.0001	0.4999
0.5713	0.2143	0.0001	0.2143
0.7142	0.2143	0.0715	0.0001
0.9998	0.0001	0.0001	0.0001
0.7856	0.0001	0.0001	0.2143
0.6427	0.0715	0.1429	0.1429
0.6427	0.0715	0.2143	0.0715
0.9284	0.0715	0.0001	0.0001
0.6427	0.2857	0.0715	0.0001
0.6427	0.0001	0.0715	0.2857
0.7142	0.1429	0.1429	0.0001
0.4999	0.2857	0.2143	0.0001
0.7856	0.0001	0.1429	0.0715
0.8570	0.0715	0.0715	0.0001
0.7856	0.0001	0.0001	0.2143
>UA3.1_Meme_4_w6
0.9999	0.0000	0.0000	0.0000
0.0000	0.0000	0.9999	0.0000
0.9999	0.0000	0.0000	0.0000
0.1778	0.0000	0.3333	0.4889
0.9999	0.0000	0.0000	0.0000
0.9999	0.0000	0.0000	0.0000
>UA3.1_Meme_5_w21
0.1667	0.0002	0.8329	0.0002
0.0002	0.8329	0.1667	0.0002
0.8329	0.1667	0.0002	0.0002
0.0002	0.3333	0.0002	0.6664
0.0002	0.0002	0.9995	0.0002
0.1667	0.6664	0.1667	0.0002
0.0002	0.3333	0.0002	0.6664
0.0002	0.0002	0.9995	0.0002
0.0002	0.0002	0.9995	0.0002
0.0002	0.0002	0.9995	0.0002
0.9995	0.0002	0.0002	0.0002
0.0002	0.1667	0.8329	0.0002
0.0002	0.0002	0.0002	0.9995
0.0002	0.1667	0.0002	0.8329
0.0002	0.1667	0.8329	0.0002
0.0002	0.0002	0.0002	0.9995
0.8329	0.0002	0.0002	0.1667
0.0002	0.0002	0.9995	0.0002
0.0002	0.0002	0.0002	0.9995
0.0002	0.1667	0.0002	0.8329
0.0002	0.4998	0.0002	0.4998
>SRF.1_Meme_1_w14
0.2564	0.2821	0.1231	0.3385
0.0744	0.1256	0.0308	0.7692
0.0205	0.0821	0.2564	0.6410
0.1872	0.1692	0.3641	0.2795
0.0000	1.0000	0.0000	0.0000
0.0000	0.9872	0.0000	0.0128
0.2077	0.0359	0.0000	0.7564
0.0667	0.0000	0.0000	0.9333
0.8436	0.0103	0.0385	0.1077
0.0308	0.0103	0.0000	0.9590
0.5795	0.0000	0.0026	0.4179
0.2026	0.0077	0.0077	0.7820
0.0256	0.0000	0.9744	0.0000
0.0000	0.0026	0.9974	0.0000
>SRF.1_Meme_2_w30
0.8695	0.0435	0.0870	0.0000
0.1739	0.4348	0.3478	0.0435
0.8695	0.0435	0.0435	0.0435
0.0870	0.0000	0.9129	0.0000
0.9129	0.0000	0.0870	0.0000
0.9999	0.0000	0.0000	0.0000
0.9999	0.0000	0.0000	0.0000
0.0000	0.2609	0.0870	0.6521
0.4782	0.3913	0.0000	0.1305
0.5652	0.0000	0.4348	0.0000
0.0000	0.8260	0.0435	0.1305
0.0000	0.6086	0.0000	0.3913
0.0435	0.0435	0.0870	0.8260
0.1305	0.0000	0.8695	0.0000
0.9564	0.0435	0.0000	0.0000
0.0435	0.0870	0.0000	0.8695
0.0435	0.0435	0.0000	0.9129
0.0870	0.0000	0.9129	0.0000
0.0435	0.0435	0.9129	0.0000
0.0000	0.5217	0.0000	0.4782
0.0000	0.0870	0.0435	0.8695
0.8260	0.0435	0.0870	0.0435
0.0000	0.8695	0.0000	0.1305
0.8695	0.0870	0.0435	0.0000
0.0435	0.0435	0.9129	0.0000
0.0000	0.7825	0.0435	0.1739
0.1739	0.0870	0.0435	0.6956
0.4782	0.2174	0.1305	0.1739
0.2609	0.0435	0.6521	0.0435
0.0435	0.0000	0.9129	0.0435
>SRF.1_Meme_3_w21
0.0527	0.0527	0.0001	0.8946
0.0001	0.0001	0.0001	0.9998
0.0527	0.0527	0.8946	0.0001
0.0001	0.9472	0.0001	0.0527
0.0001	0.9472	0.0001	0.0527
0.9998	0.0001	0.0001	0.0001
0.0001	0.0001	0.0001	0.9998
0.0001	0.0001	0.9998	0.0001
0.0001	0.0001	0.9998	0.0001
0.0001	0.9472	0.0527	0.0001
0.9472	0.0001	0.0001	0.0527
0.0001	0.0001	0.0001	0.9998
0.0001	0.1053	0.0001	0.8946
0.0001	0.0001	0.0001	0.9998
0.0527	0.0001	0.9472	0.0001
0.0001	0.0001	0.0001	0.9998
0.9998	0.0001	0.0001	0.0001
0.9472	0.0527	0.0001	0.0001
0.9998	0.0001	0.0001	0.0001
0.0001	0.9472	0.0001	0.0527
0.0527	0.0527	0.0001	0.8946
>SRF.1_Meme_4_w29
0.0001	0.0001	0.9998	0.0001
0.9998	0.0001	0.0001	0.0001
0.9998	0.0001	0.0001	0.0001
0.0001	0.0001	0.0001	0.9998
0.0001	0.0001	0.9998	0.0001
0.0001	0.0715	0.0001	0.9284
0.0715	0.0001	0.9284	0.0001
0.9998	0.0001	0.0001	0.0001
0.0001	0.0001	0.9998	0.0001
0.0001	0.9998	0.0001	0.0001
0.0001	0.0001	0.0001	0.9998
0.1429	0.0001	0.8570	0.0001
0.0001	0.0001	0.9284	0.0715
0.0001	0.0001	0.0001	0.9998
0.9284	0.0001	0.0715	0.0001
0.0001	0.9284	0.0001	0.0715
0.0001	0.0001	0.0001	0.9998
0.0001	0.0001	0.9998	0.0001
0.9998	0.0001	0.0001	0.0001
0.0001	0.0001	0.0001	0.9998
0.9998	0.0001	0.0001	0.0001
0.9998	0.0001	0.0001	0.0001
0.0001	0.6427	0.2857	0.0715
0.2143	0.3571	0.4285	0.0001
0.0001	0.9998	0.0001	0.0001
0.1429	0.4999	0.0001	0.3571
0.0715	0.0715	0.1429	0.7142
0.0001	0.2143	0.7142	0.0715
0.1429	0.0001	0.6427	0.2143
>SRF.1_Meme_5_w19
0.0345	0.7241	0.2414	0.0000
0.0000	0.0000	0.0000	0.9999
0.0345	0.0345	0.8620	0.0690
0.9309	0.0345	0.0345	0.0000
0.0690	0.0000	0.0345	0.8965
0.0345	0.6896	0.2069	0.0690
0.9654	0.0000	0.0000	0.0345
0.0345	0.0000	0.8620	0.1035
0.0000	0.1724	0.0690	0.7586
0.0000	0.0345	0.0345	0.9309
0.1724	0.0000	0.7930	0.0345
0.2069	0.0345	0.7241	0.0345
0.0690	0.8965	0.0000	0.0345
0.5862	0.0000	0.0345	0.3793
0.0345	0.0000	0.8620	0.1035
0.0000	0.8965	0.0000	0.1035
0.0000	0.8275	0.0000	0.1724
0.0345	0.0000	0.0345	0.9309
0.0345	0.0000	0.9654	0.0000
>CTCF.1_Meme_1_w15
0.0540	0.3180	0.5660	0.0620
0.0240	0.6460	0.0240	0.3060
0.0680	0.0420	0.7920	0.0980
0.0420	0.7900	0.0620	0.1060
0.0000	0.9940	0.0000	0.0060
0.2620	0.6660	0.0460	0.0260
0.0040	0.6180	0.0020	0.3760
0.0000	0.9980	0.0020	0.0000
0.0320	0.0640	0.0080	0.8960
0.2660	0.0900	0.5640	0.0800
0.0200	0.3440	0.6200	0.0160
0.0800	0.1940	0.0440	0.6820
0.0100	0.0020	0.9760	0.0120
0.0260	0.0660	0.8400	0.0680
0.1260	0.5940	0.0740	0.2060
>CTCF.1_Meme_2_w11
0.0940	0.3419	0.4957	0.0684
0.0427	0.8119	0.0940	0.0513
0.0598	0.0256	0.0000	0.9145
0.0000	0.0000	0.9914	0.0086
0.0000	0.9743	0.0000	0.0256
0.9401	0.0000	0.0000	0.0598
0.0855	0.1453	0.7521	0.0171
0.0171	0.0427	0.0256	0.9145
0.2051	0.1197	0.0940	0.5812
0.0000	0.8119	0.0684	0.1197
0.0342	0.7863	0.0000	0.1795
>CTCF.1_Meme_3_w8
0.0000	1.0000	0.0000	0.0000
0.5105	0.0000	0.0000	0.4895
0.0000	0.0000	1.0000	0.0000
0.3632	0.0000	0.4895	0.1474
0.2000	0.0000	0.8000	0.0000
0.3421	0.6579	0.0000	0.0000
0.4842	0.0000	0.0000	0.5158
0.0000	0.0000	1.0000	0.0000
>CTCF.1_Meme_4_w27
0.0002	0.0002	0.2000	0.7996
0.0002	0.9994	0.0002	0.0002
0.0002	0.0002	0.0002	0.9994
0.0002	0.0002	0.9994	0.0002
0.0002	0.0002	0.9994	0.0002
0.2000	0.0002	0.0002	0.7996
0.0002	0.9994	0.0002	0.0002
0.9994	0.0002	0.0002	0.0002
0.0002	0.7996	0.0002	0.2000
0.0002	0.9994	0.0002	0.0002
0.0002	0.0002	0.0002	0.9994
0.0002	0.0002	0.3999	0.5997
0.3999	0.2000	0.3999	0.0002
0.2000	0.0002	0.0002	0.7996
0.0002	0.7996	0.0002	0.2000
0.7996	0.0002	0.0002	0.2000
0.0002	0.3999	0.0002	0.5997
0.9994	0.0002	0.0002	0.0002
0.0002	0.5997	0.3999	0.0002
0.7996	0.2000	0.0002	0.0002
0.9994	0.0002	0.0002	0.0002
0.2000	0.2000	0.0002	0.5997
0.0002	0.0002	0.9994	0.0002
0.0002	0.0002	0.9994	0.0002
0.0002	0.0002	0.0002	0.9994
0.0002	0.0002	0.3999	0.5997
0.0002	0.0002	0.3999	0.5997
>CTCF.1_Meme_5_w21
0.0001	0.0001	0.2727	0.7271
0.0001	0.9089	0.0001	0.0910
0.0001	0.0001	0.0910	0.9089
0.0001	0.0001	0.9089	0.0910
0.0910	0.8180	0.0001	0.0910
0.0001	0.2727	0.0001	0.7271
0.0001	0.0001	0.9997	0.0001
0.0001	0.9997	0.0001	0.0001
0.0001	0.9997	0.0001	0.0001
0.3636	0.5453	0.0910	0.0001
0.0001	0.4545	0.0001	0.5453
0.0001	0.9997	0.0001	0.0001
0.1818	0.0910	0.0910	0.6362
0.2727	0.2727	0.0001	0.4545
0.3636	0.0001	0.6362	0.0001
0.0001	0.2727	0.0001	0.7271
0.0001	0.0001	0.9997	0.0001
0.0001	0.0001	0.9997	0.0001
0.0001	0.6362	0.0910	0.2727
0.0001	0.6362	0.1818	0.1818
0.4545	0.0001	0.5453	0.0001
>ESR1.1_Meme_1_w20
0.2932	0.1532	0.3304	0.2232
0.2582	0.1904	0.2735	0.2779
0.2079	0.2429	0.2232	0.3260
0.1772	0.4486	0.1707	0.2035
0.2210	0.4464	0.1050	0.2276
0.6805	0.0438	0.2057	0.0700
0.0088	0.0022	0.8293	0.1597
0.0000	0.0000	0.9847	0.0153
0.0306	0.0000	0.1116	0.8578
0.0000	0.9278	0.0547	0.0175
0.9475	0.0066	0.0241	0.0219
0.1247	0.4508	0.2604	0.1641
0.2341	0.3567	0.2188	0.1904
0.2057	0.3764	0.2538	0.1641
0.0766	0.1313	0.0066	0.7856
0.1204	0.0000	0.8753	0.0044
0.5514	0.2232	0.0810	0.1444
0.0416	0.8031	0.0350	0.1204
0.0722	0.8074	0.0000	0.1204
0.0328	0.3654	0.0678	0.5339
>ESR1.1_Meme_2_w29
0.2500	0.0001	0.7498	0.0001
0.1251	0.2500	0.0001	0.6248
0.2500	0.0001	0.6248	0.1251
0.0001	0.1251	0.0001	0.8747
0.0001	0.0001	0.8747	0.1251
0.8747	0.0001	0.1251	0.0001
0.0001	0.9996	0.0001	0.0001
0.0001	0.0001	0.1251	0.8747
0.1251	0.0001	0.0001	0.8747
0.9996	0.0001	0.0001	0.0001
0.8747	0.0001	0.1251	0.0001
0.1251	0.6248	0.0001	0.2500
0.0001	0.9996	0.0001	0.0001
0.1251	0.8747	0.0001	0.0001
0.0001	0.1251	0.0001	0.8747
0.0001	0.0001	0.0001	0.9996
0.0001	0.0001	0.9996	0.0001
0.0001	0.3749	0.0001	0.6248
0.0001	0.9996	0.0001	0.0001
0.1251	0.2500	0.0001	0.6248
0.2500	0.0001	0.7498	0.0001
0.3749	0.0001	0.6248	0.0001
0.0001	0.9996	0.0001	0.0001
0.9996	0.0001	0.0001	0.0001
0.0001	0.1251	0.0001	0.8747
0.0001	0.0001	0.9996	0.0001
0.0001	0.1251	0.8747	0.0001
0.1251	0.8747	0.0001	0.0001
0.0001	0.9996	0.0001	0.0001
>ESR1.1_Meme_3_w21
0.0000	0.6499	0.0500	0.3000
0.1500	0.3500	0.0000	0.5000
0.2500	0.0000	0.5000	0.2500
0.0000	0.7999	0.0500	0.1500
0.6499	0.3000	0.0000	0.0500
0.3000	0.0500	0.0500	0.5999
0.0500	0.4500	0.2500	0.2500
0.0000	0.7499	0.1000	0.1500
0.0500	0.0000	0.0000	0.9499
0.0000	0.1000	0.8999	0.0000
0.0000	0.0000	0.0000	0.9999
0.0000	0.0000	0.0000	0.9999
0.0000	0.0000	0.0500	0.9499
0.3000	0.0500	0.0000	0.6499
0.5999	0.1000	0.0000	0.3000
0.2500	0.0500	0.0000	0.6999
0.1500	0.6999	0.0000	0.1500
0.9499	0.0000	0.0000	0.0500
0.0000	0.0500	0.8499	0.1000
0.0000	0.7999	0.0000	0.2000
0.7999	0.0000	0.0000	0.2000
>ESR1.1_Meme_4_w29
0.4285	0.0001	0.5712	0.0001
0.0001	0.0001	0.0001	0.9996
0.1429	0.0001	0.8568	0.0001
0.1429	0.8568	0.0001	0.0001
0.0001	0.7140	0.0001	0.2857
0.4285	0.0001	0.5712	0.0001
0.8568	0.0001	0.1429	0.0001
0.0001	0.8568	0.0001	0.1429
0.0001	0.9996	0.0001	0.0001
0.0001	0.0001	0.0001	0.9996
0.0001	0.7140	0.1429	0.1429
0.0001	0.9996	0.0001	0.0001
0.1429	0.0001	0.0001	0.8568
0.5712	0.0001	0.4285	0.0001
0.1429	0.0001	0.0001	0.8568
0.0001	0.8568	0.0001	0.1429
0.0001	0.0001	0.0001	0.9996
0.0001	0.7140	0.1429	0.1429
0.9996	0.0001	0.0001	0.0001
0.0001	0.1429	0.0001	0.8568
0.0001	0.9996	0.0001	0.0001
0.0001	0.9996	0.0001	0.0001
0.0001	0.0001	0.0001	0.9996
0.0001	0.0001	0.9996	0.0001
0.0001	0.0001	0.0001	0.9996
0.1429	0.0001	0.8568	0.0001
0.8568	0.0001	0.1429	0.0001
0.0001	0.9996	0.0001	0.0001
0.0001	0.0001	0.0001	0.9996
>ESR1.1_Meme_5_w30
0.0001	0.4285	0.0001	0.5712
0.1429	0.0001	0.7140	0.1429
0.0001	0.8568	0.0001	0.1429
0.0001	0.9996	0.0001	0.0001
0.7140	0.2857	0.0001	0.0001
0.0001	0.9996	0.0001	0.0001
0.0001	0.1429	0.0001	0.8568
0.1429	0.0001	0.8568	0.0001
0.0001	0.9996	0.0001	0.0001
0.9996	0.0001	0.0001	0.0001
0.0001	0.2857	0.1429	0.5712
0.0001	0.2857	0.0001	0.7140
0.0001	0.9996	0.0001	0.0001
0.1429	0.5712	0.0001	0.2857
0.8568	0.0001	0.1429	0.0001
0.0001	0.0001	0.9996	0.0001
0.0001	0.8568	0.1429	0.0001
0.0001	0.9996	0.0001	0.0001
0.0001	0.0001	0.0001	0.9996
0.0001	0.0001	0.7140	0.2857
0.2857	0.0001	0.7140	0.0001
0.1429	0.0001	0.8568	0.0001
0.0001	0.1429	0.1429	0.7140
0.1429	0.0001	0.7140	0.1429
0.7140	0.1429	0.1429	0.0001
0.0001	0.7140	0.2857	0.0001
0.9996	0.0001	0.0001	0.0001
0.0001	0.1429	0.8568	0.0001
0.9996	0.0001	0.0001	0.0001
0.0001	0.0001	0.9996	0.0001
>ELK4.1_Meme_1_w11
0.3720	0.2160	0.3600	0.0520
0.0440	0.8040	0.1480	0.0040
0.0660	0.9240	0.0060	0.0040
0.0000	0.0000	1.0000	0.0000
0.0000	0.0000	1.0000	0.0000
1.0000	0.0000	0.0000	0.0000
0.9880	0.0000	0.0020	0.0100
0.0820	0.0520	0.8660	0.0000
0.0280	0.2600	0.0400	0.6720
0.1920	0.1260	0.5540	0.1280
0.2000	0.2640	0.4460	0.0900
>ELK4.1_Meme_2_w11
0.3399	0.1232	0.3966	0.1404
0.0000	0.5813	0.1798	0.2389
0.0000	0.0000	0.0000	1.0000
0.0000	0.0000	0.0000	1.0000
0.0000	1.0000	0.0000	0.0000
0.0000	1.0000	0.0000	0.0000
0.0000	0.0000	0.8522	0.1478
0.0320	0.2389	0.6108	0.1182
0.0961	0.3621	0.2808	0.2611
0.1182	0.2635	0.3079	0.3103
0.0862	0.4384	0.2759	0.1995
>ELK4.1_Meme_3_w21
0.2941	0.0001	0.7058	0.0001
0.5293	0.0001	0.4705	0.0001
0.9998	0.0001	0.0001	0.0001
0.0001	0.9998	0.0001	0.0001
0.0001	0.2941	0.0001	0.7058
0.8822	0.0589	0.0589	0.0001
0.0001	0.9410	0.0589	0.0001
0.7058	0.0589	0.1765	0.0589
0.7058	0.1177	0.0001	0.1765
0.0001	0.5293	0.1765	0.2941
0.0001	0.0001	0.0001	0.9998
0.0589	0.9410	0.0001	0.0001
0.0001	0.9410	0.0001	0.0589
0.0001	0.9998	0.0001	0.0001
0.7058	0.0001	0.2353	0.0589
0.0001	0.2353	0.7058	0.0589
0.5882	0.3529	0.0589	0.0001
0.7646	0.0001	0.2353	0.0001
0.1177	0.1177	0.2941	0.4705
0.1177	0.1765	0.5882	0.1177
0.0589	0.8822	0.0589	0.0001
>ELK4.1_Meme_4_w11
0.9999	0.0000	0.0000	0.0000
0.9499	0.0000	0.0500	0.0000
0.0000	0.3000	0.6999	0.0000
0.9499	0.0000	0.0500	0.0000
0.0000	0.0000	0.0000	0.9999
0.0000	0.0000	0.9999	0.0000
0.0000	0.0000	0.9999	0.0000
0.0500	0.9499	0.0000	0.0000
0.0500	0.0500	0.7499	0.1500
0.0000	0.0000	0.8999	0.1000
0.1000	0.7999	0.0000	0.1000
>ELK4.1_Meme_5_w11
0.0000	0.6052	0.0000	0.3947
0.0000	0.0790	0.0000	0.9210
0.0000	0.1579	0.0000	0.8420
0.0000	0.6579	0.0000	0.3421
0.0000	0.3684	0.0000	0.6315
0.0790	0.3684	0.4737	0.0790
0.0790	0.5000	0.0527	0.3684
0.0527	0.0000	0.0000	0.9473
0.0000	0.0000	0.0000	0.9999
0.0000	0.9473	0.0527	0.0000
0.0527	0.8684	0.0000	0.0790
>GATA3.2_Meme_1_w15
0.4479	0.1563	0.2812	0.1146
0.1250	0.4792	0.2812	0.1146
0.5625	0.0104	0.0208	0.4062
0.0104	0.0104	0.9791	0.0000
0.8854	0.0417	0.0104	0.0625
0.0000	0.0000	0.0000	1.0000
0.1146	0.1563	0.3125	0.4167
0.0625	0.4375	0.2812	0.2188
0.1146	0.3229	0.0000	0.5625
0.2604	0.0208	0.0833	0.6354
0.9583	0.0000	0.0417	0.0000
0.0000	0.0000	0.0000	1.0000
0.0000	1.0000	0.0000	0.0000
0.3646	0.0104	0.0000	0.6250
0.0938	0.3125	0.3958	0.1979
>GATA3.2_Meme_2_w15
0.0584	0.4890	0.2044	0.2482
0.2993	0.0438	0.0000	0.6569
0.0000	0.0146	0.9635	0.0219
0.7445	0.0219	0.0365	0.1971
0.0000	0.0219	0.0657	0.9124
0.2920	0.2482	0.2263	0.2336
0.3285	0.1752	0.1898	0.3066
0.1679	0.4015	0.0584	0.3723
0.9927	0.0000	0.0000	0.0073
0.0000	0.0146	0.0949	0.8905
0.0000	0.9270	0.0292	0.0438
0.2117	0.0219	0.0000	0.7664
0.1022	0.4525	0.3285	0.1168
0.1825	0.2774	0.0000	0.5401
0.0657	0.1095	0.5109	0.3139
>GATA3.2_Meme_3_w11
0.4894	0.0106	0.0372	0.4628
0.4202	0.1383	0.3830	0.0585
0.5000	0.0213	0.1915	0.2872
0.2447	0.0000	0.7553	0.0000
0.0692	0.4628	0.0000	0.4681
0.9149	0.0851	0.0000	0.0000
0.8457	0.1543	0.0000	0.0000
1.0000	0.0000	0.0000	0.0000
0.0000	0.8617	0.0000	0.1383
0.9681	0.0000	0.0000	0.0319
0.1862	0.1649	0.3830	0.2660
>GATA3.2_Meme_4_w11
0.0551	0.1417	0.3307	0.4724
0.0000	0.3779	0.4961	0.1260
0.0000	0.9685	0.0000	0.0315
0.0079	0.5748	0.0000	0.4173
0.3386	0.4567	0.1024	0.1024
0.2677	0.6299	0.0551	0.0473
0.9134	0.0000	0.0551	0.0315
0.0630	0.0000	0.9370	0.0000
0.0079	0.0787	0.9134	0.0000
0.0000	0.8425	0.1575	0.0000
0.5039	0.3386	0.0000	0.1575
>GATA3.2_Meme_5_w27
0.0002	0.0002	0.0002	0.9995
0.0002	0.0002	0.9995	0.0002
0.1667	0.0002	0.0002	0.8329
0.0002	0.0002	0.9995	0.0002
0.1667	0.0002	0.0002	0.8329
0.4998	0.0002	0.4998	0.0002
0.0002	0.3333	0.0002	0.6664
0.1667	0.4998	0.3333	0.0002
0.0002	0.0002	0.0002	0.9995
0.0002	0.1667	0.8329	0.0002
0.0002	0.3333	0.0002	0.6664
0.0002	0.6664	0.3333	0.0002
0.1667	0.0002	0.0002	0.8329
0.1667	0.1667	0.6664	0.0002
0.0002	0.0002	0.0002	0.9995
0.0002	0.0002	0.8329	0.1667
0.0002	0.0002	0.0002	0.9995
0.0002	0.1667	0.8329	0.0002
0.1667	0.0002	0.0002	0.8329
0.0002	0.0002	0.9995	0.0002
0.1667	0.0002	0.0002	0.8329
0.3333	0.0002	0.6664	0.0002
0.0002	0.0002	0.0002	0.9995
0.0002	0.1667	0.8329	0.0002
0.0002	0.0002	0.0002	0.9995
0.0002	0.1667	0.8329	0.0002
0.0002	0.3333	0.0002	0.6664
>REST.1_Meme_1_w21
0.1324	0.0172	0.7549	0.0956
0.0515	0.2206	0.6446	0.0833
0.2647	0.5539	0.0172	0.1642
0.0809	0.1078	0.7181	0.0931
0.0049	0.9755	0.0049	0.0147
0.0123	0.0000	0.0000	0.9877
0.0221	0.0907	0.8872	0.0000
0.0392	0.0123	0.0637	0.8848
0.0000	0.9853	0.0000	0.0147
0.0025	0.9804	0.0000	0.0172
0.4632	0.1005	0.3480	0.0882
0.1863	0.1593	0.0980	0.5564
0.0221	0.0098	0.9608	0.0074
0.0000	0.0000	1.0000	0.0000
0.0098	0.0000	0.0000	0.9902
0.0466	0.1348	0.7647	0.0539
0.0000	0.9706	0.0147	0.0147
0.0074	0.0270	0.0000	0.9657
0.0392	0.0147	0.9363	0.0098
0.7819	0.0637	0.1446	0.0098
0.5539	0.2549	0.0907	0.1005
>REST.1_Meme_2_w11
0.0877	0.0000	0.8421	0.0702
0.0176	0.1140	0.8333	0.0351
0.5175	0.3158	0.0088	0.1579
0.0439	0.0000	0.9298	0.0263
0.0000	1.0000	0.0000	0.0000
0.0000	0.0000	0.0000	1.0000
0.0000	0.0351	0.9649	0.0000
0.0263	0.0000	0.0000	0.9737
0.0000	0.9912	0.0000	0.0088
0.0000	1.0000	0.0000	0.0000
0.4912	0.0790	0.3246	0.1053
>REST.1_Meme_3_w8
0.0000	0.0000	0.9789	0.0211
0.0000	0.0000	0.0000	1.0000
0.0000	0.0000	0.9684	0.0316
0.0000	1.0000	0.0000	0.0000
0.0000	0.0000	0.0000	1.0000
0.0000	0.0000	1.0000	0.0000
1.0000	0.0000	0.0000	0.0000
0.8105	0.0632	0.0526	0.0737
>REST.1_Meme_4_w15
0.0001	0.6153	0.0001	0.3846
0.0001	0.0001	0.0001	0.9998
0.0001	0.1539	0.8460	0.0001
0.0770	0.3846	0.3077	0.2308
0.1539	0.0770	0.0001	0.7691
0.0001	0.0001	0.0001	0.9998
0.0001	0.4615	0.0001	0.5384
0.0001	0.6922	0.0001	0.3077
0.0001	0.9998	0.0001	0.0001
0.0001	0.0001	0.0001	0.9998
0.0001	0.2308	0.7691	0.0001
0.0001	0.0001	0.0001	0.9998
0.0001	0.7691	0.1539	0.0770
0.0001	0.2308	0.0001	0.7691
0.0001	0.3846	0.0770	0.5384
>REST.1_Meme_5_w21
0.6248	0.0001	0.0001	0.3749
0.1251	0.6248	0.0001	0.2500
0.0001	0.0001	0.6248	0.3749
0.0001	0.9996	0.0001	0.0001
0.0001	0.1251	0.0001	0.8747
0.0001	0.2500	0.1251	0.6248
0.0001	0.0001	0.0001	0.9996
0.0001	0.9996	0.0001	0.0001
0.0001	0.1251	0.0001	0.8747
0.0001	0.0001	0.1251	0.8747
0.1251	0.4999	0.3749	0.0001
0.3749	0.0001	0.1251	0.4999
0.0001	0.0001	0.9996	0.0001
0.7498	0.0001	0.1251	0.1251
0.1251	0.6248	0.0001	0.2500
0.0001	0.1251	0.3749	0.4999
0.0001	0.0001	0.9996	0.0001
0.8747	0.0001	0.1251	0.0001
0.2500	0.3749	0.3749	0.0001
0.8747	0.0001	0.0001	0.1251
0.3749	0.0001	0.0001	0.6248
>CREB-ext.4_Meme_1_w11
0.1796	0.2017	0.5497	0.0691
0.1464	0.0000	0.8536	0.0000
0.0000	0.0387	0.0028	0.9586
0.0000	0.8702	0.1298	0.0000
0.9972	0.0000	0.0000	0.0028
0.0000	0.9668	0.0221	0.0111
0.1105	0.0000	0.8895	0.0000
0.0000	0.0249	0.0000	0.9751
0.0000	0.1243	0.8757	0.0000
0.4641	0.1547	0.3260	0.0553
0.0691	0.4641	0.2845	0.1823
>CREB-ext.4_Meme_2_w19
0.9591	0.0204	0.0204	0.0000
0.0000	0.9999	0.0000	0.0000
0.0000	0.0000	0.0000	0.9999
0.9183	0.0204	0.0408	0.0204
0.0000	0.9999	0.0000	0.0000
0.8571	0.0408	0.0816	0.0204
0.4082	0.0816	0.0816	0.4286
0.0612	0.2653	0.1225	0.5510
0.0204	0.1021	0.0000	0.8775
0.0000	0.9591	0.0000	0.0408
0.0000	0.9795	0.0000	0.0204
0.0000	0.9999	0.0000	0.0000
0.7959	0.0000	0.1633	0.0408
0.0204	0.0204	0.8775	0.0816
0.2653	0.5306	0.1633	0.0408
0.4286	0.1225	0.3469	0.1021
0.0408	0.1225	0.3673	0.4694
0.0000	0.3673	0.5306	0.1021
0.0000	0.9591	0.0000	0.0408
>CREB-ext.4_Meme_3_w8
0.0000	1.0000	0.0000	0.0000
1.0000	0.0000	0.0000	0.0000
0.0000	0.7826	0.0000	0.2174
0.0174	0.0696	0.9130	0.0000
0.0000	0.0000	0.0000	1.0000
0.0000	0.0000	1.0000	0.0000
1.0000	0.0000	0.0000	0.0000
0.0000	0.6869	0.1304	0.1826
>CREB-ext.4_Meme_4_w18
0.0000	0.9523	0.0238	0.0238
0.0714	0.0000	0.9285	0.0000
0.0238	0.1191	0.0000	0.8571
0.1548	0.7976	0.0000	0.0476
0.9047	0.0000	0.0119	0.0833
0.0595	0.1905	0.1071	0.6428
0.2143	0.5238	0.0476	0.2143
0.4643	0.1905	0.2024	0.1429
0.1548	0.2738	0.4524	0.1191
0.1667	0.3214	0.2738	0.2381
0.1310	0.3809	0.4762	0.0119
0.2024	0.3929	0.2024	0.2024
0.0000	0.0000	0.9643	0.0357
0.0119	0.9881	0.0000	0.0000
0.0119	0.0000	0.9881	0.0000
0.2381	0.6786	0.0000	0.0833
0.0238	0.9047	0.0595	0.0119
0.1310	0.1786	0.6309	0.0595
>CREB-ext.4_Meme_5_w11
0.1806	0.0139	0.8055	0.0000
0.0278	0.9722	0.0000	0.0000
0.0139	0.0278	0.9583	0.0000
0.0000	1.0000	0.0000	0.0000
0.8611	0.0000	0.1389	0.0000
0.0556	0.0972	0.4861	0.3611
0.0000	0.0695	0.9305	0.0000
0.0139	0.9861	0.0000	0.0000
0.0000	0.0000	0.9166	0.0833
0.0000	0.9166	0.0278	0.0556
0.7083	0.2222	0.0695	0.0000
>GFI1.2_Meme_1_w10
0.3372	0.1744	0.2984	0.1899
0.1085	0.4496	0.3953	0.0465
0.6899	0.0000	0.0000	0.3101
0.0000	0.0000	1.0000	0.0000
1.0000	0.0000	0.0000	0.0000
0.0000	0.0000	0.0000	1.0000
0.8915	0.0000	0.0000	0.1085
0.9186	0.0000	0.0814	0.0000
0.1822	0.1977	0.6201	0.0000
0.3333	0.2674	0.3605	0.0388
>GFI1.2_Meme_2_w8
1.0000	0.0000	0.0000	0.0000
1.0000	0.0000	0.0000	0.0000
0.0000	0.2985	0.0000	0.7015
0.0000	1.0000	0.0000	0.0000
0.6269	0.0000	0.0000	0.3731
0.0000	0.7164	0.2836	0.0000
0.6716	0.0000	0.0000	0.3284
0.0000	0.0000	1.0000	0.0000
>GFI1.2_Meme_3_w11
0.0976	0.4390	0.4024	0.0610
0.0000	0.0000	0.0000	1.0000
0.0000	0.0732	0.9268	0.0000
0.9390	0.0000	0.0000	0.0610
0.0488	0.0000	0.9512	0.0000
0.0000	0.0000	0.0000	1.0000
0.0610	0.8902	0.0000	0.0488
1.0000	0.0000	0.0000	0.0000
0.0000	0.4268	0.2317	0.3415
0.0610	0.3293	0.3293	0.2805
0.2805	0.3415	0.3049	0.0732
>GFI1.2_Meme_4_w21
0.1905	0.0476	0.5357	0.2262
0.3095	0.1786	0.4762	0.0357
0.4881	0.0952	0.2738	0.1429
0.2024	0.0238	0.6428	0.1310
0.2143	0.1071	0.6190	0.0595
0.0833	0.1071	0.4405	0.3690
0.1429	0.0000	0.5357	0.3214
0.0000	0.1905	0.8095	0.0000
0.5476	0.0119	0.1667	0.2738
0.0000	0.0000	1.0000	0.0000
0.1786	0.0000	0.8214	0.0000
0.2024	0.2738	0.4048	0.1191
0.5357	0.0476	0.0714	0.3452
0.0000	0.0000	0.9762	0.0238
0.0833	0.1786	0.6666	0.0714
0.6309	0.0238	0.3452	0.0000
0.3095	0.0119	0.5238	0.1548
0.2976	0.0238	0.5833	0.0952
0.2857	0.0000	0.6428	0.0714
0.2976	0.0595	0.5000	0.1429
0.4048	0.0952	0.4048	0.0952
>GFI1.2_Meme_5_w28
0.3636	0.5453	0.0001	0.0910
0.0001	0.0001	0.8180	0.1818
0.0001	0.9997	0.0001	0.0001
0.0001	0.0001	0.0001	0.9997
0.0001	0.0001	0.9089	0.0910
0.0001	0.0001	0.0910	0.9089
0.0001	0.9997	0.0001	0.0001
0.0001	0.9089	0.0001	0.0910
0.4545	0.1818	0.2727	0.0910
0.2727	0.2727	0.0910	0.3636
0.0910	0.0001	0.9089	0.0001
0.0001	0.0001	0.9997	0.0001
0.0001	0.0001	0.1818	0.8180
0.0001	0.0910	0.8180	0.0910
0.0001	0.9997	0.0001	0.0001
0.0910	0.0001	0.0001	0.9089
0.0910	0.0001	0.9089	0.0001
0.6362	0.1818	0.1818	0.0001
0.2727	0.3636	0.2727	0.0910
0.1818	0.3636	0.4545	0.0001
0.0001	0.7271	0.2727	0.0001
0.0910	0.6362	0.0001	0.2727
0.4545	0.0001	0.3636	0.1818
0.0001	0.5453	0.3636	0.0910
0.2727	0.1818	0.3636	0.1818
0.0910	0.3636	0.1818	0.3636
0.0001	0.4545	0.3636	0.1818
0.0001	0.9997	0.0001	0.0001
>B-Box.1_Meme_1_w16
0.0916	0.1163	0.5941	0.1980
0.0866	0.0025	0.8985	0.0124
0.0050	0.0000	0.9950	0.0000
0.5446	0.0223	0.2178	0.2153
0.1980	0.3292	0.0272	0.4455
0.0000	0.0074	0.0099	0.9827
0.0000	0.8069	0.0000	0.1931
0.0074	0.0000	0.9926	0.0000
1.0000	0.0000	0.0000	0.0000
0.9530	0.0025	0.0000	0.0446
0.0025	0.9975	0.0000	0.0000
0.0198	0.7327	0.0074	0.2401
0.1139	0.6757	0.0866	0.1238
0.2599	0.1782	0.4777	0.0842
0.0297	0.4183	0.4059	0.1460
0.1881	0.0248	0.7574	0.0297
>B-Box.1_Meme_2_w30
0.0054	0.8494	0.0161	0.1290
0.1129	0.0968	0.1452	0.6452
0.0968	0.4570	0.0000	0.4462
0.1290	0.3065	0.1183	0.4462
0.0968	0.2688	0.2957	0.3387
0.0699	0.0645	0.7688	0.0968
0.3441	0.3280	0.1452	0.1828
0.1398	0.0161	0.1828	0.6613
0.0000	0.2043	0.0054	0.7903
0.3871	0.1935	0.2849	0.1344
0.2204	0.2527	0.3118	0.2151
0.2043	0.1828	0.2796	0.3333
0.9355	0.0000	0.0645	0.0000
0.1989	0.0108	0.7903	0.0000
0.1828	0.1452	0.3441	0.3280
0.0538	0.8172	0.1290	0.0000
0.3656	0.2903	0.2473	0.0968
0.4839	0.2043	0.2634	0.0484
0.4140	0.0269	0.5054	0.0538
0.1882	0.5107	0.1344	0.1667
0.2258	0.0000	0.7742	0.0000
0.0054	0.5645	0.1183	0.3118
0.0591	0.1667	0.3172	0.4570
0.1290	0.5484	0.0108	0.3118
0.0000	0.0054	0.0000	0.9946
0.7097	0.1935	0.0269	0.0699
0.5161	0.3548	0.0323	0.0968
0.0000	1.0000	0.0000	0.0000
0.1720	0.6882	0.1183	0.0215
0.6344	0.2742	0.0591	0.0323
>B-Box.1_Meme_3_w30
0.8461	0.0513	0.1026	0.0000
0.6923	0.2820	0.0257	0.0000
0.3077	0.5128	0.0769	0.1026
0.6923	0.0513	0.0257	0.2308
0.1282	0.0769	0.3333	0.4615
0.1539	0.0513	0.7948	0.0000
0.1282	0.0257	0.6923	0.1539
0.2051	0.2051	0.2564	0.3333
0.3333	0.0000	0.6666	0.0000
0.8717	0.0257	0.0769	0.0257
0.7948	0.0513	0.1539	0.0000
0.6410	0.2564	0.0257	0.0769
0.0257	0.8974	0.0000	0.0769
0.0000	0.8461	0.0513	0.1026
0.0000	0.8717	0.0257	0.1026
0.0000	0.7435	0.0257	0.2308
0.1539	0.0257	0.7692	0.0513
0.0513	0.0513	0.0000	0.8974
0.0257	0.8717	0.0257	0.0769
0.0257	0.0257	0.0257	0.9230
0.0000	0.9230	0.0257	0.0513
0.0257	0.1539	0.0513	0.7692
0.8974	0.0257	0.0513	0.0257
0.0769	0.8205	0.0257	0.0769
0.1282	0.1026	0.0000	0.7692
0.9486	0.0257	0.0257	0.0000
0.9230	0.0257	0.0000	0.0513
0.9230	0.0513	0.0257	0.0000
0.9743	0.0257	0.0000	0.0000
0.8205	0.0257	0.1026	0.0513
>B-Box.1_Meme_4_w21
0.8906	0.0938	0.0000	0.0156
0.6250	0.0156	0.3281	0.0313
0.4687	0.0156	0.5156	0.0000
0.5156	0.0156	0.4687	0.0000
0.0156	0.5625	0.0156	0.4062
0.0000	0.0469	0.0313	0.9218
0.4375	0.0469	0.1406	0.3750
0.0156	0.5625	0.4062	0.0156
0.0938	0.8125	0.0156	0.0781
0.0156	0.4219	0.1406	0.4219
0.1563	0.0156	0.7812	0.0469
0.0313	0.0156	0.9062	0.0469
0.5469	0.0625	0.3906	0.0000
0.0781	0.3594	0.4844	0.0781
0.0469	0.0313	0.8593	0.0625
0.4687	0.0625	0.0000	0.4687
0.0938	0.0000	0.9062	0.0000
0.0469	0.0156	0.9375	0.0000
0.1094	0.1719	0.0156	0.7031
0.0938	0.0000	0.8750	0.0313
0.1250	0.0469	0.8125	0.0156
>B-Box.1_Meme_5_w30
0.0857	0.6285	0.2286	0.0572
0.0286	0.7999	0.0286	0.1429
0.0000	0.0857	0.0000	0.9142
0.0000	0.9428	0.0000	0.0572
0.8856	0.0857	0.0000	0.0286
0.6857	0.0286	0.2857	0.0000
0.0286	0.0000	0.9713	0.0000
0.0572	0.4000	0.0286	0.5143
0.1429	0.0000	0.7428	0.1143
0.8856	0.0000	0.1143	0.0000
0.0572	0.0286	0.0000	0.9142
0.0000	0.7428	0.0286	0.2286
0.0000	0.9713	0.0286	0.0000
0.2000	0.0000	0.3428	0.4571
0.0286	0.7999	0.0286	0.1429
0.0286	0.7999	0.0000	0.1714
0.1143	0.4857	0.0286	0.3714
0.1143	0.0286	0.7714	0.0857
0.0000	0.8571	0.0000	0.1429
0.0286	0.8571	0.0286	0.0857
0.0000	0.0572	0.0000	0.9428
0.0286	0.7428	0.0857	0.1429
0.3143	0.0857	0.5428	0.0572
0.0572	0.0286	0.8856	0.0286
0.0000	0.7714	0.0857	0.1429
0.0286	0.9428	0.0000	0.0286
0.0286	0.0000	0.0572	0.9142
0.0000	0.7142	0.0857	0.2000
0.0286	0.8571	0.0286	0.0857
0.0572	0.7428	0.1143	0.0857
>ESRRA.1_Meme_1_w11
0.1720	0.1740	0.4680	0.1860
0.1220	0.3780	0.3500	0.1500
0.0800	0.5700	0.0920	0.2580
0.2260	0.6240	0.1280	0.0220
0.8660	0.0360	0.0940	0.0040
0.9060	0.0020	0.0860	0.0060
0.0220	0.0000	0.9720	0.0060
0.0060	0.0000	0.9460	0.0480
0.0760	0.0480	0.1660	0.7100
0.0000	0.9240	0.0620	0.0140
0.8920	0.0380	0.0460	0.0240
>ESRRA.1_Meme_2_w29
0.4865	0.0541	0.2703	0.1892
0.0811	0.0271	0.8378	0.0541
0.0000	0.7837	0.0811	0.1351
0.0541	0.7297	0.0000	0.2162
0.0541	0.1351	0.0000	0.8108
0.0000	0.8918	0.0271	0.0811
0.6486	0.1892	0.1351	0.0271
0.1892	0.1351	0.6486	0.0271
0.0271	0.1622	0.1081	0.7027
0.0541	0.1081	0.1351	0.7027
0.0541	0.0271	0.1351	0.7837
0.0000	0.7027	0.0541	0.2432
0.0271	0.6756	0.0811	0.2162
0.0271	0.2703	0.0541	0.6486
0.0811	0.7027	0.0541	0.1622
0.6486	0.2162	0.1081	0.0271
0.0541	0.0271	0.0271	0.8918
0.0000	0.9459	0.0000	0.0541
0.0000	0.0541	0.0811	0.8648
0.1081	0.0271	0.8648	0.0000
0.1081	0.2703	0.0000	0.6216
0.5946	0.0271	0.2973	0.0811
0.8378	0.1081	0.0271	0.0271
0.9459	0.0000	0.0000	0.0541
0.8108	0.0000	0.1351	0.0541
0.0271	0.0271	0.1081	0.8378
0.0000	0.0000	0.9729	0.0271
0.0271	0.0000	0.9729	0.0000
0.0811	0.0271	0.8648	0.0271
>ESRRA.1_Meme_3_w11
0.3696	0.2783	0.1913	0.1609
0.3565	0.1696	0.4174	0.0565
0.6739	0.0000	0.3261	0.0000
0.0000	0.0000	1.0000	0.0000
0.2000	0.0000	0.4956	0.3043
0.1391	0.2870	0.2870	0.2870
0.0000	1.0000	0.0000	0.0000
1.0000	0.0000	0.0000	0.0000
0.3522	0.1870	0.4609	0.0000
0.5696	0.0000	0.2522	0.1783
0.0000	0.0000	1.0000	0.0000
>ESRRA.1_Meme_4_w29
0.1251	0.0001	0.8747	0.0001
0.0001	0.0001	0.2500	0.7498
0.0001	0.0001	0.0001	0.9996
0.0001	0.0001	0.8747	0.1251
0.9996	0.0001	0.0001	0.0001
0.0001	0.9996	0.0001	0.0001
0.0001	0.9996	0.0001	0.0001
0.1251	0.0001	0.0001	0.8747
0.0001	0.0001	0.1251	0.8747
0.1251	0.0001	0.8747	0.0001
0.9996	0.0001	0.0001	0.0001
0.8747	0.1251	0.0001	0.0001
0.7498	0.0001	0.2500	0.0001
0.0001	0.2500	0.0001	0.7498
0.2500	0.0001	0.7498	0.0001
0.0001	0.8747	0.0001	0.1251
0.0001	0.8747	0.0001	0.1251
0.9996	0.0001	0.0001	0.0001
0.1251	0.0001	0.0001	0.8747
0.2500	0.0001	0.7498	0.0001
0.1251	0.0001	0.0001	0.8747
0.0001	0.0001	0.9996	0.0001
0.0001	0.9996	0.0001	0.0001
0.0001	0.0001	0.0001	0.9996
0.0001	0.8747	0.0001	0.1251
0.0001	0.0001	0.0001	0.9996
0.0001	0.9996	0.0001	0.0001
0.0001	0.6248	0.0001	0.3749
0.9996	0.0001	0.0001	0.0001
>ESRRA.1_Meme_5_w13
0.0625	0.4687	0.0625	0.4062
0.0000	0.0313	0.8437	0.1250
0.0938	0.9062	0.0000	0.0000
0.0000	0.9999	0.0000	0.0000
0.6250	0.3750	0.0000	0.0000
0.0000	0.7499	0.0000	0.2500
0.0313	0.9062	0.0625	0.0000
0.0000	0.0000	0.0000	0.9999
0.2500	0.0000	0.6874	0.0625
0.0000	0.3125	0.6874	0.0000
0.0938	0.0000	0.0313	0.8749
0.0000	0.0000	0.9999	0.0000
0.0000	0.0000	0.9999	0.0000
>UA2.1_Meme_1_w13
0.1008	0.3810	0.2964	0.2218
0.2117	0.2198	0.4052	0.1633
0.0968	0.4093	0.3649	0.1290
0.1270	0.7379	0.0726	0.0625
0.1149	0.3206	0.0302	0.5343
0.0464	0.0000	0.9294	0.0242
0.0020	0.4093	0.0000	0.5887
0.0000	0.9859	0.0000	0.0141
0.6210	0.1935	0.1048	0.0806
0.3710	0.3548	0.2681	0.0061
0.0000	0.0000	0.0020	0.9980
0.0081	0.9657	0.0000	0.0262
0.5968	0.1371	0.1210	0.1452
>UA2.1_Meme_2_w15
0.1555	0.3298	0.2359	0.2788
0.4021	0.0912	0.4826	0.0241
0.2601	0.1233	0.4987	0.1180
0.0000	0.9946	0.0027	0.0027
0.0000	1.0000	0.0000	0.0000
1.0000	0.0000	0.0000	0.0000
0.9544	0.0000	0.0456	0.0000
0.0000	0.0080	0.0000	0.9919
0.1823	0.3378	0.4424	0.0375
0.4155	0.0402	0.5442	0.0000
0.2011	0.2064	0.4933	0.0992
0.4182	0.2225	0.2466	0.1126
0.3512	0.1019	0.4397	0.1072
0.1394	0.3083	0.3619	0.1903
0.1072	0.3727	0.3753	0.1448
>UA2.1_Meme_3_w15
0.2500	0.1859	0.4167	0.1474
0.4423	0.1410	0.3205	0.0962
0.2628	0.0705	0.5897	0.0769
0.1987	0.0000	0.7051	0.0962
0.2949	0.0000	0.7051	0.0000
0.0000	0.0000	1.0000	0.0000
0.0000	0.0000	1.0000	0.0000
0.0192	0.8974	0.0000	0.0833
0.0256	0.0000	0.9743	0.0000
0.0000	0.0000	1.0000	0.0000
0.1474	0.0000	0.7949	0.0577
0.2885	0.0962	0.5897	0.0256
0.1795	0.7436	0.0064	0.0705
0.1346	0.4423	0.1923	0.2308
0.2436	0.1538	0.2051	0.3974
>UA2.1_Meme_4_w21
0.0001	0.7998	0.1001	0.1001
0.0001	0.5999	0.0001	0.3999
0.1001	0.0001	0.0001	0.8997
0.0001	0.9997	0.0001	0.0001
0.7998	0.1001	0.0001	0.1001
0.0001	0.0001	0.0001	0.9997
0.0001	0.0001	0.0001	0.9997
0.0001	0.9997	0.0001	0.0001
0.6998	0.2000	0.1001	0.0001
0.0001	0.0001	0.9997	0.0001
0.0001	0.3000	0.0001	0.6998
0.0001	0.4999	0.4999	0.0001
0.0001	0.8997	0.1001	0.0001
0.7998	0.1001	0.0001	0.1001
0.0001	0.1001	0.6998	0.2000
0.0001	0.3000	0.0001	0.6998
0.3000	0.0001	0.6998	0.0001
0.0001	0.0001	0.0001	0.9997
0.3000	0.4999	0.1001	0.1001
0.0001	0.0001	0.0001	0.9997
0.0001	0.1001	0.8997	0.0001
>UA2.1_Meme_5_w11
0.0000	0.2903	0.0000	0.7096
0.1936	0.4193	0.2581	0.1290
0.9999	0.0000	0.0000	0.0000
0.0000	0.0000	0.0000	0.9999
0.0000	0.0000	0.0000	0.9999
0.0968	0.0000	0.9031	0.0000
0.0645	0.0000	0.9354	0.0000
0.6451	0.0323	0.0000	0.3226
0.1936	0.2581	0.3548	0.1936
0.5161	0.0645	0.4193	0.0000
0.8709	0.0000	0.1290	0.0000
>SOX2-OCT4.1_Meme_1_w15
0.0615	0.4989	0.1526	0.2870
0.0592	0.6241	0.0592	0.2574
0.4419	0.0296	0.0068	0.5216
0.0068	0.0114	0.0159	0.9658
0.0296	0.0023	0.0456	0.9225
0.0866	0.2415	0.6378	0.0342
0.2301	0.0046	0.0159	0.7494
0.1321	0.3394	0.0843	0.4442
0.9909	0.0000	0.0023	0.0068
0.0023	0.0046	0.0023	0.9909
0.0000	0.0000	0.9339	0.0661
0.0068	0.7449	0.1002	0.1481
0.8223	0.0114	0.0478	0.1185
0.5262	0.0661	0.2688	0.1390
0.7585	0.0615	0.0957	0.0843
>SOX2-OCT4.1_Meme_2_w11
0.2975	0.3636	0.0744	0.2645
0.8347	0.0744	0.0000	0.0909
0.0000	0.0000	0.0000	1.0000
0.0165	0.0827	0.2727	0.6281
0.1488	0.2314	0.0000	0.6198
0.1736	0.0000	0.8264	0.0000
0.0165	0.9834	0.0000	0.0000
1.0000	0.0000	0.0000	0.0000
0.0000	0.0000	0.0000	1.0000
0.6529	0.0992	0.0331	0.2149
0.2645	0.0661	0.0661	0.6033
>SOX2-OCT4.1_Meme_3_w15
0.0000	0.5581	0.1860	0.2558
0.0000	0.9651	0.0349	0.0000
0.3837	0.1744	0.0000	0.4419
0.0000	0.2442	0.3837	0.3721
0.0581	0.6744	0.0233	0.2442
0.0000	0.6860	0.0000	0.3140
0.1512	0.7093	0.0116	0.1279
0.0349	0.5930	0.0000	0.3721
0.0581	0.4535	0.0000	0.4884
0.1744	0.4302	0.0233	0.3721
0.0000	0.4070	0.0000	0.5930
0.0000	0.6395	0.0581	0.3023
0.0233	0.5930	0.0000	0.3837
0.0000	0.9418	0.0000	0.0581
0.1512	0.3605	0.0000	0.4884
>SOX2-OCT4.1_Meme_4_w29
0.0002	0.9995	0.0002	0.0002
0.0002	0.9995	0.0002	0.0002
0.8329	0.1667	0.0002	0.0002
0.0002	0.0002	0.0002	0.9995
0.8329	0.1667	0.0002	0.0002
0.0002	0.1667	0.0002	0.8329
0.0002	0.0002	0.0002	0.9995
0.0002	0.0002	0.9995	0.0002
0.8329	0.0002	0.1667	0.0002
0.8329	0.0002	0.1667	0.0002
0.0002	0.0002	0.0002	0.9995
0.1667	0.0002	0.8329	0.0002
0.1667	0.0002	0.0002	0.8329
0.6664	0.0002	0.1667	0.1667
0.0002	0.8329	0.1667	0.0002
0.3333	0.6664	0.0002	0.0002
0.1667	0.0002	0.0002	0.8329
0.0002	0.0002	0.9995	0.0002
0.0002	0.1667	0.8329	0.0002
0.0002	0.8329	0.0002	0.1667
0.0002	0.0002	0.0002	0.9995
0.0002	0.3333	0.0002	0.6664
0.0002	0.6664	0.1667	0.1667
0.1667	0.4998	0.0002	0.3333
0.9995	0.0002	0.0002	0.0002
0.0002	0.0002	0.9995	0.0002
0.0002	0.1667	0.8329	0.0002
0.1667	0.1667	0.0002	0.6664
0.9995	0.0002	0.0002	0.0002
>SOX2-OCT4.1_Meme_5_w30
0.1818	0.0001	0.0001	0.8180
0.0001	0.0910	0.7271	0.1818
0.8180	0.0001	0.1818	0.0001
0.3636	0.0910	0.4545	0.0910
0.6362	0.0001	0.3636	0.0001
0.8180	0.0910	0.0910	0.0001
0.9089	0.0001	0.0001	0.0910
0.4545	0.0001	0.4545	0.0910
0.5453	0.0001	0.4545	0.0001
0.0910	0.8180	0.0910	0.0001
0.8180	0.0910	0.0910	0.0001
0.4545	0.0910	0.0001	0.4545
0.1818	0.0001	0.0001	0.8180
0.0001	0.4545	0.1818	0.3636
0.0910	0.6362	0.0910	0.1818
0.1818	0.0001	0.0001	0.8180
0.0001	0.0001	0.9997	0.0001
0.3636	0.0001	0.6362	0.0001
0.4545	0.1818	0.3636	0.0001
0.0910	0.0001	0.0001	0.9089
0.1818	0.2727	0.0001	0.5453
0.1818	0.0910	0.5453	0.1818
0.0001	0.2727	0.0910	0.6362
0.7271	0.0001	0.2727	0.0001
0.9997	0.0001	0.0001	0.0001
0.7271	0.0001	0.2727	0.0001
0.3636	0.0910	0.5453	0.0001
0.0001	0.9089	0.0910	0.0001
0.0001	0.0001	0.0001	0.9997
0.0910	0.0001	0.9089	0.0001
>UA12.2_Meme_1_w21
0.3619	0.1143	0.3048	0.2190
0.4667	0.2190	0.2095	0.1048
0.3905	0.2000	0.2095	0.2000
0.3524	0.0952	0.2762	0.2762
0.2000	0.2476	0.2571	0.2952
0.3429	0.1619	0.1810	0.3143
0.4000	0.3524	0.0667	0.1810
0.7047	0.0095	0.0000	0.2857
0.3429	0.0952	0.0857	0.4762
0.3809	0.1238	0.0191	0.4762
0.3905	0.0000	0.2000	0.4095
0.2762	0.2952	0.4286	0.0000
0.5238	0.4667	0.0000	0.0095
0.9714	0.0000	0.0000	0.0286
0.3524	0.0000	0.1333	0.5143
0.3619	0.0952	0.4000	0.1429
0.8095	0.0000	0.0095	0.1810
0.0762	0.5238	0.2476	0.1524
1.0000	0.0000	0.0000	0.0000
0.9428	0.0000	0.0286	0.0286
0.4952	0.0476	0.0000	0.4571
>UA12.2_Meme_2_w21
0.4430	0.1772	0.2785	0.1013
0.4557	0.0000	0.2785	0.2658
0.0000	0.0000	0.0000	1.0000
0.0000	0.0000	1.0000	0.0000
0.0000	0.0000	1.0000	0.0000
0.2405	0.0000	0.0760	0.6835
0.4937	0.1772	0.0633	0.2658
0.0253	0.6076	0.0760	0.2911
0.3291	0.4177	0.2532	0.0000
0.0633	0.0127	0.5823	0.3418
0.0127	0.5443	0.0000	0.4430
0.0000	0.9873	0.0000	0.0127
0.0127	0.9620	0.0000	0.0253
0.3797	0.0127	0.5190	0.0886
0.0000	0.4304	0.3418	0.2278
0.1139	0.3418	0.2025	0.3418
0.0633	0.5190	0.2532	0.1646
0.1139	0.4810	0.2405	0.1646
0.0253	0.3924	0.3797	0.2025
0.0760	0.5063	0.2278	0.1899
0.1519	0.4683	0.1646	0.2152
>UA12.2_Meme_3_w30
0.0001	0.8747	0.0001	0.1251
0.8747	0.0001	0.1251	0.0001
0.0001	0.0001	0.9996	0.0001
0.9996	0.0001	0.0001	0.0001
0.0001	0.0001	0.9996	0.0001
0.9996	0.0001	0.0001	0.0001
0.9996	0.0001	0.0001	0.0001
0.1251	0.8747	0.0001	0.0001
0.0001	0.6248	0.0001	0.3749
0.1251	0.0001	0.8747	0.0001
0.0001	0.0001	0.9996	0.0001
0.0001	0.0001	0.0001	0.9996
0.0001	0.9996	0.0001	0.0001
0.0001	0.0001	0.0001	0.9996
0.1251	0.0001	0.8747	0.0001
0.9996	0.0001	0.0001	0.0001
0.0001	0.9996	0.0001	0.0001
0.0001	0.0001	0.0001	0.9996
0.9996	0.0001	0.0001	0.0001
0.0001	0.0001	0.9996	0.0001
0.9996	0.0001	0.0001	0.0001
0.9996	0.0001	0.0001	0.0001
0.0001	0.0001	0.0001	0.9996
0.0001	0.0001	0.0001	0.9996
0.0001	0.4999	0.0001	0.4999
0.2500	0.0001	0.7498	0.0001
0.0001	0.8747	0.0001	0.1251
0.0001	0.9996	0.0001	0.0001
0.9996	0.0001	0.0001	0.0001
0.0001	0.0001	0.9996	0.0001
>UA12.2_Meme_4_w30
0.1031	0.3093	0.4021	0.1856
0.0000	0.5773	0.4124	0.0103
0.0000	0.5361	0.2990	0.1650
0.1753	0.4845	0.0825	0.2577
0.0412	0.4330	0.3505	0.1753
0.0309	0.5464	0.3196	0.1031
0.1134	0.4742	0.2887	0.1237
0.0928	0.0516	0.4124	0.4433
0.0000	0.7732	0.1753	0.0516
0.0619	0.7526	0.0000	0.1856
0.0000	0.5155	0.2887	0.1959
0.0516	0.6289	0.2268	0.0928
0.0000	0.7319	0.0928	0.1753
0.1134	0.4021	0.1959	0.2887
0.0000	0.5258	0.1753	0.2990
0.1237	0.4536	0.1443	0.2783
0.0206	0.6082	0.1546	0.2165
0.0000	0.9278	0.0103	0.0619
0.0000	0.4639	0.1340	0.4021
0.0000	0.7629	0.2165	0.0206
0.0825	0.5051	0.0516	0.3608
0.0000	0.4330	0.5670	0.0000
0.0412	0.8660	0.0928	0.0000
0.1134	0.4227	0.3093	0.1546
0.0206	0.5258	0.3505	0.1031
0.0412	0.3814	0.2783	0.2990
0.0206	0.5773	0.2783	0.1237
0.1546	0.4330	0.3402	0.0722
0.0825	0.6701	0.2371	0.0103
0.1856	0.5051	0.1959	0.1134
>UA12.2_Meme_5_w8
0.6875	0.0000	0.3125	0.0000
0.3500	0.6500	0.0000	0.0000
0.8375	0.0000	0.0000	0.1625
0.0000	0.0000	0.0000	1.0000
0.0000	0.0000	0.0000	1.0000
0.0000	1.0000	0.0000	0.0000
0.0000	1.0000	0.0000	0.0000
0.4875	0.0125	0.0000	0.5000
>EGR1.1_Meme_1_w22
0.1437	0.2977	0.4784	0.0801
0.2136	0.2587	0.3860	0.1417
0.1910	0.2485	0.4579	0.1027
0.1499	0.1786	0.2793	0.3922
0.0349	0.0431	0.9220	0.0000
0.0801	0.8563	0.0000	0.0637
0.0000	0.0000	1.0000	0.0000
0.0000	0.0062	0.5421	0.4517
0.0534	0.0000	0.9466	0.0000
0.0000	0.0000	1.0000	0.0000
0.0000	0.0000	1.0000	0.0000
0.0862	0.7146	0.0000	0.1992
0.0041	0.0000	0.9856	0.0103
0.0472	0.0205	0.7741	0.1581
0.2423	0.2033	0.4333	0.1212
0.2259	0.1725	0.4723	0.1294
0.1704	0.2033	0.4990	0.1273
0.1684	0.3183	0.3676	0.1458
0.1828	0.2012	0.4538	0.1622
0.1828	0.2485	0.4497	0.1191
0.1129	0.2320	0.4928	0.1622
0.1602	0.2341	0.4784	0.1273
>EGR1.1_Meme_2_w15
0.1667	0.2727	0.0000	0.5606
0.0000	0.5000	0.0000	0.5000
0.0000	0.4697	0.1515	0.3788
0.0000	0.8333	0.0000	0.1667
0.5151	0.0000	0.0606	0.4242
0.0000	0.5757	0.1061	0.3182
0.0909	0.4091	0.0000	0.5000
0.0000	0.3485	0.0152	0.6363
0.0758	0.5606	0.0000	0.3636
0.0000	0.6666	0.0606	0.2727
0.0152	0.2576	0.0000	0.7272
0.0455	0.5909	0.0000	0.3636
0.0000	0.2576	0.0000	0.7424
0.0909	0.5757	0.0000	0.3333
0.0000	0.3788	0.0758	0.5454
>EGR1.1_Meme_3_w20
0.8822	0.1177	0.0001	0.0001
0.0001	0.9410	0.0001	0.0589
0.8234	0.1177	0.0001	0.0589
0.0001	0.9410	0.0589	0.0001
0.9410	0.0589	0.0001	0.0001
0.0001	0.7646	0.0589	0.1765
0.8234	0.0001	0.1177	0.0589
0.0001	0.8234	0.0001	0.1765
0.7646	0.1177	0.1177	0.0001
0.0589	0.7058	0.1765	0.0589
0.7058	0.0001	0.0589	0.2353
0.0589	0.9410	0.0001	0.0001
0.3529	0.3529	0.2353	0.0589
0.1177	0.6470	0.1177	0.1177
0.3529	0.2353	0.3529	0.0589
0.1177	0.8822	0.0001	0.0001
0.8234	0.0001	0.1765	0.0001
0.0589	0.7646	0.1765	0.0001
0.8822	0.0001	0.1177	0.0001
0.0001	0.7646	0.0001	0.2353
>EGR1.1_Meme_4_w15
0.4736	0.1579	0.3158	0.0527
0.6315	0.0001	0.3684	0.0001
0.8420	0.0001	0.1579	0.0001
0.6315	0.0001	0.3684	0.0001
0.2105	0.7894	0.0001	0.0001
0.3158	0.0527	0.0001	0.6315
0.5789	0.1053	0.3158	0.0001
0.0001	0.9998	0.0001	0.0001
0.9998	0.0001	0.0001	0.0001
0.3684	0.4210	0.0001	0.2105
0.0527	0.2105	0.2632	0.4736
0.0001	0.0001	0.0527	0.9472
0.1053	0.7367	0.0001	0.1579
0.0527	0.9472	0.0001	0.0001
0.0001	0.6841	0.0001	0.3158
>EGR1.1_Meme_5_w15
0.0222	0.3111	0.5111	0.1556
0.0000	0.7777	0.0222	0.2000
0.2667	0.2222	0.2222	0.2889
0.0667	0.5333	0.3555	0.0445
0.0445	0.1556	0.0889	0.7111
0.0000	0.0000	0.9999	0.0000
0.2444	0.7555	0.0000	0.0000
0.0000	0.0000	0.9999	0.0000
0.0000	0.9999	0.0000	0.0000
0.3778	0.3555	0.2444	0.0222
0.0222	0.0000	0.1333	0.8444
0.0000	0.1556	0.8444	0.0000
0.0000	0.9555	0.0445	0.0000
0.0000	0.0000	0.9555	0.0445
0.0000	0.8444	0.0000	0.1556
>TBP.1_Meme_1_w20
0.0886	0.5633	0.2278	0.1203
0.1899	0.4304	0.2595	0.1203
0.2025	0.3165	0.3608	0.1203
0.1392	0.4051	0.3861	0.0696
0.1392	0.3544	0.4240	0.0823
0.1899	0.5127	0.2152	0.0823
0.1962	0.4114	0.2468	0.1456
0.1139	0.3228	0.4177	0.1456
0.0823	0.5000	0.2785	0.1392
0.1456	0.3291	0.3544	0.1709
0.0443	0.4177	0.4430	0.0949
0.0380	0.6899	0.0506	0.2215
0.1266	0.1709	0.0000	0.7025
0.0127	0.0886	0.0000	0.8987
0.3165	0.0000	0.0000	0.6835
0.0317	0.0000	0.0000	0.9683
0.9557	0.0190	0.0000	0.0253
0.0570	0.0063	0.0000	0.9367
0.8987	0.0317	0.0506	0.0190
0.1709	0.2342	0.5253	0.0696
>TBP.1_Meme_2_w21
0.0000	0.0435	0.0000	0.9564
0.0000	0.8695	0.0000	0.1305
