#GM.5.0.Sox.0001	M1911_1.02;;M3916_1.02;;M5846_1.02;;M6471_1.02;;M6478_1.02;;MA0084.1_SRY;;MA1152.1_SOX15;;SOX12;;SOX12_1 Sox12_bulyk_sc09-primary;;SOX15_1 Sox15_bulyk_sc09-primary;;SOX18_1 Sox18_bulyk_sc09-primary;;SOX30;;SOX30_1 Sox30_bulyk_sc09-primary;;SOX7_1 Sox7_bulyk_sc09-primary;;SOX9_1 SOX9_transfac_M00410;;SOX9_3 SOX9_jolma_DBD_M136;;SRY;;SRY_3 SRY_jaspar_MA0084.1
>GM.5.0.Sox.0001
0.7213	0.0793	0.1103	0.0891
0.9259	0.0072	0.0062	0.0607
0.0048	0.9203	0.0077	0.0672
0.9859	0.0030	0.0030	0.0081
0.9778	0.0043	0.0128	0.0051
0.1484	0.0050	0.0168	0.8299
#GM.5.0.Homeodomain.0001	M4064_1.02;;TGIF1;;TGIF1_1 TGIF_transfac_M00418;;TGIF1_HUMAN.H11MO.0.A
>GM.5.0.Homeodomain.0001
0.8870	0.0000	0.0178	0.0951
0.1156	0.2033	0.6629	0.0181
0.0017	0.7452	0.0809	0.1722
0.0011	0.0003	0.0003	0.9983
0.0026	0.0141	0.9721	0.0111
0.0000	0.0189	0.0054	0.9758
0.0006	0.9983	0.0006	0.0006
0.9170	0.0140	0.0046	0.0644
0.2228	0.2421	0.3300	0.2051
0.3621	0.1054	0.2208	0.3116
0.5727	0.0104	0.1741	0.2428
#GM.5.0.Mixed.0001	EGR1_disc6 EGR1_GM12878_encode-Myers_seq_hsa_v041610.1_r1:AlignACE#2#Intergenic;;SRF_disc2 SRF_HepG2_encode-Myers_seq_hsa_v041610.1_r1:AlignACE#3#Intergenic
>GM.5.0.Mixed.0001
0.0061	0.3310	0.6435	0.0195
0.1550	0.3038	0.3952	0.1460
0.1556	0.2468	0.4775	0.1201
0.1152	0.2145	0.6121	0.0581
0.0050	0.3077	0.6282	0.0591
0.0027	0.4947	0.4958	0.0069
0.0994	0.4565	0.3690	0.0751
0.1759	0.3192	0.4488	0.0561
0.1084	0.2560	0.5840	0.0516
0.0031	0.1431	0.8534	0.0004
0.0168	0.5105	0.4666	0.0061
#GM.5.0.Nuclear_receptor.0001	GTAGGTCACTGGGTCA_Reverb(NR),DR2/RAW-Reverba.biotin-ChIP-Seq(GSE45914)/Homer;;M5787_1.02;;NR1D1;;RORA_7 RORA_jolma_DBD_M706
>GM.5.0.Nuclear_receptor.0001
0.2409	0.0355	0.0845	0.6391
0.9551	0.0114	0.0019	0.0316
0.5386	0.0027	0.0015	0.4571
0.0919	0.4280	0.3648	0.1153
0.0527	0.0787	0.0733	0.7953
0.6099	0.0068	0.3723	0.0109
0.0469	0.0036	0.9191	0.0304
0.0061	0.0127	0.9669	0.0144
0.0112	0.0283	0.0777	0.8828
0.0206	0.7014	0.0076	0.2704
0.9649	0.0070	0.0028	0.0252
0.0156	0.3734	0.5488	0.0622
0.0285	0.0399	0.0470	0.8845
0.5986	0.0024	0.3964	0.0025
0.0434	0.0007	0.8762	0.0796
0.0126	0.0214	0.9641	0.0019
0.0749	0.0575	0.0780	0.7897
0.0062	0.9420	0.0266	0.0253
0.9181	0.0168	0.0321	0.0331
#GM.5.0.Mixed.0002	M1194_1.02;;M2007_1.02;;M2032_1.02;;M3059_1.02;;M5125_1.02;;M5705_1.02;;M5706_1.02;;MA0068.2_PAX4;;PAX4_6 Pax4_bulyk_cell08-3989.2;;PAX4_7 PAX4_jolma_DBD_M198;;PAX4_8 PAX4_jolma_full_M199;;VSX2_1 CHX10_transfac_M00437
>GM.5.0.Mixed.0002
0.0298	0.0551	0.7616	0.1534
0.0450	0.7619	0.0626	0.1304
0.0640	0.0927	0.1069	0.7363
0.9776	0.0071	0.0061	0.0092
0.9881	0.0011	0.0019	0.0089
0.0019	0.0020	0.0043	0.9918
0.0159	0.0112	0.0142	0.9587
0.8782	0.0761	0.0239	0.0218
#GM.5.0.Nuclear_receptor.0002	M4549_1.02;;M4554_1.02;;M4602_1.02;;M4700_1.02;;NR2C2.1_Meme_2_w15;;NR2C2_disc1 NR2C2_HeLa-S3_encode-Snyder_seq_hsa_r1:MDscan#1#Intergenic;;UA14.3_Meme_2_w15
>GM.5.0.Nuclear_receptor.0002
0.5089	0.0070	0.0581	0.4261
0.0693	0.3325	0.3215	0.2767
0.0937	0.4358	0.0522	0.4183
0.3750	0.0663	0.4257	0.1330
0.0174	0.8096	0.0806	0.0925
0.0295	0.0139	0.0166	0.9400
0.0005	0.0012	0.0116	0.9867
0.0000	1.0000	0.0000	0.0000
0.0000	0.9983	0.0017	0.0000
0.0240	0.0000	0.9610	0.0150
0.0173	0.0039	0.9724	0.0064
0.0536	0.0128	0.8434	0.0902
0.0387	0.0207	0.3293	0.6112
0.0139	0.6712	0.1035	0.2114
#GM.5.0.bHLH.0001	AHR::ARNT::HIF1A_1 AhR,-Arnt,-HIF-1_transfac_M00976;;ARNT;;ARNT_HUMAN.H11MO.0.B;;ARNT_MOUSE.H11MO.0.B;;EPAS1_HUMAN.H11MO.0.B;;EPAS1_MOUSE.H11MO.0.C;;GCACGTACCC_HIF2a(bHLH)/785_O-HIF2a-ChIP-Seq(GSE34871)/Homer;;HIF1A;;HIF1A::ARNT_1 HIF1A::ARNT_jaspar_MA0259.1;;HIF1A_2 HIF1_transfac_M00797;;HIF1A_HUMAN.H11MO.0.C;;HIF1A_MOUSE.H11MO.0.C;;M6151_1.02;;M6275_1.02;;MA0259.1_ARNT::HIF1A;;MA1106.1_HIF1A;;RTACGTGC_HIF-1b(HLH)/T47D-HIF1b-ChIP-Seq(GSE59937)/Homer;;TACGTGCV_HIF-1a(bHLH)/MCF7-HIF1a-ChIP-Seq(GSE28352)/Homer
>GM.5.0.bHLH.0001
0.7920	0.0079	0.1943	0.0058
0.0127	0.9670	0.0028	0.0175
0.0071	0.0026	0.9866	0.0037
0.0010	0.0076	0.0012	0.9903
0.0149	0.0078	0.9742	0.0031
#GM.5.0.Myb_SANT.0001	M5643_1.02;;M5650_1.02;;MA0777.1_MYBL2;;MYBL1_2 MYBL1_jolma_DBD_M177;;MYBL2_4 MYBL2_jolma_DBD_M184
>GM.5.0.Myb_SANT.0001
0.6006	0.0260	0.3420	0.0314
0.5203	0.0410	0.2813	0.1574
0.0883	0.8394	0.0374	0.0349
0.1296	0.7112	0.1476	0.0115
0.0102	0.0000	0.9668	0.0230
0.0107	0.0028	0.0113	0.9751
0.0166	0.0267	0.0000	0.9567
0.6336	0.0842	0.0610	0.2212
0.9134	0.0359	0.0286	0.0221
0.8684	0.0308	0.0327	0.0681
0.0689	0.8890	0.0160	0.0261
0.0343	0.3356	0.3679	0.2621
0.0953	0.1034	0.7213	0.0799
0.1466	0.2997	0.0611	0.4926
0.0310	0.5077	0.0140	0.4473
#GM.5.0.C2H2_ZF.0001	EGR1;;EGR1.1_Meme_1_w22;;EGR1_MOUSE.H11MO.0.A;;EGR1_known4 EGR_2 KROX_transfac_M00982;;EGR1_known5 EGR1_2 Egr1_jaspar_MA0162.1;;EGR2;;EGR2_MOUSE.H11MO.0.A;;M1971_1.02;;M2274_1.02;;M4459_1.02;;M4504_1.02;;M4616_1.02;;M6198_1.02;;M6199_1.02;;NGCGTGGGCGGR_Egr2(Zf)/Thymocytes-Egr2-ChIP-Seq(GSE34254)/Homer;;TGCGTGGGYG_Egr1(Zf)/K562-Egr1-ChIP-Seq(GSE32465)/Homer
>GM.5.0.C2H2_ZF.0001
0.0796	0.0719	0.8332	0.0154
0.1257	0.6710	0.0300	0.1732
0.0029	0.0008	0.9950	0.0013
0.0088	0.0054	0.3892	0.5966
0.0765	0.0050	0.9178	0.0007
0.0131	0.0051	0.9709	0.0109
0.0011	0.0015	0.9972	0.0002
0.1204	0.6549	0.0018	0.2230
0.0215	0.0016	0.9509	0.0260
0.0782	0.0397	0.6468	0.2352
#GM.5.0.GATA.0001	CCNT2_disc1 CCNT2_K562_encode-Snyder_seq_hsa_r1:MEME#3#Intergenic;;CGGCTGCNGNNNNCAGATAA_GATA:SCL(Zf,bHLH)/Ter119-SCL-ChIP-Seq(GSE18720)/Homer;;GATA1-ext.1_Meme_1_w20;;GATA1_HUMAN.H11MO.0.A;;GATA1_MOUSE.H11MO.0.A;;GATA2_HUMAN.H11MO.0.A;;GATA_known14 GATA_3 Tal1::Gata1_jaspar_MA0140.1;;M4601_1.02;;M4621_1.02;;M4656_1.02;;M4690_1.02;;MA0140.2_GATA1::TAL1;;TAL1_HUMAN.H11MO.0.A;;TAL1_MOUSE.H11MO.0.A;;TAL1_disc1 TAL1_K562_encode-Snyder_seq_hsa_IgG-mus-SC-12984_r1:MEME#3#Intergenic
>GM.5.0.GATA.0001
0.0370	0.1400	0.0192	0.8038
0.0580	0.0065	0.0043	0.9313
0.9740	0.0096	0.0097	0.0067
0.0016	0.0012	0.0011	0.9962
0.0004	0.9965	0.0008	0.0022
0.2930	0.0099	0.0240	0.6730
0.0930	0.3313	0.4300	0.1457
0.1925	0.3266	0.1875	0.2935
0.2300	0.2964	0.2669	0.2067
0.2187	0.3251	0.2277	0.2286
0.1979	0.3390	0.2401	0.2229
0.2075	0.3255	0.2413	0.2257
0.2779	0.2849	0.2099	0.2272
0.2179	0.4044	0.2748	0.1029
0.1844	0.7125	0.0510	0.0521
0.6459	0.1265	0.1299	0.0976
#GM.5.0.C2H2_ZF.0002	M1926_1.02;;M4483_1.02;;M5010_1.02;;M5011_1.02;;M6468_1.02;;M6469_1.02;;MA0103.3_ZEB1;;NNCACCTGCN_E2A(bHLH),near_PU.1/Bcell-PU.1-ChIP-Seq(GSE21512)/Homer;;SNAI1;;SNAI1_HUMAN.H11MO.0.C;;SNAI1_MOUSE.H11MO.0.C;;ZEB1;;ZEB1_disc1 ZEB1_GM12878_encode-Myers_seq_hsa_v041610.2-SC-25388_r1:MEME#2#Intergenic
>GM.5.0.C2H2_ZF.0002
0.0909	0.0909	0.7273	0.0909
0.0988	0.0414	0.7637	0.0962
0.2996	0.3176	0.1340	0.2488
0.0943	0.2056	0.4726	0.2275
0.0048	0.9909	0.0014	0.0028
0.9948	0.0025	0.0026	0.0001
0.0002	0.0030	0.9957	0.0010
0.0012	0.0005	0.9975	0.0008
0.0001	0.0011	0.0018	0.9969
0.0757	0.0010	0.9226	0.0006
0.3307	0.1849	0.2251	0.2593
0.1821	0.1067	0.6584	0.0529
#GM.5.0.bZIP.0001	CEBPB_disc2 CEBPB_K562_encode-Snyder_seq_hsa_IgG-rab_r1:Trawler#1#Intergenic;;NFY_known4 NFY_4 alpha-CP1_transfac_M00687
>GM.5.0.bZIP.0001
0.1429	0.7143	0.0000	0.1429
0.9286	0.0714	0.0000	0.0000
0.0714	0.0000	0.8571	0.0714
0.0000	1.0000	0.0000	0.0000
0.0000	1.0000	0.0000	0.0000
0.9286	0.0714	0.0000	0.0000
1.0000	0.0000	0.0000	0.0000
0.0000	0.0238	0.0000	0.9762
0.0000	0.3810	0.6190	0.0000
0.9048	0.0000	0.0952	0.0000
0.0000	0.0000	1.0000	0.0000
#GM.5.0.Homeodomain.0002	DLX3_1 Dlx3_bulyk_cell08-1030.1;;DLX4;;DLX4_1 Dlx4_bulyk_cell08-3488.2;;DLX5_2 DLX5_jolma_FL_M477;;ISX_4 ISX_jolma_full_M567;;M1182_1.02;;M1997_1.02;;M2009_1.02;;M2034_1.02;;M2048_1.02;;M2057_1.02;;M4807_1.02;;M4862_1.02;;M4888_1.02;;M4923_1.02;;M5160_1.02;;M5161_1.02;;M5164_1.02;;M5175_1.02;;M5343_1.02;;M5586_1.02;;M6188_1.02;;M6440_1.02;;MA0654.1_ISX;;MSX2;;MSX2_1 Msx2_bulyk_cell08-3449.1;;PRRX2_HUMAN.H11MO.0.C;;PRRX2_MOUSE.H11MO.0.C
>GM.5.0.Homeodomain.0002
0.0160	0.0099	0.0015	0.9726
0.9765	0.0066	0.0040	0.0129
0.9821	0.0026	0.0117	0.0035
0.0059	0.0036	0.0075	0.9831
0.0191	0.0127	0.0236	0.9445
0.5583	0.0118	0.4029	0.0270
#GM.5.0.Ets.0001	ETS2;;FEV_HUMAN.H11MO.0.B;;FEV_MOUSE.H11MO.0.B;;M6221_1.02;;SPI1;;SPI1_known2 SPI1_2 SPI1_jaspar_MA0080.2
>GM.5.0.Ets.0001
0.1075	0.0133	0.8588	0.0204
0.0712	0.0012	0.9248	0.0028
0.9936	0.0044	0.0008	0.0012
0.8342	0.0237	0.1069	0.0351
0.1856	0.0550	0.7052	0.0542
0.1152	0.2062	0.0900	0.5885
#GM.5.0.bZIP.0002	M0296_1.02;;M0303_1.02;;M0312_1.02;;M0320_1.02;;M0322_1.02;;M4571_1.02
>GM.5.0.bZIP.0002
0.0559	0.0241	0.0241	0.8958
0.0245	0.0572	0.8752	0.0431
0.9252	0.0241	0.0245	0.0262
0.0241	0.9110	0.0370	0.0278
0.0643	0.0255	0.4597	0.4505
0.0281	0.5646	0.0271	0.3802
0.6320	0.2847	0.0517	0.0315
#GM.5.0.IRF.0001	GAAASYGAAASY_IRF2(IRF)/Erythroblas-IRF2-ChIP-Seq(GSE36985)/Homer;;IRF2;;IRF_known9 IRF1_3 IRF1_jaspar_MA0050.1;;M6309_1.02
>GM.5.0.IRF.0001
0.1026	0.2003	0.6394	0.0576
0.2213	0.1140	0.6110	0.0537
0.8400	0.0405	0.1070	0.0125
0.9171	0.0109	0.0298	0.0423
0.9173	0.0088	0.0284	0.0455
0.1913	0.2365	0.5056	0.0666
0.0690	0.4410	0.0917	0.3983
0.1124	0.0465	0.8346	0.0065
0.9042	0.0353	0.0505	0.0100
0.9134	0.0383	0.0213	0.0270
0.9174	0.0378	0.0282	0.0166
0.1069	0.5059	0.3549	0.0323
#GM.5.0.bHLH.0002	M0176_1.02;;M4734_1.02;;M4735_1.02;;M4751_1.02;;M4752_1.02;;TCF3_5 E2A_transfac_M00973
>GM.5.0.bHLH.0002
0.0000	0.4348	0.3043	0.2609
0.1845	0.1182	0.6462	0.0511
0.3143	0.3092	0.2364	0.1400
0.0163	0.9715	0.0066	0.0056
0.9438	0.0093	0.0333	0.0137
0.0072	0.0347	0.6659	0.2922
0.4340	0.1686	0.3570	0.0403
0.0007	0.0121	0.0026	0.9846
0.0001	0.0000	0.9996	0.0003
0.1461	0.1073	0.3902	0.3564
0.0684	0.3081	0.0884	0.5350
#GM.5.0.Nuclear_receptor.0003	AGGTCAAGGTCA_RAR:RXR(NR),DR5/ES-RAR-ChIP-Seq(GSE56893)/Homer;;AGGTCAAGGTCA_RARg(NR)/ES-RARg-ChIP-Seq(GSE30538)/Homer;;RARA_MOUSE.H11MO.0.A;;RXRA_MOUSE.H11MO.0.A;;RXRG_MOUSE.H11MO.0.B
>GM.5.0.Nuclear_receptor.0003
0.1483	0.1224	0.6649	0.0645
0.3083	0.0892	0.4706	0.1318
0.0848	0.1503	0.1354	0.6296
0.0848	0.6285	0.1473	0.1394
0.5837	0.1432	0.1679	0.1052
0.3187	0.0985	0.4321	0.1507
0.4753	0.0448	0.4662	0.0138
0.7340	0.0217	0.2347	0.0096
0.0223	0.0056	0.9550	0.0171
0.0127	0.0102	0.5513	0.4257
0.0267	0.0416	0.0248	0.9070
0.0143	0.9197	0.0468	0.0192
0.9786	0.0053	0.0102	0.0059
0.8264	0.0136	0.1408	0.0192
0.1073	0.0074	0.8735	0.0118
0.0214	0.0164	0.9157	0.0465
0.1399	0.1815	0.1839	0.4947
0.0360	0.7389	0.1153	0.1098
0.7188	0.0276	0.1532	0.1005
#GM.5.0.bZIP.0003	M4681_1.02;;M6334_1.02;;MAF_disc1 MAFK_K562_encode-Snyder_seq_hsa_IgG-rab-ab50322_r1:MDscan#1#Intergenic;;NFE2.1_Meme_4_w11;;NFE2_disc1 NFE2_K562_encode-Snyder_seq_hsa_r1:AlignACE#1#Intergenic;;TGCTGAGTCA_Bach2(bZIP)/OCILy7-Bach2-ChIP-Seq(GSE44420)/Homer
>GM.5.0.bZIP.0003
0.1044	0.1254	0.0547	0.7155
0.0243	0.0237	0.9244	0.0277
0.0977	0.8892	0.0058	0.0073
0.0021	0.0470	0.0034	0.9475
0.0098	0.0002	0.9533	0.0367
0.9500	0.0136	0.0082	0.0281
0.0409	0.2982	0.6451	0.0158
0.0010	0.0010	0.0002	0.9979
0.0061	0.9935	0.0002	0.0002
0.9890	0.0002	0.0010	0.0098
0.0268	0.2154	0.1268	0.6311
#GM.5.0.bHLH.0003	SREBP_known3 SREBF1_3 SREBP-1_transfac_M00749;;SREBP_known4 SREBF_1 SREBP_transfac_M00776
>GM.5.0.bHLH.0003
0.3000	0.3000	0.4000	0.0000
0.2000	0.3000	0.3000	0.2000
0.1818	0.2727	0.3636	0.1818
0.4545	0.2727	0.2727	0.0000
0.0000	0.1818	0.0000	0.8182
0.0000	1.0000	0.0000	0.0000
1.0000	0.0000	0.0000	0.0000
0.0000	0.9091	0.0909	0.0000
0.1742	0.6136	0.2121	0.0000
0.0000	1.0000	0.0000	0.0000
0.0000	0.6894	0.0455	0.2652
1.0000	0.0000	0.0000	0.0000
#GM.5.0.HSF.0001	B-Box.1_Meme_1_w16;;HSF1.3_Meme_1_w22;;M4569_1.02
>GM.5.0.HSF.0001
0.0712	0.1198	0.6532	0.1557
0.0933	0.0034	0.8883	0.0150
0.0050	0.0000	0.9950	0.0000
0.5869	0.0162	0.2642	0.1327
0.2820	0.2473	0.0438	0.4269
0.0018	0.0025	0.0033	0.9924
0.0000	0.7390	0.0018	0.2592
0.0095	0.0000	0.9905	0.0000
1.0000	0.0000	0.0000	0.0000
0.9425	0.0043	0.0000	0.0532
0.0008	0.9975	0.0017	0.0000
0.0205	0.8310	0.0025	0.1460
0.1181	0.7262	0.0917	0.0640
0.2850	0.0977	0.5142	0.1030
0.0134	0.4041	0.5285	0.0540
0.1845	0.0136	0.7868	0.0151
0.6296	0.1579	0.0545	0.1581
0.0053	0.7997	0.0473	0.1477
0.0269	0.7150	0.1183	0.1398
0.0323	0.3656	0.0323	0.5698
0.0376	0.4839	0.0269	0.4516
0.1559	0.3065	0.2366	0.3011
0.1935	0.1828	0.3602	0.2634
0.1935	0.1398	0.6613	0.0054
#GM.5.0.Homeodomain.0003	HOXB7;;HOXB8;;HXB7_HUMAN.H11MO.0.C;;HXB7_MOUSE.H11MO.0.C;;HXB8_HUMAN.H11MO.0.C;;HXB8_MOUSE.H11MO.0.C;;M6292_1.02;;M6296_1.02;;M6297_1.02;;M6298_1.02
>GM.5.0.Homeodomain.0003
0.2599	0.0786	0.0261	0.6355
0.0000	0.0747	0.0028	0.9225
0.1177	0.0277	0.8449	0.0097
1.0000	0.0000	0.0000	0.0000
0.0000	0.0000	0.0016	0.9984
0.0000	0.0000	0.0000	1.0000
0.4986	0.0000	0.2969	0.2046
0.9117	0.0208	0.0598	0.0078
0.0233	0.0486	0.0028	0.9253
0.1057	0.0542	0.5935	0.2466
#GM.5.0.C2H2_ZF.0003	GRTGMTRGAGCC_ZNF415(Zf)/HEK293-ZNF415.GFP-ChIP-Seq(GSE58341)/Homer;;M4151_1.02;;M6542_1.02;;ZBTB6;;ZBTB6_1 ZID_transfac_M00085;;ZBTB6_HUMAN.H11MO.0.C
>GM.5.0.C2H2_ZF.0003
0.0620	0.0696	0.7770	0.0914
0.4868	0.0231	0.4882	0.0018
0.1932	0.1911	0.0132	0.6026
0.0783	0.2001	0.6758	0.0458
0.5919	0.3310	0.0754	0.0018
0.0175	0.0298	0.0272	0.9255
0.3804	0.0173	0.5322	0.0701
0.0026	0.0002	0.9969	0.0004
0.9796	0.0044	0.0015	0.0145
0.0007	0.0006	0.9983	0.0004
0.0717	0.8927	0.0154	0.0202
0.0687	0.7413	0.0998	0.0903
#GM.5.0.ARID_BRIGHT.0001	ARID3A_1 ARID3A_jaspar_MA0151.1;;M0100_1.02;;M0103_1.02;;M0105_1.02;;M0106_1.02;;M0109_1.02;;M1967_1.02;;M6148_1.02;;MA0151.1_Arid3a
>GM.5.0.ARID_BRIGHT.0001
0.9725	0.0047	0.0165	0.0064
0.0188	0.0213	0.0212	0.9388
0.1356	0.2942	0.0384	0.5318
0.8356	0.0374	0.0673	0.0597
0.7917	0.0590	0.0701	0.0793
0.6131	0.0597	0.1150	0.2122
#GM.5.0.Homeodomain_POU.0001	M3773_1.02;;POU3F2_3 POU3F2_transfac_M00464;;SOX2-OCT4.1_Meme_2_w11
>GM.5.0.Homeodomain_POU.0001
0.9449	0.0248	0.0000	0.0303
0.0000	0.0000	0.0000	1.0000
0.0055	0.0276	0.0909	0.8760
0.7163	0.0771	0.0000	0.2066
0.4388	0.0000	0.5612	0.0000
0.0055	0.9945	0.0000	0.0000
1.0000	0.0000	0.0000	0.0000
0.0000	0.0000	0.0000	1.0000
0.8843	0.0331	0.0110	0.0716
0.6596	0.0220	0.0220	0.2964
#GM.5.0.C2H2_ZF.0004	M4147_1.02;;M6548_1.02;;ZIC1_1 Zic1_transfac_M00448;;ZIC1_HUMAN.H11MO.0.B;;ZIC1_MOUSE.H11MO.0.B
>GM.5.0.C2H2_ZF.0004
0.1610	0.0856	0.7316	0.0217
0.0435	0.0537	0.8491	0.0537
0.0435	0.1073	0.7405	0.1087
0.1477	0.0537	0.1916	0.6070
0.1277	0.1087	0.6358	0.1277
0.0856	0.1468	0.7676	0.0000
0.0331	0.1393	0.1798	0.6478
0.1838	0.5891	0.1607	0.0664
#GM.5.0.Homeodomain.0004	M2019_1.02;;M2026_1.02;;M2041_1.02;;M4743_1.02;;M4744_1.02;;M4795_1.02;;M4796_1.02;;M5109_1.02;;M5110_1.02
>GM.5.0.Homeodomain.0004
0.3354	0.0321	0.1241	0.5084
0.6553	0.0000	0.0833	0.2614
1.0000	0.0000	0.0000	0.0000
0.0001	0.9999	0.0000	0.0000
1.0000	0.0000	0.0000	0.0000
#GM.5.0.Nuclear_receptor.0004	HNF4_known7 HNF4_4 COUP-direct-repeat-1_transfac_M00765;;M6389_1.02;;NR2C1;;NR2C1_HUMAN.H11MO.0.C;;NR2C1_MOUSE.H11MO.0.C
>GM.5.0.Nuclear_receptor.0004
0.0763	0.0000	0.0366	0.8870
0.0000	0.0000	0.9999	0.0000
0.9999	0.0000	0.0000	0.0000
0.1874	0.8125	0.0000	0.0000
0.0000	0.9999	0.0000	0.0000
0.0000	0.1089	0.0000	0.8910
0.0397	0.4056	0.1438	0.4109
0.0000	0.2182	0.0000	0.7817
0.0397	0.1508	0.6309	0.1786
0.3735	0.0723	0.4462	0.1080
0.1151	0.5904	0.2588	0.0357
0.0723	0.6323	0.0754	0.2200
0.1250	0.6250	0.0000	0.2500
#GM.5.0.Sox.0002	M1904_1.02;;M3962_1.02;;M6490_1.02;;MA0077.1_SOX9;;SOX9_2 SOX9_jaspar_MA0077.1;;SRY_2 SRY_transfac_M00160;;SRY_HUMAN.H11MO.0.B;;SRY_MOUSE.H11MO.0.B
>GM.5.0.Sox.0002
0.0661	0.6089	0.1553	0.1697
0.1267	0.3526	0.0990	0.4217
0.7223	0.0246	0.0087	0.2444
0.0501	0.0073	0.0208	0.9218
0.0741	0.0009	0.0313	0.8937
0.0127	0.0270	0.9570	0.0032
0.1377	0.0000	0.0322	0.8300
0.1503	0.0634	0.0670	0.7193
#GM.5.0.DM.0001	DMRT1_1 DMRT1_transfac_M01146;;TWGHWACAWTGTWDC_DMRT1(DM)/Testis-DMRT1-ChIP-Seq(GSE64892)/Homer;;YDGHTACAWTGTADC_DMRT6(DM)/Testis-DMRT6-ChIP-Seq(GSE60440)/Homer
>GM.5.0.DM.0001
0.0640	0.0287	0.8450	0.0623
0.3960	0.3068	0.0293	0.2679
0.3016	0.0823	0.0525	0.5636
0.9577	0.0030	0.0050	0.0343
0.0290	0.9050	0.0290	0.0370
0.7772	0.0210	0.0047	0.1972
0.3954	0.0687	0.0693	0.4666
0.1810	0.0043	0.0217	0.7930
0.0357	0.0303	0.8875	0.0465
0.0310	0.0198	0.0050	0.9442
0.4112	0.0407	0.0975	0.4506
0.2064	0.0370	0.3697	0.3869
0.0936	0.7021	0.0656	0.1386
#GM.5.0.bHLH.0004	M1917_1.02;;M3944_1.02;;M6345_1.02;;M6517_1.02;;M6531_1.02;;MA0093.2_USF1;;MITF;;MXI1_known1 EBOX_1 Ebox_transfac_M01034;;SREBP_known1 SREBF1_1 SREBP-1_transfac_M00220;;TFE3;;TFE_1 TFE_transfac_M01029
>GM.5.0.bHLH.0004
0.4223	0.1446	0.4089	0.0241
0.0934	0.2338	0.1415	0.5313
0.0023	0.9969	0.0000	0.0008
0.9752	0.0081	0.0008	0.0159
0.0055	0.8747	0.0745	0.0454
0.3770	0.1342	0.4566	0.0322
0.0067	0.0051	0.0024	0.9858
0.0030	0.0039	0.9911	0.0020
0.5319	0.1300	0.1755	0.1625
0.0839	0.4954	0.1341	0.2865
0.0267	0.4635	0.0821	0.4277
#GM.5.0.bZIP.0004	ATF4;;ATF4_2 ATF4_jolma_DBD_M352;;ATF4_3 Atf4_jolma_DBD_M354;;ATF4_HUMAN.H11MO.0.A;;ATF4_MOUSE.H11MO.0.A;;ATTGCATCAT_Chop(bZIP)/MEF-Chop-ChIP-Seq(GSE35681)/Homer;;CEBPG_HUMAN.H11MO.0.B;;CEBPG_MOUSE.H11MO.0.B;;CREB.4_Meme_4_w11;;DDIT3_MOUSE.H11MO.0.C;;M5292_1.02;;M5988_1.02;;MA0833.1_ATF4;;MTGATGCAAT_Atf4(bZIP)/MEF-Atf4-ChIP-Seq(GSE35681)/Homer;;MYC_disc5 MYC_K562_encode-Snyder_seq_hsa_r1:MDscan#2#Intergenic
>GM.5.0.bZIP.0004
0.5936	0.2552	0.1418	0.0094
0.0016	0.0052	0.0036	0.9896
0.0078	0.0033	0.9677	0.0211
0.9611	0.0081	0.0134	0.0174
0.0035	0.2675	0.0144	0.7145
0.0016	0.0015	0.9923	0.0047
0.0899	0.7689	0.0058	0.1354
0.9500	0.0396	0.0050	0.0054
0.9810	0.0099	0.0066	0.0024
0.0213	0.2551	0.0937	0.6298
#GM.5.0.T-box.0001	AGGTGTGAAM_Tbet(T-box)/CD8-Tbet-ChIP-Seq(GSE33802)/Homer;;EOMES_1 Eomes_bulyk_sc09-primary;;EOMES_2 EOMES_jolma_DBD_M255;;M1628_1.02;;M5396_1.02;;M5873_1.02;;M5874_1.02;;M5885_1.02;;M5886_1.02;;M5890_1.02;;M5893_1.02;;MA0689.1_TBX20;;MA0690.1_TBX21;;MA0800.1_EOMES;;MA0802.1_TBR1;;TBR1;;TBR1_1 TBR1_jolma_DBD_M260;;TBR1_2 TBR1_jolma_full_M261;;TBX20_3 TBX20_jolma_DBD_M271;;TBX20_4 TBX20_jolma_full_M272;;TBX21;;TBX21_2 TBX21_jolma_DBD_M274;;TBX21_5 TBX21_jolma_full_M277
>GM.5.0.T-box.0001
0.8430	0.0181	0.0927	0.0462
0.1171	0.0518	0.7571	0.0740
0.0031	0.0052	0.9739	0.0178
0.0012	0.0372	0.0060	0.9556
0.0006	0.0006	0.9973	0.0015
0.0426	0.0725	0.0076	0.8773
0.0256	0.0511	0.8108	0.1126
0.9849	0.0014	0.0089	0.0048
0.6954	0.0837	0.0501	0.1707
#GM.5.0.bHLH.0005	FIGLA;;FIGLA_1 FIGLA_jolma_DBD_M317;;ID4;;ID4_1 ID4_jolma_DBD_M323;;M3155_1.02;;M4725_1.02;;M4903_1.02;;M5430_1.02;;M5571_1.02;;M6353_1.02;;MA0820.1_FIGLA;;MA0824.1_ID4;;MYF6_HUMAN.H11MO.0.C;;MYF6_MOUSE.H11MO.0.C;;TCF3_2 E47_transfac_M00071;;TCF3_6 Tcfe2a_bulyk_sc09-primary
>GM.5.0.bHLH.0005
0.0004	0.9947	0.0001	0.0049
0.9891	0.0073	0.0014	0.0023
0.0001	0.8285	0.1704	0.0011
0.0104	0.8905	0.0980	0.0011
0.0219	0.0002	0.0041	0.9738
0.0148	0.0114	0.9630	0.0108
#GM.5.0.Homeodomain.0005	CRX_HUMAN.H11MO.0.B;;CRX_MOUSE.H11MO.0.A;;DMBX1_2 DMBX1_jolma_DBD_M479;;DPRX_1 DPRX_jolma_DBD_M480;;GCTAATCC_CRX(Homeobox)/Retina-Crx-ChIP-Seq(GSE20012)/Homer;;GSC;;GSC2;;GSC2_1 GSC2_jolma_DBD_M505;;GSC_2 GSC_jolma_full_M506;;M0919_1.02;;M0936_1.02;;M0941_1.02;;M0944_1.02;;M0956_1.02;;M0968_1.02;;M0970_1.02;;M1022_1.02;;M1023_1.02;;M1031_1.02;;M1053_1.02;;M1099_1.02;;M2269_1.02;;M4990_1.02;;M5345_1.02;;M5346_1.02;;M5500_1.02;;M5501_1.02;;M5699_1.02;;M5701_1.02;;M5717_1.02;;M5718_1.02;;M5719_1.02;;M5720_1.02;;M6061_1.02;;M6400_1.02;;MA0467.1_Crx;;MA0648.1_GSC;;MA0682.1_Pitx1;;MA0711.1_OTX1;;MA0712.1_OTX2;;MA0714.1_PITX3;;MA0891.1_GSC2;;NYTAATCCYB_Otx2(Homeobox)/EpiLC-Otx2-ChIP-Seq(GSE56098)/Homer;;OTX1_3 OTX1_jolma_DBD_M613;;OTX1_5 Otx1_jolma_DBD_M617;;OTX2;;OTX2_3 OTX2_jolma_DBD_M615;;OTX2_HUMAN.H11MO.0.A;;OTX2_MOUSE.H11MO.0.A;;PITX1_2 PITX1_jolma_DBD_M623;;PITX1_3 PITX1_jolma_full_M624;;PITX1_4 PITX1_jolma_full_M739;;PITX3;;PITX3_2 PITX3_jolma_DBD_M625;;RGGATTAR_GSC(Homeobox)/FrogEmbryos-GSC-ChIP-Seq(DRA000576)/Homer
>GM.5.0.Homeodomain.0005
0.5677	0.0528	0.2701	0.1094
0.2791	0.1384	0.3814	0.2011
0.2578	0.2484	0.3461	0.1477
0.1835	0.0760	0.6929	0.0476
0.0660	0.0373	0.8318	0.0649
0.8389	0.1253	0.0156	0.0202
0.0091	0.0056	0.0062	0.9791
0.0521	0.0503	0.0189	0.8788
0.9008	0.0078	0.0185	0.0729
#GM.5.0.GATA.0002	M3321_1.02;;M3327_1.02;;M3328_1.02
>GM.5.0.GATA.0002
0.6644	0.1300	0.0163	0.1894
0.0000	0.0000	1.0000	0.0000
1.0000	0.0000	0.0000	0.0000
0.0000	0.0000	0.0000	1.0000
0.6138	0.2942	0.0081	0.0838
0.6397	0.0163	0.0370	0.3070
0.1884	0.1391	0.3342	0.3383
0.8221	0.0419	0.0616	0.0744
#GM.5.0.RFX.0001	M1534_1.02;;M1536_1.02;;M1538_1.02;;M2170_1.02;;M4344_1.02;;RFX3_1 Rfx3_bulyk_sc09-primary;;RFX5_disc1 RFX5_H1-hESC_encode-Snyder_seq_hsa_IgG-rab-N-494_r1:MDscan#1#Intergenic;;RFX5_known5 RFX4_1 Rfx4_bulyk_sc09-primary;;RFX7;;RFX7_1 Rfxdc2_bulyk_sc09-primary;;SCCTAGCAACAG_Rfx5(HTH)/GM12878-Rfx5-ChIP-Seq(GSE31477)/Homer
>GM.5.0.RFX.0001
0.0162	0.8990	0.0654	0.0194
0.3514	0.3157	0.1134	0.2194
0.0113	0.0764	0.0115	0.9008
0.6991	0.0111	0.2848	0.0050
0.0284	0.0012	0.9682	0.0021
0.0163	0.8261	0.0012	0.1563
0.9369	0.0007	0.0412	0.0213
0.9929	0.0035	0.0028	0.0008
0.0017	0.9947	0.0009	0.0026
#GM.5.0.bHLH.0006	ATOH1;;ATOH1_HUMAN.H11MO.0.B;;ATOH1_MOUSE.H11MO.0.B;;BHA15_HUMAN.H11MO.0.B;;BHA15_MOUSE.H11MO.0.A;;GATA1-ext.1_Meme_3_w8;;GCCATCTGTT_NeuroD1(bHLH)/Islet-NeuroD1-ChIP-Seq(GSE30298)/Homer;;MA1109.1_NEUROD1;;NAACAGCTGG_Tcf21(bHLH)/ArterySmoothMuscle-Tcf21-ChIP-Seq(GSE61369)/Homer;;NDF1_HUMAN.H11MO.0.A;;NDF1_MOUSE.H11MO.0.A;;NDF2_HUMAN.H11MO.0.B;;NDF2_MOUSE.H11MO.0.A;;NEUROD1;;NGN2_MOUSE.H11MO.0.C;;OLIG2_HUMAN.H11MO.0.B;;OLIG2_MOUSE.H11MO.0.A;;PTF1A_HUMAN.H11MO.0.B;;PTF1A_MOUSE.H11MO.0.A;;VNAVCAGCTGGC_Atoh1(bHLH)/Cerebellum-Atoh1-ChIP-Seq(GSE22111)/Homer
>GM.5.0.bHLH.0006
0.5049	0.0711	0.3606	0.0634
0.4161	0.2230	0.3551	0.0058
0.0164	0.9751	0.0051	0.0033
0.9882	0.0021	0.0036	0.0060
0.0062	0.0106	0.9024	0.0808
0.4815	0.4856	0.0284	0.0045
0.0507	0.0079	0.0046	0.9368
0.0056	0.0030	0.9687	0.0227
0.0165	0.1481	0.6713	0.1640
#GM.5.0.DM.0002	M0628_1.02;;M0633_1.02;;M0638_1.02
>GM.5.0.DM.0002
0.7653	0.0480	0.0480	0.1387
0.9994	0.0002	0.0002	0.0002
0.0002	0.0002	0.0002	0.9994
0.1298	0.0002	0.4890	0.3810
0.0002	0.0002	0.0002	0.9994
0.9088	0.0002	0.0002	0.0908
0.0918	0.0002	0.0002	0.9078
0.2794	0.1955	0.0979	0.4273
0.3762	0.2012	0.1930	0.2295
0.3796	0.1630	0.1611	0.2962
0.2521	0.1403	0.0797	0.5279
0.1646	0.0631	0.6004	0.1719
0.1639	0.0911	0.0930	0.6520
#GM.5.0.bHLH.0007	ATOH1_1 Atoh1_jolma_DBD_M308;;M0214_1.02;;M0218_1.02;;M0224_1.02;;M4910_1.02;;M4911_1.02;;M5653_1.02;;M5989_1.02;;MA0091.1_TAL1::TCF3;;MA0461.2_Atoh1;;MA0607.1_Bhlha15;;NEUROG2;;NEUROG2_1 NEUROG2_jolma_DBD_M333;;TAL1_known5 TAL1_5 TAL1::TCF3_jaspar_MA0091.1
>GM.5.0.bHLH.0007
0.5876	0.1003	0.2184	0.0937
0.5379	0.3383	0.1137	0.0101
0.0126	0.9851	0.0017	0.0006
0.9839	0.0054	0.0104	0.0003
0.0032	0.0038	0.2001	0.7929
0.8717	0.1233	0.0034	0.0016
0.0046	0.0013	0.0011	0.9930
0.0007	0.0042	0.9887	0.0064
0.0171	0.1613	0.4697	0.3519
0.0691	0.3726	0.0779	0.4804
0.1936	0.0794	0.6479	0.0791
#GM.5.0.Rel.0001	BCL_disc6 BCL3_GM12878_encode-Myers_seq_hsa_r1:MEME#1#Intergenic;;M3622_1.02;;M6369_1.02;;NFKB1;;NFKB_known1 NFKB1_1 NF-kappaB-(p50)_transfac_M00051;;NFKB_known3 NFKB_1 NF-kappaB_transfac_M00054;;NFKB_known7 NFKB_5 NF-kappaB_jaspar_MA0061.1
>GM.5.0.Rel.0001
0.0200	0.0210	0.9551	0.0039
0.0128	0.0070	0.9505	0.0296
0.2850	0.0030	0.6973	0.0147
0.7232	0.0429	0.2265	0.0075
0.8327	0.0928	0.0197	0.0549
0.1991	0.0185	0.2220	0.5604
0.0387	0.5362	0.0601	0.3649
0.0104	0.9152	0.0027	0.0717
0.0156	0.9734	0.0010	0.0100
0.0195	0.9529	0.0112	0.0163
#GM.5.0.Ets.0002	ACVAGGAAGT_ELF5(ETS)/T47D-ELF5-ChIP-Seq(GSE30407)/Homer;;AVCAGGAAGT_EHF(ETS)/LoVo-EHF-ChIP-Seq(GSE49402)/Homer;;EHF;;EHF_HUMAN.H11MO.0.B;;EHF_MOUSE.H11MO.0.B;;ELF3_HUMAN.H11MO.0.A;;ELF3_MOUSE.H11MO.0.B;;ELF5_HUMAN.H11MO.0.A;;M2554_1.02;;M6202_1.02
>GM.5.0.Ets.0002
0.7811	0.0049	0.1004	0.1136
0.1576	0.4590	0.2095	0.1739
0.2336	0.5412	0.2158	0.0094
0.5849	0.3962	0.0167	0.0023
0.0012	0.0029	0.9931	0.0028
0.0045	0.0027	0.9749	0.0179
0.9940	0.0015	0.0028	0.0017
0.9928	0.0015	0.0032	0.0025
0.2556	0.0219	0.7103	0.0123
0.0491	0.1132	0.0832	0.7546
#GM.5.0.Paired_box.0001	GCAGCCAAGCGTGACC_PAX5(Paired,Homeobox)/GM12878-PAX5-ChIP-Seq(GSE32465)/Homer;;GTCATGCHTGRCTGS_Pax8(Paired,Homeobox)/Thyroid-Pax8-ChIP-Seq(GSE26938)/Homer;;M1848_1.02;;M4471_1.02;;M4472_1.02;;M4487_1.02;;M4492_1.02;;M4704_1.02;;M6408_1.02;;PAX5.1_Meme_1_w16;;PAX5_MOUSE.H11MO.0.A;;PAX5_disc1 PAX5_GM12891_encode-Myers_seq_hsa_v041610.1-C20_r1:MEME#3#Intergenic
>GM.5.0.Paired_box.0001
0.3392	0.0378	0.6076	0.0154
0.2685	0.1733	0.3743	0.1840
0.0050	0.2401	0.4885	0.2665
0.0453	0.8489	0.0118	0.0940
0.7917	0.0566	0.0982	0.0535
0.1228	0.1980	0.5880	0.0912
0.0123	0.5575	0.1207	0.3095
0.1194	0.5080	0.3478	0.0248
0.6299	0.0178	0.3391	0.0132
0.5191	0.0510	0.2179	0.2120
0.0008	0.2792	0.7176	0.0023
0.0077	0.8239	0.0281	0.1403
0.3111	0.0351	0.6194	0.0344
0.0865	0.0493	0.2183	0.6458
0.2643	0.0146	0.7137	0.0075
0.6485	0.0635	0.2135	0.0745
0.2033	0.7225	0.0478	0.0264
#GM.5.0.Sox.0003	CCWTTGTY_Sox3(HMG)/NPC-Sox3-ChIP-Seq(GSE33059)/Homer;;M2312_1.02;;M2313_1.02;;M6124_1.02;;MA0514.1_Sox3;;MA0515.1_Sox6;;RAACAATGGN_Sox15(HMG)/CPA-Sox15-ChIP-Seq(GSE62909)/Homer;;SOX17_HUMAN.H11MO.0.C;;SOX2_HUMAN.H11MO.0.A;;SOX3;;SOX3_HUMAN.H11MO.0.B;;SOX3_MOUSE.H11MO.0.C;;SOX4_HUMAN.H11MO.0.B;;SOX4_MOUSE.H11MO.0.A
>GM.5.0.Sox.0003
0.0107	0.6543	0.1465	0.1885
0.0129	0.7652	0.0043	0.2175
0.4543	0.0064	0.0018	0.5376
0.0027	0.0036	0.0067	0.9871
0.0008	0.0068	0.0081	0.9842
0.0057	0.0621	0.8881	0.0440
0.0162	0.0041	0.0231	0.9567
0.0296	0.3423	0.1449	0.4831
0.0414	0.4245	0.0352	0.4990
#GM.5.0.Forkhead.0001	CEBPZ;;FOXI1_HUMAN.H11MO.0.B;;FOXI1_MOUSE.H11MO.0.B;;IRF_disc1 IRF3_HeLa-S3_encode-Snyder_seq_hsa_IgG-rab_r1:MDscan#3#Intergenic;;M6174_1.02;;M6240_1.02;;NFY_known1 NFY_1 NF-Y_transfac_M00185;;NFY_known5 NFY_5 NF-Y_transfac_M00775
>GM.5.0.Forkhead.0001
0.0474	0.5511	0.2626	0.1388
0.0397	0.2439	0.0116	0.7048
0.0213	0.2855	0.5971	0.0961
0.9884	0.0077	0.0039	0.0000
0.0077	0.0079	0.0236	0.9608
0.0000	0.0000	0.0000	1.0000
0.0000	0.0039	0.9903	0.0058
0.0000	0.0000	1.0000	0.0000
0.0492	0.5762	0.0118	0.3627
0.0098	0.3030	0.0574	0.6299
#GM.5.0.MADS_box.0001	CCATATATGGNA_CArG(MADS)/PUER-Srf-ChIP-Seq(Sullivan_et_al.)/Homer;;M3956_1.02;;M3960_1.02;;M4512_1.02;;M4633_1.02;;M6489_1.02;;SRF;;SRF.1_Meme_1_w14;;SRF_known2 SRF_2 SRF_transfac_M00186;;SRF_known3 SRF_3 SRF_transfac_M00215;;SRF_known8 SRF_8 Srf_bulyk_sc09-primary
>GM.5.0.MADS_box.0001
0.0781	0.1334	0.0342	0.7543
0.1158	0.1777	0.3294	0.3771
0.2057	0.1168	0.3700	0.3075
0.0152	0.9749	0.0048	0.0050
0.0023	0.9682	0.0011	0.0284
0.4066	0.0718	0.0285	0.4931
0.1572	0.0120	0.0071	0.8237
0.7893	0.0141	0.0587	0.1380
0.0829	0.0396	0.0043	0.8733
0.6437	0.0056	0.0134	0.3373
0.2399	0.0072	0.0128	0.7400
0.0434	0.0015	0.9531	0.0020
0.0058	0.0035	0.9839	0.0068
0.2490	0.3117	0.2577	0.1815
0.2511	0.5057	0.1442	0.0990
0.5513	0.1710	0.0184	0.2594
#GM.5.0.bHLH.0008	CLOCK;;CLOCK_1 CLOCK_jolma_DBD_M316;;GNCCACGTGG_n-Myc(bHLH)/mES-nMyc-ChIP-Seq(GSE11431)/Homer;;M1889_1.02;;M1964_1.02;;M4507_1.02;;M4532_1.02;;M4558_1.02;;M4609_1.02;;M4627_1.02;;M4643_1.02;;M4645_1.02;;M5321_1.02;;M6351_1.02;;MA0059.1_MAX::MYC;;MA0104.4_MYCN;;MA0147.3_MYC;;MA0819.1_CLOCK;;MA1108.1_MXI1;;MAX_HUMAN.H11MO.0.A;;MYC;;MYC.1_Meme_1_w14;;MYC_HUMAN.H11MO.0.A;;MYC_MOUSE.H11MO.0.A;;MYC_known16 MYC::MAX_5 MYC::MAX_jaspar_MA0059.1;;MYC_known18 MYC_4 Myc_jaspar_MA0147.1;;MYC_known19 MAX_3 Max_bulyk_sc09-primary
>GM.5.0.bHLH.0008
0.0147	0.9810	0.0028	0.0015
0.9667	0.0046	0.0249	0.0038
0.0064	0.9452	0.0104	0.0380
0.1590	0.0035	0.8357	0.0018
0.0365	0.0644	0.0039	0.8952
0.0011	0.0027	0.9850	0.0111
0.0346	0.1447	0.6105	0.2102
#GM.5.0.Homeodomain.0006	ALX3_2 ALX3_jolma_DBD_M449;;DLX1_2 DLX1_jolma_DBD_M473;;DLX1_3 Dlx1_jolma_DBD_M484;;DLX2;;DLX2_2 DLX2_jolma_DBD_M474;;DLX2_3 Dlx2_jolma_DBD_M485;;DLX3_2 DLX3_jolma_DBD_M475;;DLX4_2 DLX4_jolma_DBD_M476;;DLX6;;DLX6_1 DLX6_jolma_DBD_M478;;EN1;;EN1_4 EN1_jolma_DBD_M490;;EN1_6 EN1_jolma_full_M492;;EN2_2 EN2_jolma_DBD_M494;;ESX1;;ESX1_2 ESX1_jolma_DBD_M496;;ESX1_3 ESX1_jolma_full_M497;;GBX1;;GBX1_2 GBX1_jolma_DBD_M501;;GBX1_3 Gbx1_jolma_DBD_M509;;GBX2;;GBX2_2 GBX2_jolma_DBD_M502;;GBX2_4 GBX2_jolma_full_M504;;GBX2_5 Gbx2_jolma_DBD_M510;;HESX1_1 HESX1_jolma_DBD_M511;;HOXA1_2 HOXA1_jolma_DBD_M526;;ISX_3 ISX_jolma_DBD_M566;;LHX4;;LHX4_2 Lhx4_jolma_DBD_M581;;LHX9_2 LHX9_jolma_DBD_M576;;LMX1A_2 LMX1A_jolma_DBD_M578;;LMX1B;;LMX1B_2 LMX1B_jolma_DBD_M579;;M0888_1.02;;M0893_1.02;;M0900_1.02;;M0931_1.02;;M0954_1.02;;M0963_1.02;;M0967_1.02;;M0972_1.02;;M0975_1.02;;M1000_1.02;;M1004_1.02;;M1020_1.02;;M1058_1.02;;M1083_1.02;;M1084_1.02;;M1117_1.02;;M1154_1.02;;M1193_1.02;;M5284_1.02;;M5339_1.02;;M5340_1.02;;M5341_1.02;;M5342_1.02;;M5344_1.02;;M5390_1.02;;M5392_1.02;;M5394_1.02;;M5414_1.02;;M5415_1.02;;M5480_1.02;;M5481_1.02;;M5483_1.02;;M5507_1.02;;M5533_1.02;;M5585_1.02;;M5602_1.02;;M5604_1.02;;M5605_1.02;;M5638_1.02;;M5641_1.02;;M5754_1.02;;M5755_1.02;;M5757_1.02;;M5771_1.02;;M5772_1.02;;M5806_1.02;;M5807_1.02;;M5942_1.02;;M6000_1.02;;M6001_1.02;;M6020_1.02;;M6021_1.02;;M6041_1.02;;M6055_1.02;;M6065_1.02;;M6082_1.02;;M6110_1.02;;MA0027.2_EN1;;MA0075.2_Prrx2;;MA0630.1_SHOX;;MA0644.1_ESX1;;MA0701.1_LHX9;;MA0702.1_LMX1A;;MA0703.1_LMX1B;;MA0704.1_Lhx4;;MA0708.1_MSX2;;MA0709.1_Msx3;;MA0716.1_PRRX1;;MA0717.1_RAX2;;MA0718.1_RAX;;MA0720.1_Shox2;;MA0721.1_UNCX;;MA0879.1_Dlx1;;MA0880.1_Dlx3;;MA0881.1_Dlx4;;MA0882.1_DLX6;;MA0885.1_Dlx2;;MA0889.1_GBX1;;MA0890.1_GBX2;;MA0894.1_HESX1;;MSX1_4 MSX1_jolma_DBD_M592;;MSX2_4 MSX2_jolma_DBD_M595;;MSX2_6 Msx3_jolma_DBD_M598;;PRRX1_2 PRRX1_jolma_DBD_M628;;PRRX1_3 PRRX1_jolma_full_M629;;PRRX2_4 PRRX2_jolma_full_M631;;PRRX2_5 Prrx2_jolma_DBD_M632;;RAX2;;RAX2_1 RAXL1_jolma_DBD_M633;;RAX_2 RAX_jolma_DBD_M634;;SHOX;;SHOX2_2 SHOX2_jolma_DBD_M640;;SHOX2_3 Shox2_jolma_DBD_M642;;SHOX_1 SHOX_jolma_DBD_M641;;UNCX;;UNCX_3 UNCX_jolma_DBD_M644;;VSX1_4 Vsx1_jolma_DBD_M654
>GM.5.0.Homeodomain.0006
0.0707	0.4483	0.0258	0.4553
0.8193	0.0687	0.0594	0.0527
0.9378	0.0291	0.0125	0.0207
0.0157	0.0089	0.0039	0.9715
0.0456	0.0735	0.0447	0.8362
0.8850	0.0197	0.0252	0.0700
#GM.5.0.Homeodomain.0007	FOS;;M4473_1.02;;M6231_1.02;;M6414_1.02;;PBX3_MOUSE.H11MO.0.A
>GM.5.0.Homeodomain.0007
0.0308	0.1943	0.0213	0.7536
0.0134	0.2198	0.6970	0.0697
0.9658	0.0051	0.0111	0.0180
0.0007	0.1465	0.0592	0.7936
0.0128	0.0000	0.0150	0.9722
0.0134	0.1101	0.8686	0.0079
0.3290	0.0143	0.6459	0.0108
#GM.5.0.SMAD.0001	CTGTCTGG_Smad2(MAD)/ES-SMAD2-ChIP-Seq(GSE29422)/Homer;;M6466_1.02;;MA1153.1_Smad4;;SMAD3;;SMAD3_2 Smad3_bulyk_sc09-primary;;SMAD4;;SMAD_2 SMAD_transfac_M00974;;VBSYGTCTGG_Smad4(MAD)/ESC-SMAD4-ChIP-Seq(GSE29422)/Homer
>GM.5.0.SMAD.0001
0.1208	0.2404	0.0554	0.5834
0.0009	0.0199	0.9731	0.0060
0.0093	0.0220	0.0190	0.9497
0.0031	0.9900	0.0024	0.0045
0.0017	0.0036	0.0250	0.9696
0.2185	0.0257	0.7531	0.0027
0.0919	0.1816	0.6097	0.1167
#GM.5.0.Ets.0003	ELK3;;ELK3_1 ELK3_jolma_DBD_M91;;ELK3_2 Elk3_jolma_DBD_M110;;ELK4_2 ELK4_jolma_DBD_M92;;ERF;;ERF_1 ERF_jolma_DBD_M93;;ERG_1 ERG_jolma_DBD_M94;;ERG_3 ERG_jolma_full_M96;;ETS_known11 ELK1_4 ELK1_jolma_DBD_M88;;ETS_known12 ELK1_5 ELK1_jolma_full_M89;;ETS_known14 ETS1_4 ETS1_jolma_DBD_M98;;ETS_known18 GABPA_3 GABPA_jolma_full_M116;;ETV1_1 ETV1_jolma_DBD_M102;;ETV2;;ETV2_1 ETV2_jolma_DBD_M103;;ETV3_1 ETV3_jolma_DBD_M104;;ETV4_2 ETV4_jolma_DBD_M105;;FLI1_3 FLI1_jolma_full_M114;;HACTTCCGGY_Elk1(ETS)/Hela-Elk1-ChIP-Seq(GSE31477)/Homer;;M4950_1.02;;M5380_1.02;;M5381_1.02;;M5383_1.02;;M5384_1.02;;M5385_1.02;;M5398_1.02;;M5399_1.02;;M5401_1.02;;M5416_1.02;;M5420_1.02;;M5421_1.02;;M5422_1.02;;M5423_1.02;;M5433_1.02;;M5475_1.02;;M6005_1.02;;M6207_1.02;;M6213_1.02;;MA0028.2_ELK1;;MA0098.3_ETS1;;MA0474.2_ERG;;MA0475.2_FLI1;;MA0759.1_ELK3;;MA0760.1_ERF;;MA0761.1_ETV1;;MA0762.1_ETV2;;MA0763.1_ETV3;;MA0764.1_ETV4;;NRYTTCCGGY_Elk4(ETS)/Hela-Elk4-ChIP-Seq(GSE31477)/Homer
>GM.5.0.Ets.0003
0.6934	0.0580	0.1531	0.0956
0.0716	0.8252	0.0704	0.0328
0.0773	0.9117	0.0063	0.0048
0.0008	0.0013	0.9927	0.0052
0.0010	0.0018	0.9848	0.0123
0.9861	0.0060	0.0022	0.0056
0.8231	0.0094	0.0032	0.1642
0.3066	0.0479	0.6377	0.0077
0.0314	0.2087	0.0499	0.7100
#GM.5.0.Nuclear_receptor.0005	AGGTCANTGACCTN_FXR(NR),IR1/Liver-FXR-ChIP-Seq(Chong_et_al.)/Homer;;M6384_1.02;;MA1146.1_NR1A4::RXRA;;MA1147.1_NR4A2::RXRA
>GM.5.0.Nuclear_receptor.0005
0.5948	0.0883	0.2751	0.0418
0.0451	0.0120	0.9026	0.0403
0.0413	0.0125	0.7837	0.1625
0.0779	0.1045	0.1310	0.6867
0.0116	0.8229	0.0366	0.1290
0.7217	0.0593	0.1909	0.0281
0.2176	0.1505	0.1532	0.4787
0.0130	0.0625	0.0220	0.9025
0.0638	0.0975	0.8192	0.0195
0.8013	0.0873	0.0774	0.0339
0.1309	0.8280	0.0060	0.0351
0.0573	0.8950	0.0160	0.0317
0.0208	0.4448	0.0467	0.4877
#GM.5.0.C2H2_ZF.0005	M4746_1.02;;M4831_1.02;;M4832_1.02;;M4948_1.02;;M5063_1.02;;M5064_1.02;;M5112_1.02;;M5113_1.02;;M5273_1.02;;M5274_1.02;;M5809_1.02;;MA0745.1_SNAI2;;SNAI2;;SNAI2_1 SNAI2_jolma_DBD_M28;;SNAI2_HUMAN.H11MO.0.A;;SNAI2_MOUSE.H11MO.0.A
>GM.5.0.C2H2_ZF.0005
0.4497	0.0109	0.4836	0.0558
0.0144	0.9705	0.0059	0.0092
0.9699	0.0082	0.0076	0.0143
0.0477	0.0036	0.9401	0.0086
0.0111	0.0029	0.9763	0.0097
0.0085	0.0015	0.0010	0.9890
0.0442	0.0219	0.8821	0.0518
0.0540	0.1870	0.5716	0.1874
#GM.5.0.Nuclear_receptor.0006	AAYTAGGTCA_RORgt(NR)/EL4-RORgt.Flag-ChIP-Seq(GSE56019)/Homer;;M4937_1.02;;M5033_1.02;;MA1150.1_RORB;;MA1151.1_RORC
>GM.5.0.Nuclear_receptor.0006
0.7541	0.0747	0.0177	0.1535
0.5444	0.0088	0.0174	0.4294
0.2164	0.2360	0.2748	0.2728
0.0412	0.1017	0.1414	0.7156
0.6299	0.0134	0.3485	0.0082
0.0090	0.0140	0.9421	0.0349
0.0138	0.0129	0.9661	0.0072
0.0468	0.0990	0.0564	0.7978
0.0114	0.8954	0.0080	0.0852
0.8757	0.0062	0.1043	0.0138
#GM.5.0.Ets.0004	ELF1.1_Meme_3_w21;;ELK4.1_Meme_3_w21;;GABP.1_Meme_3_w21;;UA3.1_Meme_5_w21
>GM.5.0.Ets.0004
0.3455	0.0001	0.6543	0.0001
0.6052	0.0001	0.3945	0.0001
0.9996	0.0001	0.0001	0.0001
0.0001	0.9996	0.0001	0.0001
0.0417	0.2206	0.0001	0.7375
0.9114	0.0442	0.0442	0.0001
0.0001	0.9139	0.0858	0.0001
0.7375	0.0442	0.1740	0.0442
0.7791	0.0883	0.0001	0.1324
0.0001	0.6052	0.1741	0.2206
0.0001	0.0001	0.0001	0.9996
0.0442	0.9555	0.0001	0.0001
0.0001	0.9555	0.0001	0.0442
0.0001	0.9996	0.0001	0.0001
0.6959	0.0001	0.2598	0.0442
0.0001	0.2181	0.6959	0.0858
0.4412	0.5145	0.0442	0.0001
0.7400	0.0001	0.2598	0.0001
0.0883	0.0883	0.2622	0.5611
0.0883	0.1740	0.6493	0.0883
0.0442	0.8698	0.0442	0.0417
#GM.5.0.E2F.0001	E2F2_3 E2F2_jolma_DBD_M74;;E2F_known26 E2F3_4 E2F3_jolma_DBD_M77;;E2F_known27 E2F1_21 E2F1_jolma_DBD_M749;;E2F_known28 E2F1_22 E2F1_jolma_DBD_M750;;E2F_known29 E2F4_3 E2F4_jolma_DBD_M752;;E2F_known30 E2F4_4 E2F4_jolma_DBD_M753;;M5350_1.02;;M5351_1.02;;M5352_1.02;;M5355_1.02;;M5359_1.02;;M5360_1.02;;M5361_1.02;;MA0024.3_E2F1
>GM.5.0.E2F.0001
0.1646	0.0098	0.0060	0.8195
0.1439	0.0519	0.0320	0.7722
0.1184	0.0212	0.0405	0.8199
0.0698	0.0100	0.0883	0.8319
0.0212	0.0362	0.9422	0.0004
0.0002	0.0119	0.9871	0.0008
0.0003	0.9987	0.0002	0.0008
0.0014	0.0009	0.9974	0.0004
0.0003	0.9895	0.0102	0.0000
0.0022	0.9341	0.0419	0.0218
0.7805	0.1106	0.0130	0.0958
0.6706	0.0537	0.0230	0.2527
0.6276	0.0426	0.0496	0.2802
0.8797	0.0138	0.0152	0.0913
#GM.5.0.Nuclear_receptor.0007	M2262_1.02;;M4926_1.02;;M5246_1.02;;M5674_1.02;;M6056_1.02;;MA0676.1_Nr2e1;;NR2E1;;NR2E1_1 NR2E1_jolma_full_M676;;NR2E1_3 Nr2e1_jolma_DBD_M689
>GM.5.0.Nuclear_receptor.0007
0.1369	0.0724	0.0774	0.7134
0.0004	0.0113	0.0015	0.9868
0.0548	0.0043	0.9345	0.0064
0.9474	0.0033	0.0490	0.0004
0.0033	0.9779	0.0023	0.0165
0.0067	0.0495	0.0076	0.9362
0.0085	0.0499	0.0025	0.9391
0.1347	0.1865	0.0327	0.6461
0.1791	0.1035	0.1122	0.6052
#GM.5.0.Runt.0001	GCTGTGGTTT_RUNX-AML(Runt)/CD4+-PolII-ChIP-Seq(Barski_et_al.)/Homer;;M5790_1.02;;M5792_1.02;;M5794_1.02;;M6457_1.02;;M6458_1.02;;MA0511.2_RUNX2;;MA0684.1_RUNX3;;NWAACCACADNN_RUNX2(Runt)/PCa-RUNX2-ChIP-Seq(GSE33889)/Homer;;RUNX1_7 AML1_transfac_M00751;;RUNX2_6 RUNX2_jolma_DBD_M247;;RUNX3_2 RUNX3_jolma_DBD_M249;;RUNX3_4 RUNX3_jolma_full_M251;;RUNX_1 AML_transfac_M00769;;RUNX_2 PEBP_transfac_M00984
>GM.5.0.Runt.0001
0.0287	0.0375	0.0252	0.9085
0.0041	0.0095	0.9834	0.0030
0.0120	0.3990	0.0089	0.5801
0.0006	0.0007	0.9984	0.0003
0.0008	0.0013	0.9946	0.0032
0.0035	0.0286	0.0590	0.9089
0.0691	0.1935	0.0984	0.6389
#GM.5.0.C2H2_ZF.0006	DGGGYGKGGC_KLF5(Zf)/LoVo-KLF5-ChIP-Seq(GSE49402)/Homer;;GGCCCCGCCCCC_Sp1(Zf)/Promoter/Homer;;IRF_disc4 IRF1_K562_encode-Snyder_seq_hsa_IFNg6h_r1:MEME#2#Intergenic;;KLF12_HUMAN.H11MO.0.C;;KLF4;;KLF7_1 Klf7_bulyk_sc09-primary;;M1906_1.02;;M2314_1.02;;M3926_1.02;;M5853_1.02;;M6324_1.02;;M6479_1.02;;M6480_1.02;;M6482_1.02;;MA0079.3_SP1;;MA0516.1_SP2;;SP1;;SP1.2_Meme_2_w15;;SP1_known2 SP1_2 Sp1_transfac_M00196;;SP1_known4 SP1_3 Sp1_transfac_M00931;;SP1_known5 SP1_4 Sp1_transfac_M00932;;SP1_known6 SP1_5 Sp1_transfac_M00933;;SP1_known8 SP1_7 SP1_jolma_DBD_M29;;SP3;;SP3_HUMAN.H11MO.0.B;;SP3_MOUSE.H11MO.0.B;;TATA_disc4 TBP_K562_encode-Snyder_seq_hsa_IgG-mus_r1:MEME#1#Intergenic;;UA2.1_Meme_3_w15;;UA5.1_Meme_4_w15
>GM.5.0.C2H2_ZF.0006
0.1683	0.0307	0.6082	0.1927
0.1746	0.0033	0.8199	0.0021
0.0047	0.0031	0.9899	0.0023
0.0048	0.0058	0.9876	0.0018
0.1523	0.6768	0.0113	0.1597
0.0257	0.0129	0.9469	0.0145
0.0067	0.0114	0.8301	0.1518
0.1469	0.0239	0.7896	0.0395
0.1313	0.0903	0.7147	0.0636
#GM.5.0.SAND.0001	GMEB1;;GMEB1_1 Gmeb1_bulyk_sc09-primary;;GMEB2;;GMEB2_1 GMEB2_jolma_DBD_M252;;GMEB2_4 GMEB2_jolma_DBD_M738;;M1543_1.02;;M1547_1.02;;M1553_1.02;;M1558_1.02;;M5493_1.02;;M5496_1.02;;MA0615.1_Gmeb1;;MA0862.1_GMEB2
>GM.5.0.SAND.0001
0.8624	0.0208	0.1035	0.0133
0.0057	0.9857	0.0010	0.0076
0.0060	0.0052	0.9860	0.0028
0.0053	0.2758	0.0086	0.7103
0.6321	0.2053	0.0859	0.0768
#GM.5.0.T-box.0002	ATTAACACCT_Eomes(T-box)/H9-Eomes-ChIP-Seq(GSE26097)/Homer;;BRAC_HUMAN.H11MO.0.A
>GM.5.0.T-box.0002
0.0453	0.1160	0.0300	0.8087
0.0080	0.0393	0.0073	0.9453
0.4427	0.4387	0.0820	0.0367
0.6020	0.0267	0.1167	0.2547
0.0053	0.9873	0.0053	0.0020
0.9453	0.0067	0.0107	0.0373
0.0387	0.8200	0.1207	0.0207
0.1173	0.6093	0.0287	0.2447
0.1007	0.1547	0.0680	0.6767
0.2500	0.3400	0.1660	0.2440
0.1640	0.4020	0.2520	0.1820
0.2200	0.4080	0.1740	0.1980
0.0960	0.1620	0.0720	0.6700
0.0600	0.1280	0.6740	0.1380
0.1220	0.3800	0.1640	0.3340
0.1280	0.2240	0.3120	0.3360
0.6140	0.1060	0.2020	0.0780
#GM.5.0.Homeodomain.0008	DOBOX4_1 Dobox4_bulyk_cell08-3956.2;;MA0631.1_Six3;;SIX1;;SIX2;;SIX3;;SIX5_known1 SIX6_1 Six6_bulyk_sc09-primary;;SIX5_known2 SIX1_1 Six1_bulyk_cell08-0935.2;;SIX5_known3 SIX2_1 Six2_bulyk_cell08-2307.2;;SIX5_known4 SIX3_1 Six3_bulyk_cell08-1732.2;;SIX5_known6 SIX6_2 Six6_bulyk_cell08-2267.4;;SIX5_known7 SIX6_3 Six6_bulyk_cell08-2267.5
>GM.5.0.Homeodomain.0008
0.1009	0.0311	0.0235	0.8446
0.0160	0.0027	0.9612	0.0202
0.9922	0.0035	0.0016	0.0028
0.0027	0.0378	0.0023	0.9571
0.9355	0.0615	0.0010	0.0021
0.0015	0.8390	0.0082	0.1514
0.0420	0.9056	0.0286	0.0238
0.0433	0.7766	0.0451	0.1350
#GM.5.0.GCM.0001	GCM1_1 Gcm1_bulyk_sc09-primary;;GCM1_2 GCM1_jolma_DBD_M131;;GCM1_4 GCM1_jolma_full_M133;;GCM2;;GCM2_1 GCM2_jolma_DBD_M134;;M0809_1.02;;M0810_1.02;;M0811_1.02;;M0812_1.02;;M0813_1.02;;M0814_1.02;;M0816_1.02;;M0817_1.02;;M5484_1.02;;M5486_1.02;;M5487_1.02;;MA0646.1_GCM1;;MA0767.1_GCM2
>GM.5.0.GCM.0001
0.6287	0.0535	0.2594	0.0583
0.0075	0.9823	0.0020	0.0082
0.0133	0.9762	0.0030	0.0074
0.1262	0.7937	0.0230	0.0571
0.0781	0.1027	0.7379	0.0813
0.0056	0.7068	0.0628	0.2248
0.8919	0.0248	0.0438	0.0395
0.0354	0.1839	0.0924	0.6882
#GM.5.0.Homeodomain_POU.0002	M5723_1.02;;M5732_1.02;;M5733_1.02;;M5736_1.02;;M5739_1.02;;M5740_1.02;;M5741_1.02;;M5742_1.02;;M5743_1.02;;MA0683.1_POU4F2;;MA0790.1_POU4F1;;MA0791.1_POU4F3;;POU1F1_4 POU1F1_jolma_DBD_M205;;POU3F1_3 POU3F1_jolma_DBD_M214;;POU3F2_5 POU3F2_jolma_DBD_M215;;POU3F3;;POU3F3_3 POU3F3_jolma_DBD_M218;;POU3F4;;POU3F4_3 POU3F4_jolma_DBD_M221;;POU4F1;;POU4F1_1 POU4F1_jolma_DBD_M222;;POU4F2_1 POU4F2_jolma_DBD_M223;;POU4F2_2 POU4F2_jolma_full_M224;;POU4F3;;POU4F3_2 POU4F3_jolma_DBD_M225
>GM.5.0.Homeodomain_POU.0002
0.0822	0.0771	0.0373	0.8034
0.1245	0.0355	0.7630	0.0770
0.3996	0.5671	0.0069	0.0264
0.9344	0.0219	0.0134	0.0302
0.0163	0.0053	0.0037	0.9746
0.7445	0.0197	0.0322	0.2036
0.7240	0.0539	0.0303	0.1918
0.2354	0.0403	0.0392	0.6852
0.1029	0.0474	0.0783	0.7713
0.4925	0.1236	0.0928	0.2912
0.8289	0.0430	0.0549	0.0732
0.0730	0.1024	0.0804	0.7441
0.1180	0.1184	0.5026	0.2610
0.6403	0.1347	0.1165	0.1085
