#Average_3	['M4594_1.01', 'M4593_1.01']
>ABF1_C2H2_ZF_Average_3
0.00276292541337	0.0511053701648	0.00138171270619	0.944749991716
4.99999000002e-07	0.95833191667	0.0416670833325	4.99999000002e-07
4.99999000002e-07	4.99999000002e-07	4.99999000002e-07	0.999998500003
0.995854861881	4.99999000002e-07	4.99999000002e-07	0.00414413812056
0.987567585638	0.00138171270619	0.00552535082775	0.00552535082775
0.0511053701648	4.99999000002e-07	0.02900596685	0.919888162986
0.0110502016565	0.93347008794	0.00138171270619	0.0540979976971
#M4598_1.01	['M4598_1.01']
>ABF1_C2H2_ZF_M4598_1.01
0.624998500006	9.99996000016e-07	0.374999500002	9.99996000016e-07
0.25	0.624998500006	9.99996000016e-07	0.125000499998
0.125000499998	9.99996000016e-07	9.99996000016e-07	0.87499750001
0.999997000012	9.99996000016e-07	9.99996000016e-07	9.99996000016e-07
0.999997000012	9.99996000016e-07	9.99996000016e-07	9.99996000016e-07
0.125000499998	9.99996000016e-07	9.99996000016e-07	0.87499750001
#M4591_1.01	['M4591_1.01']
>ABF1_C2H2_ZF_M4591_1.01
9.99996000016e-07	0.799997800009	9.99996000016e-07	0.200000199999
0.399999400002	9.99996000016e-07	0.499999000004	0.100000599998
9.99996000016e-07	9.99996000016e-07	9.99996000016e-07	0.999997000012
9.99996000016e-07	9.99996000016e-07	9.99996000016e-07	0.999997000012
0.799997800009	0.100000599998	9.99996000016e-07	0.100000599998
9.99996000016e-07	9.99996000016e-07	0.999997000012	9.99996000016e-07
0.599998600006	9.99996000016e-07	0.100000599998	0.299999800001
0.200000199999	0.299999800001	0.200000199999	0.299999800001
0.200000199999	0.100000599998	0.699998200007	9.99996000016e-07
0.499999000004	9.99996000016e-07	0.299999800001	0.200000199999
0.699998200007	9.99996000016e-07	0.100000599998	0.200000199999
9.99996000016e-07	0.499999000004	9.99996000016e-07	0.499999000004
#Average_4	['M1715_1.01', 'M2404_1.01']
>ABF1_C2H2_ZF_Average_4
0.25	0.083333666666	0.083333666666	0.583332666668
0.416666333334	0.166666833333	0.0833336666659	0.333333166667
4.99999000002e-07	0.833332166669	4.99999000002e-07	0.166666833333
4.99999000002e-07	0.0833336666659	4.99999000002e-07	0.916665333336
0.999998500003	4.99999000002e-07	4.99999000002e-07	4.99999000002e-07
0.0833336666659	0.0833336666659	0.166666833333	0.666665833335
0.166666833333	4.99999000002e-07	0.0833336666659	0.749999000002
0.0833336666659	0.166666833333	0.0833336666659	0.666665833335
#M4596_1.01	['M4596_1.01']
>ABF1_C2H2_ZF_M4596_1.01
0.333333000001	0.142857571427	0.0476198571396	0.476189571432
9.99996000016e-07	0.71428385715	0.19047642857	0.0952387142832
9.99996000016e-07	9.99996000016e-07	9.99996000016e-07	0.999997000012
0.999997000012	9.99996000016e-07	9.99996000016e-07	9.99996000016e-07
0.0476198571396	9.99996000016e-07	0.238095285714	0.714283857151
0.0952387142833	0.238095285714	0.238095285714	0.428570714289
0.57142728572	0.0476198571396	0.0476198571396	0.333333000001
0.523808428576	0.19047642857	0.0476198571396	0.238095285714
#M4590_1.01	['M4590_1.01']
>ABF1_C2H2_ZF_M4590_1.01
0.636362090916	0.363635909092	9.99996000016e-07	9.99996000016e-07
0.999997000012	9.99996000016e-07	9.99996000016e-07	9.99996000016e-07
0.0909097272702	0.909088272738	9.99996000016e-07	9.99996000016e-07
9.99996000016e-07	9.99996000016e-07	9.99996000016e-07	0.999997000012
0.999997000012	9.99996000016e-07	9.99996000016e-07	9.99996000016e-07
9.99996000016e-07	9.99996000016e-07	0.0909097272702	0.909088272738
9.99996000016e-07	0.272727181818	9.99996000016e-07	0.72727081819
#M4595_1.01	['M4595_1.01']
>ABF1_C2H2_ZF_M4595_1.01
0.705880529419	9.99996000016e-07	0.117647588234	0.176470882351
0.705880529419	0.117647588234	0.176470882351	9.99996000016e-07
0.529410647063	9.99996000016e-07	9.99996000016e-07	0.470587352945
9.99996000016e-07	0.176470882351	9.99996000016e-07	0.823527117657
0.823527117656	9.99996000015e-07	0.117647588234	0.0588242941146
0.0588242941146	0.23529417647	0.529410647064	0.176470882352
0.6470572353	0.176470882352	0.117647588234	0.0588242941146
0.941173705893	0.0588242941146	9.99996000016e-07	9.99996000016e-07
#M4597_1.01	['M4597_1.01']
>ABF1_C2H2_ZF_M4597_1.01
0.437499250003	0.187500249999	0.187500249999	0.187500249999
0.749998000008	0.062500749997	9.99996000016e-07	0.187500249999
0.624998500006	9.99996000016e-07	0.374999500002	9.99996000016e-07
0.062500749997	0.687498250007	9.99996000016e-07	0.25
9.99996000016e-07	9.99996000016e-07	0.062500749997	0.937497250011
0.437499250003	9.99996000016e-07	0.187500249999	0.374999500002
9.99996000016e-07	9.99996000016e-07	0.624998500006	0.374999500002
9.99996000016e-07	9.99996000016e-07	0.062500749997	0.937497250011
#M1717_1.01	['M1717_1.01']
>ABF1_C2H2_ZF_M1717_1.01
0.166666999999	0.166666999999	9.99996000015e-07	0.666665000006
0.666665000007	9.99996000016e-07	9.99996000016e-07	0.333333000001
0.333333000001	9.99996000016e-07	0.666665000007	9.99996000016e-07
0.166666999999	9.99996000016e-07	9.99996000016e-07	0.833331000009
0.833331000009	9.99996000016e-07	0.166666999999	9.99996000016e-07
0.999997000012	9.99996000016e-07	9.99996000016e-07	9.99996000016e-07
0.833331000009	9.99996000016e-07	0.166666999999	9.99996000016e-07
0.166666999999	0.499999000004	0.166666999999	0.166666999999
0.499999000004	9.99996000016e-07	0.166666999999	0.333333000001
0.833331000009	9.99996000016e-07	9.99996000016e-07	0.166666999999
0.499999000004	0.166666999999	9.99996000016e-07	0.333333000001
#M2406_1.01	['M2406_1.01']
>ABF1_C2H2_ZF_M2406_1.01
0.499999000004	9.99996000016e-07	9.99996000016e-07	0.499999000004
0.333333000001	0.166666999999	9.99996000016e-07	0.499999000004
0.499999000004	9.99996000016e-07	0.166666999999	0.333333000001
0.499999000004	9.99996000016e-07	0.333333000001	0.166666999999
9.99996000016e-07	9.99996000016e-07	0.333333000001	0.666665000007
0.999997000012	9.99996000016e-07	9.99996000016e-07	9.99996000016e-07
0.999997000012	9.99996000016e-07	9.99996000016e-07	9.99996000016e-07
0.999997000012	9.99996000016e-07	9.99996000016e-07	9.99996000016e-07
9.99996000016e-07	0.499999000004	0.333333000001	0.166666999999
0.666665000006	9.99996000015e-07	0.166666999999	0.166666999999
0.499999000004	0.166666999999	9.99996000016e-07	0.333333000001
0.833331000009	9.99996000016e-07	9.99996000016e-07	0.166666999999
0.666665000007	9.99996000016e-07	9.99996000016e-07	0.333333000001
#Average_2	['M2405_1.01', 'M1716_1.01']
>ABF1_C2H2_ZF_Average_2
0.25	0.083333666666	0.083333666666	0.583332666668
0.749999000002	0.166666833333	0.0833336666659	4.99999000002e-07
0.833332166669	4.99999000002e-07	4.99999000002e-07	0.166666833333
0.999998500003	4.99999000002e-07	4.99999000002e-07	4.99999000002e-07
4.99999000002e-07	0.833332166669	0.083333666666	0.083333666666
0.333333166667	4.99999000002e-07	4.99999000002e-07	0.666665833335
0.833332166669	4.99999000002e-07	4.99999000002e-07	0.166666833333
0.499999500001	4.99999000002e-07	0.333333166667	0.166666833333
0.499999500001	0.0833336666659	0.166666833333	0.25
#M4592_1.01	['M4592_1.01']
>ABF1_C2H2_ZF_M4592_1.01
0.181818454544	9.99996000016e-07	0.0909097272702	0.72727081819
0.0909097272702	0.181818454544	0.72727081819	9.99996000016e-07
0.181818454544	0.272727181818	0.545453363642	9.99996000016e-07
9.99996000016e-07	9.99996000016e-07	9.99996000016e-07	0.999997000012
0.0909097272702	0.909088272738	9.99996000016e-07	9.99996000016e-07
9.99996000016e-07	9.99996000016e-07	9.99996000016e-07	0.999997000012
0.636362090916	0.181818454544	9.99996000016e-07	0.181818454544
9.99996000016e-07	9.99996000016e-07	0.454544636366	0.545453363642
9.99996000016e-07	9.99996000016e-07	0.636362090916	0.363635909092
#Average_1	['M1714_1.01', 'M2403_1.01']
>ABF1_C2H2_ZF_Average_1
0.555554944446	4.99999000002e-07	4.99999000002e-07	0.444444055556
0.111111388888	0.333333166667	4.99999000002e-07	0.555554944446
4.99999000002e-07	0.111111388888	4.99999000002e-07	0.888887611114
4.99999000002e-07	4.99999000002e-07	4.99999000002e-07	0.999998500003
4.99999000002e-07	4.99999000002e-07	0.888887611114	0.111111388888
0.111111388888	0.111111388888	4.99999000002e-07	0.777776722225
4.99999000003e-07	0.444444055556	0.111111388888	0.444444055556
0.333333166667	4.99999000002e-07	4.99999000002e-07	0.666665833335
0.666665833335	4.99999000002e-07	4.99999000002e-07	0.333333166667
0.111111388888	0.111111388888	4.99999000002e-07	0.777776722225
0.111111388888	0.111111388888	0.222222277777	0.555554944446
0.666665833335	0.111111388888	0.111111388888	0.111111388888
0.111111388888	0.444444055556	0.111111388888	0.333333166667
#Average_2	['M5058_1.01', 'M5043_1.01', 'M5044_1.01']
>ABF1_Average_2
0.0613278128906	0.107503797499	0.79942206686	0.0317463227509
0.383838205387	0.156565781145	0.035985133838	0.42361087963
3.33332888889e-07	0.947419705028	0.0525796283065	3.33332888889e-07
0.968253010583	3.33332888889e-07	0.0317463227509	3.33332888889e-07
3.33332888889e-07	0.999999000001	3.33332888889e-07	3.33332888889e-07
3.33332888889e-07	0.0208336388885	0.979165694446	3.33332888889e-07
0.0151518282824	0.113636545454	3.3333288889e-07	0.87121129293
3.33332888889e-07	3.33332888889e-07	0.999999000001	3.33332888889e-07
0.0158733280419	0.433843688719	0.111111296296	0.439171686943
#M4985_1.01	['M4985_1.01']
>ARID_BRIGHT_M4985_1.01
0.809521571438	9.99996000016e-07	0.0476198571396	0.142857571427
0.999997000012	9.99996000016e-07	9.99996000016e-07	9.99996000016e-07
9.99996000016e-07	9.99996000016e-07	9.99996000016e-07	0.999997000012
0.0476198571396	0.619046142863	9.99996000016e-07	0.333333000001
0.952378142868	9.99996000016e-07	0.0476198571396	9.99996000016e-07
0.857140428581	0.0952387142832	0.0476198571396	9.99996000016e-07
0.904759285725	0.0952387142832	9.99996000016e-07	9.99996000016e-07
0.449999200003	0.399999400002	0.0500007999968	0.100000599998
#M2423_1.01	['M2423_1.01']
>ARID_BRIGHT_M2423_1.01
0.214285857143	0.238095285714	0.261904714286	0.285714142857
0.523808428576	0.142857571427	0.119048142855	0.214285857142
0.0714292857114	0.142857571427	0.119048142855	0.666665000007
9.99996000016e-07	0.119048142855	9.99996000016e-07	0.880949857153
0.97618757144	9.99996000016e-07	9.99996000016e-07	0.0238104285678
0.97618757144	9.99996000016e-07	9.99996000016e-07	0.0238104285678
9.99996000016e-07	9.99996000016e-07	9.99996000016e-07	0.999997000012
9.99996000016e-07	0.499999000004	9.99996000016e-07	0.499999000004
0.261904714286	0.166666999999	0.357142428573	0.214285857142
0.45238014286	0.166666999999	0.166666999999	0.214285857142
#Average_1	['M0111_1.01', 'M0114_1.01']
>ARID_BRIGHT_Average_1
0.948087217681	0.000199630644457	0.0004776028301	0.0512355488444
0.0274949623559	0.0285264466931	0.000564240531184	0.94341435042
0.186226245642	0.366360391412	0.0744616470329	0.372951715913
0.581882276055	0.086079187723	0.175637693623	0.1564008426
0.501792873317	0.152788510944	0.173006000492	0.172412615246
#M0115_1.01	['M0115_1.01']
>ARID_BRIGHT_M0115_1.01
0.195875638557	0.298098873791	0.187239047829	0.318786439822
0.261670198629	0.174075880554	0.325016085404	0.239237835413
0.300650597694	0.328480365792	0.196451436142	0.174417600373
0.307727584687	0.102218265484	0.27676148809	0.313292661739
0.784243271937	0.0250732653427	0.0501505852972	0.140532877423
0.140532877423	0.0501505852972	0.0250732653427	0.784243271937
0.313292661739	0.27676148809	0.102218265484	0.307727584687
0.174417600373	0.196451436142	0.328480365792	0.300650597694
0.239237835413	0.325016085404	0.174075880554	0.261670198629
0.318786439822	0.187239047829	0.298098873791	0.195875638557
#M0140_1.01	['M0140_1.01']
>AT_hook_M0140_1.01
0.272988916224	0.275732490393	0.247010681275	0.204267912109
0.311541907615	0.190859182887	0.252531151696	0.245067757801
0.409497058104	0.106158864857	0.183999439621	0.300344637417
0.46479707086	0.0957374163631	0.154718171832	0.284747340944
0.582236742244	0.128622685016	0.0141108822611	0.275029690479
0.576038444764	0.000724375131327	0.229562890149	0.193674289955
0.235344637661	0.212948729455	0.0484759288888	0.503230703995
#M0135_1.01	['M0135_1.01']
>AT_hook_M0135_1.01
0.353238764436	0.184407283135	0.205849689914	0.256504262516
0.291908894481	0.209860513329	0.178831480843	0.319399111347
0.479753301949	0.15343491195	0.207115117418	0.159696668683
0.353838535659	0.15740848189	0.196142800397	0.292610182054
0.432300789636	0.0707486489312	0.192313048471	0.304637512962
0.389748722783	0.100033953365	0.0618997301794	0.448317593672
0.862319782903	0.000497399125794	0.0847441587594	0.0524386592122
0.519589630063	0.0338882013842	0.0876234639387	0.358898704614
0.365815237769	0.0929569437391	0.0808130152202	0.460414803272
#M0141_1.01	['M0141_1.01']
>AT_hook_M0141_1.01
0.32107764991	0.22630745003	0.22630745003	0.22630745003
0.22630745003	0.22630745003	0.22630745003	0.32107764991
0.761757116592	0.0464655836367	0.145311716134	0.0464655836367
0.632672719465	0.116336861155	0.0231751577973	0.227815261583
0.669168022371	0.00017657359278	0.00017657359278	0.330478830444
0.195761745665	0.000176573592779	0.000176573592779	0.80388510715
0.804394620779	0.00017657359278	0.00017657359278	0.195252232036
0.517901220053	0.00017657359278	0.00017657359278	0.481745632762
0.321161417077	0.0238691235628	0.0238691235628	0.631100335797
0.0238691235628	0.12271525606	0.0238691235628	0.829546496815
0.295705326775	0.203710989956	0.296872693314	0.203710989956
0.318995752614	0.227001415795	0.227001415795	0.227001415795
#M5095_1.01	['M5095_1.01']
>AT_hook_M5095_1.01
0.941173705893	0.0588242941146	9.99996000016e-07	9.99996000016e-07
9.99996000016e-07	9.99996000016e-07	9.99996000016e-07	0.999997000012
9.99996000016e-07	9.99996000016e-07	9.99996000016e-07	0.999997000012
0.352940764708	9.99996000015e-07	0.588233941182	0.0588242941146
9.99996000016e-07	0.999997000012	9.99996000016e-07	9.99996000016e-07
0.411764058826	9.99996000016e-07	0.588233941182	9.99996000016e-07
9.99996000016e-07	0.705880529419	9.99996000016e-07	0.294117470589
0.6470572353	0.294117470589	0.0588242941146	9.99996000016e-07
0.941173705893	9.99996000016e-07	0.0588242941146	9.99996000016e-07
0.062500749997	0.499999000004	9.99996000016e-07	0.437499250003
#Average_1	['M4589_1.01', 'M1892_1.01']
>Brinker_Average_1
0.100000299999	0.499999500001	0.399999700001	4.99999000002e-07
4.99999000002e-07	0.399999700001	4.99999000002e-07	0.599999300001
4.99999000002e-07	4.99999000002e-07	0.999998500003	4.99999000002e-07
4.99999000002e-07	4.99999000002e-07	0.999998500003	4.99999000002e-07
4.99999000002e-07	0.999998500003	4.99999000002e-07	4.99999000002e-07
0.100000299999	4.99999000002e-07	0.899998700003	4.99999000002e-07
0.100000299999	0.799998900002	4.99999000002e-07	0.100000299999
4.99999000002e-07	0.499999500001	0.100000299999	0.399999700001
#M4868_1.01	['M4868_1.01']
>C2H2_ZF_M4868_1.01
0.999997000012	9.99996000016e-07	9.99996000016e-07	9.99996000016e-07
0.999997000012	9.99996000016e-07	9.99996000016e-07	9.99996000016e-07
0.916664000011	0.0833339999973	9.99996000016e-07	9.99996000016e-07
0.916664000011	0.0833339999973	9.99996000016e-07	9.99996000016e-07
0.916664000011	0.0833339999973	9.99996000016e-07	9.99996000016e-07
0.999997000012	9.99996000016e-07	9.99996000016e-07	9.99996000016e-07
0.999997000012	9.99996000016e-07	9.99996000016e-07	9.99996000016e-07
0.666665000006	0.166666999999	0.166666999999	9.99996000015e-07
0.416666000003	0.499999000004	9.99996000016e-07	0.0833339999973
9.99996000016e-07	0.499999000004	0.416666000003	0.0833339999973
0.999997000012	9.99996000016e-07	9.99996000016e-07	9.99996000016e-07
#M4867_1.01	['M4867_1.01']
>C2H2_ZF_M4867_1.01
0.519279128539	0.154242028276	0.262210748072	0.0642680951127
0.304668085996	0.466829599512	0.105651683044	0.122850631448
0.879430106393	0.0614664751743	0.0141853404217	0.0449180780109
0.978720489373	0.0141853404217	9.99996000016e-07	0.00709317020888
0.612291695041	0.245862900709	9.99996000016e-07	0.141844404253
0.97162831916	0.00236505673362	0.0094572269465	0.0165493971594
0.872337936181	0.122931950352	0.00472911347126	9.99996000016e-07
0.825056801427	0.0118212836842	0.151300631204	0.0118212836842
0.973992375898	9.99996000016e-07	0.0260056241099	9.99996000016e-07
0.375886021279	0.524821595749	0.094563269501	0.00472911347126
0.36406573759	0.288415921987	0.17494119858	0.172577141843
0.567374617027	0.130024120566	0.17494119858	0.127660063828
0.482268574472	0.338061113477	0.0851070425505	0.094563269501
0.452499190003	0.324999700001	0.110000559998	0.112500549998
0.338888533335	0.316666400001	0.227777866666	0.116667199998
#Average_90	['M4821_1.01', 'M4820_1.01', 'M5031_1.01', 'M4988_1.01', 'M4817_1.01', 'M5030_1.01', 'M1751_1.01', 'M2433_1.01', 'M4816_1.01']
>C2H2_ZF_Average_90
0.318991798623	0.242536656087	0.0516511515877	0.386820393703
0.928542376253	0.0357273152816	0.00577714948537	0.0299531589797
0.985844616659	0.00117713507005	1.11111061728e-07	0.0129781371597
0.998790811865	1.11111061728e-07	0.00120896591284	1.11111061728e-07
0.96467066403	0.00107885928318	0.0331716174038	0.00107885928318
0.974889201515	0.0171252383435	1.11111061728e-07	0.00798544902999
0.853151184233	0.0447815215417	0.0418016027807	0.0602656914446
#M4793_1.01	['M4793_1.01']
>C2H2_ZF_M4793_1.01
9.99996000016e-07	0.200000199999	0.799997800009	9.99996000016e-07
0.999997000012	9.99996000016e-07	9.99996000016e-07	9.99996000016e-07
0.999997000012	9.99996000016e-07	9.99996000016e-07	9.99996000016e-07
0.89999740001	9.99996000016e-07	9.99996000016e-07	0.100000599998
0.799997800009	0.200000199999	9.99996000016e-07	9.99996000016e-07
0.799997800009	9.99996000016e-07	9.99996000016e-07	0.200000199999
0.499999000004	9.99996000016e-07	9.99996000016e-07	0.499999000004
#M4987_1.01	['M4987_1.01']
>C2H2_ZF_M4987_1.01
0.260869521739	0.478259956526	0.173913347825	0.0869571739105
0.260869521739	0.0434790869533	0.521738043483	0.173913347825
0.391303782611	0.0869571739104	0.304347608697	0.217391434782
0.347825695654	0.347825695654	0.0434790869532	0.260869521739
0.130435260868	0.521738043483	0.304347608696	0.0434790869532
0.56521613044	0.260869521739	0.0434790869533	0.130435260868
0.739128478269	0.0869571739103	0.130435260868	0.0434790869532
0.913040826098	0.0434790869532	9.99996000016e-07	0.0434790869532
0.999997000012	9.99996000016e-07	9.99996000016e-07	9.99996000016e-07
0.999997000012	9.99996000016e-07	9.99996000016e-07	9.99996000016e-07
0.999997000012	9.99996000016e-07	9.99996000016e-07	9.99996000016e-07
0.999997000012	9.99996000016e-07	9.99996000016e-07	9.99996000016e-07
0.739128478269	0.173913347825	0.0869571739104	9.99996000016e-07
0.130435260868	0.521738043483	0.173913347825	0.173913347825
0.434781869568	0.173913347825	0.304347608697	0.0869571739104
0.347825695654	0.347825695654	0.130435260868	0.173913347824
0.260869521739	0.130435260868	0.304347608697	0.304347608697
0.130435260868	0.608694217397	0.217391434782	0.0434790869532
0.347825695654	0.304347608697	0.0869571739104	0.260869521739
0.478259956526	0.173913347825	0.260869521739	0.0869571739105
0.695650391311	0.130435260868	0.130435260868	0.0434790869532
0.347825695654	9.99996000016e-07	0.391303782611	0.260869521739
0.217391434782	0.391303782611	0.217391434782	0.173913347825
0.391303782611	0.173913347825	0.347825695654	0.0869571739104
0.0434790869533	0.956518913055	9.99996000016e-07	9.99996000016e-07
#Average_77	['M4660_1.01', 'M4659_1.01']
>C2H2_ZF_Average_77
0.204283322032	0.00300349699601	0.652915268138	0.139797912833
0.185633130156	0.105184421131	0.0526319736835	0.656550475029
4.99999000002e-07	0.0278177353397	0.0526319736835	0.919549790978
0.0398297233277	0.00600649399301	0.940649796194	0.0135139864855
0.0360364639631	0.695668462227	0.101470188003	0.166824885806
0.0165169834825	0.11498367449	0.276592328671	0.591907013357
0.00450499549451	0.961670775173	0.00450499549451	0.0293192338382
0.453848177731	0.00450499549451	0.00450499549451	0.53714183128
0.00600649399301	0.110400152757	0.0278177353397	0.85577561791
0.0165169834825	0.00750799249152	0.0015019984975	0.974473025528
0.0105109894885	0.024024475975	0.00450499549451	0.960959539042
#M4905_1.01	['M4905_1.01']
>C2H2_ZF_M4905_1.01
0.916664000011	9.99996000016e-07	9.99996000016e-07	0.0833339999973
0.416666000003	9.99996000016e-07	0.583332000005	9.99996000016e-07
9.99996000016e-07	0.999997000012	9.99996000016e-07	9.99996000016e-07
0.999997000012	9.99996000016e-07	9.99996000016e-07	9.99996000016e-07
9.99996000016e-07	9.99996000016e-07	9.99996000016e-07	0.999997000012
0.999997000012	9.99996000016e-07	9.99996000016e-07	9.99996000016e-07
0.999997000012	9.99996000016e-07	9.99996000016e-07	9.99996000016e-07
#M4616_1.01	['M4616_1.01']
>C2H2_ZF_M4616_1.01
0.333333000001	9.99996000016e-07	9.99996000016e-07	0.666665000007
9.99996000016e-07	9.99996000016e-07	9.99996000016e-07	0.999997000012
0.999997000012	9.99996000016e-07	9.99996000016e-07	9.99996000016e-07
9.99996000016e-07	9.99996000016e-07	9.99996000016e-07	0.999997000012
0.999997000012	9.99996000016e-07	9.99996000016e-07	9.99996000016e-07
9.99996000016e-07	0.999997000012	9.99996000016e-07	9.99996000016e-07
0.333333000001	9.99996000017e-07	0.333333000001	0.333333000001
9.99996000016e-07	0.666665000007	9.99996000016e-07	0.333333000001
#Average_94	['M5068_1.01', 'M2133_1.01', 'M5070_1.01']
>C2H2_ZF_Average_94
0.477272424243	0.174242525253	0.234848505051	0.113636545454
0.0833335555553	0.0833335555553	0.0833335555553	0.749999333334
0.060606313131	3.3333288889e-07	3.3333288889e-07	0.939393020203
0.606060131313	3.33332888889e-07	0.393939202021	3.33332888889e-07
3.33332888889e-07	3.33332888889e-07	3.33332888889e-07	0.999999000001
3.33332888889e-07	0.999999000001	3.33332888889e-07	3.33332888889e-07
3.33332888889e-07	0.999999000001	3.33332888889e-07	3.33332888889e-07
3.33332888889e-07	3.33332888889e-07	3.33332888889e-07	0.999999000001
0.0303033232319	0.0909093030303	0.333333222222	0.545454151516
#M4901_1.01	['M4901_1.01']
>C2H2_ZF_M4901_1.01
9.99996000016e-07	9.99996000016e-07	0.999997000012	9.99996000016e-07
9.99996000016e-07	9.99996000016e-07	0.999997000012	9.99996000016e-07
0.909088272738	9.99996000016e-07	0.0909097272702	9.99996000016e-07
0.999997000012	9.99996000016e-07	9.99996000016e-07	9.99996000016e-07
0.999997000012	9.99996000016e-07	9.99996000016e-07	9.99996000016e-07
0.818179545464	9.99996000016e-07	0.0909097272702	0.0909097272702
0.272727181819	0.272727181819	0.0909097272703	0.363635909093
0.0909097272703	0.454544636367	9.99996000017e-07	0.454544636367
9.99996000016e-07	0.888886333344	0.111111666664	9.99996000016e-07
#M4721_1.01	['M4721_1.01']
>C2H2_ZF_M4721_1.01
9.99996000016e-07	9.99996000016e-07	9.99996000016e-07	0.999997000012
0.888886333344	9.99996000016e-07	9.99996000016e-07	0.111111666664
0.111111666664	0.888886333344	9.99996000016e-07	9.99996000016e-07
9.99996000016e-07	0.999997000012	9.99996000016e-07	9.99996000016e-07
9.99996000016e-07	0.999997000012	9.99996000016e-07	9.99996000016e-07
9.99996000016e-07	9.99996000016e-07	9.99996000016e-07	0.999997000012
0.111111666664	9.99996000016e-07	0.888886333344	9.99996000016e-07
9.99996000016e-07	0.222222333333	0.111111666664	0.666665000007
0.888886333344	9.99996000016e-07	0.111111666664	9.99996000016e-07
#Average_37	['M2413_1.01', 'M1719_1.01', 'M2414_1.01']
>C2H2_ZF_Average_37
0.0433336088885	0.223333368889	0.0325002899996	0.700832732223
0.859999186668	0.0108336522218	0.104166861111	0.0250002999996
0.0241669677774	0.373333168889	0.0283336288885	0.574166234445
0.944999073335	0.00416699444401	0.0433336088885	0.0075003233329
3.33332888889e-07	0.0233336355552	0.0183336422218	0.95833238889
0.872499170001	0.0333336222218	0.0941668744442	3.33332888889e-07
3.33332888889e-07	0.0566669244441	0.00833365555513	0.934999086668
0.939999080001	0.00416699444401	0.0516669311108	0.00416699444401
0.011666984444	0.566906793953	0.117912547251	0.303513674353
#M4618_1.01	['M4618_1.01']
>C2H2_ZF_M4618_1.01
9.99996000016e-07	0.999997000012	9.99996000016e-07	9.99996000016e-07
0.111111666664	0.333333000001	0.44444366667	0.111111666664
0.181818454544	0.272727181818	0.545453363642	9.99996000016e-07
0.25	0.25	0.0833339999973	0.416666000003
0.166666999999	0.25	0.333333000001	0.25
9.99996000016e-07	9.99996000016e-07	0.583332000005	0.416666000003
0.416666000003	9.99996000016e-07	0.333333000001	0.25
9.99996000016e-07	9.99996000016e-07	9.99996000016e-07	0.999997000012
0.916664000011	9.99996000016e-07	0.0833339999973	9.99996000016e-07
0.166666999999	0.499999000004	0.166666999999	0.166666999999
0.666665000007	0.0833339999973	0.25	9.99996000016e-07
9.99996000016e-07	9.99996000016e-07	9.99996000016e-07	0.999997000012
0.999997000012	9.99996000016e-07	9.99996000016e-07	9.99996000016e-07
9.99996000016e-07	0.0833339999973	9.99996000016e-07	0.916664000011
0.666665000007	9.99996000016e-07	0.0833339999973	0.25
#Average_79	['M4550_1.01', 'M4684_1.01', 'M4549_1.01']
>C2H2_ZF_Average_79
0.458333055556	0.263888870371	0.194444518518	0.0833335555553
3.33332888889e-07	0.999999000001	3.33332888889e-07	3.33332888889e-07
0.999999000001	3.33332888889e-07	3.33332888889e-07	3.33332888889e-07
0.95833238889	3.33332888889e-07	0.0416669444441	3.33332888889e-07
3.33332888889e-07	0.999999000001	3.33332888889e-07	3.33332888889e-07
0.888888037038	3.33332888889e-07	3.33332888889e-07	0.111111296296
0.999999000001	3.33332888889e-07	3.33332888889e-07	3.33332888889e-07
0.0416669444441	0.95833238889	3.33332888889e-07	3.33332888889e-07
0.847221425927	3.33332888889e-07	3.33332888889e-07	0.152777907407
0.624999500001	0.166666777778	0.0833335555553	0.125000166666
#M4909_1.01	['M4909_1.01']
>C2H2_ZF_M4909_1.01
0.72727081819	0.181818454544	9.99996000016e-07	0.0909097272702
0.272727181819	0.272727181819	0.363635909093	0.0909097272703
0.545453363641	0.0909097272702	0.363635909092	9.99996000016e-07
0.909088272738	9.99996000016e-07	9.99996000016e-07	0.0909097272702
0.72727081819	9.99996000016e-07	9.99996000016e-07	0.272727181818
9.99996000016e-07	0.999997000012	9.99996000016e-07	9.99996000016e-07
0.999997000012	9.99996000016e-07	9.99996000016e-07	9.99996000016e-07
0.545453363642	0.454544636366	9.99996000016e-07	9.99996000016e-07
9.99996000016e-07	0.818179545464	9.99996000016e-07	0.181818454544
#Average_84	['M4619_1.01', 'M4620_1.01']
>C2H2_ZF_Average_84
0.541820977696	0.0204465557611	0.0888711401017	0.348861326441
0.46445124396	0.312035191915	0.00743542936704	0.216078134758
0.0498377609193	0.604320852697	0.00371796468303	0.342123421701
0.990704838293	4.99999000002e-07	0.00185923234102	0.00743542936704
0.91449681227	0.0539037379175	4.99999000002e-07	0.0315989498132
0.0963060694699	0.831550881508	0.0130116263931	0.0591314226294
0.912638079928	0.0817847230476	0.00185923234102	0.00371796468303
0.0483275408914	0.951671459111	4.99999000002e-07	4.99999000002e-07
0.00743542936704	0.00185923234102	4.99999000002e-07	0.990704838293
0.730366139639	4.99999000002e-07	0.267774128021	0.00185923234102
#M4903_1.01	['M4903_1.01']
>C2H2_ZF_M4903_1.01
0.416666000003	0.416666000003	9.99996000015e-07	0.166666999999
0.916664000011	9.99996000016e-07	9.99996000016e-07	0.0833339999973
0.999997000012	9.99996000016e-07	9.99996000016e-07	9.99996000016e-07
9.99996000016e-07	0.999997000012	9.99996000016e-07	9.99996000016e-07
9.99996000016e-07	9.99996000016e-07	9.99996000016e-07	0.999997000012
9.99996000016e-07	0.916664000011	9.99996000016e-07	0.0833339999973
9.99996000016e-07	0.999997000012	9.99996000016e-07	9.99996000016e-07
0.666665000007	0.0833339999973	0.0833339999973	0.166666999999
9.99996000016e-07	0.499999000004	9.99996000016e-07	0.499999000004
0.166666999999	0.416666000003	9.99996000015e-07	0.416666000003
#Average_74	['M4686_1.01', 'M4687_1.01']
>C2H2_ZF_Average_74
0.19912141695	0.00127600765207	0.797051060093	0.00255151530514
0.00255151530513	0.00892905357044	0.00637803826432	0.98214139286
0.0619334827089	0.00127600765206	0.00892905357044	0.927861456069
0.0395412372441	4.99999000002e-07	0.878116657599	0.082341605158
0.00510253061129	0.970661823982	0.00637803826432	0.0178576071419
0.0581069597497	0.904902318313	4.99999000002e-07	0.0369902219379
0.946427178574	0.0114800688766	0.00255151530513	0.0395412372441
0.862101950399	0.1162134195	0.00127600765206	0.0204086224481
0.127692988378	0.821285705501	0.0038270229582	0.0471942831624
0.178713294501	0.462017716554	0.0797905898519	0.279478399093
0.657312110546	0.164682710317	0.0956635739789	0.082341605158
0.110969665816	0.694443555557	0.155045541383	0.0395412372441
#Average_65	['M2446_1.01', 'M1816_1.01', 'M4958_1.01']
>C2H2_ZF_Average_65
3.33332888889e-07	0.999999000001	3.33332888889e-07	3.33332888889e-07
0.257936497355	0.261904746032	0.158730280423	0.321428476191
3.33332888889e-07	3.33332888889e-07	0.999999000001	3.33332888889e-07
3.33332888889e-07	0.0277780740737	3.33332888889e-07	0.972221259261
0.0158733280419	3.33332888889e-07	3.33332888889e-07	0.984126005292
0.718253343916	0.063492312169	0.0912700529097	0.126984291005
0.119047793651	0.623015375662	0.170635026455	0.0873018042326
0.345237968254	0.0555558148146	0.126984291005	0.472221925926
#Average_33	['M4959_1.01', 'M4960_1.01']
>C2H2_ZF_Average_33
0.500846381776	0.0325207601617	0.25101625813	0.215616599932
0.227095562378	0.01234615432	0.593956427097	0.166601856205
0.0565114434881	0.0673739589416	0.0270274729721	0.849087124598
0.435341669922	0.375856466249	0.0508862122713	0.137915651558
0.00737149262801	0.992627507374	4.99999000002e-07	4.99999000002e-07
0.00982849017102	0.990170509831	4.99999000002e-07	4.99999000002e-07
0.00368599631351	4.99999000002e-07	0.992627507374	0.00368599631351
0.002457497542	4.99999000002e-07	4.99999000002e-07	0.99754150246
0.0270274729721	4.99999000002e-07	0.0012289987705	0.971743028258
0.993856006145	0.00368599631351	0.002457497542	4.99999000002e-07
0.0619427012148	0.128798897517	0.159511366804	0.649747034464
#Average_68	['M4915_1.01', 'M4914_1.01', 'M4904_1.01']
>C2H2_ZF_Average_68
0.724909761052	0.0905020047787	0.0833335555553	0.101254678614
0.989246326166	3.33332888889e-07	3.33332888889e-07	0.010753007168
0.999999000001	3.33332888889e-07	3.33332888889e-07	3.33332888889e-07
0.00358455794459	3.33332888889e-07	0.989246326166	0.00716878255632
0.0303033232319	0.969696010102	3.33332888889e-07	3.33332888889e-07
3.33332888889e-07	3.33332888889e-07	3.33332888889e-07	0.999999000001
3.33332888889e-07	0.744215698165	0.0303033232319	0.22548064527
#M0415_1.01	['M0415_1.01']
>C2H2_ZF_M0415_1.01
0.377202070636	0.209093845304	0.308827116634	0.104876967427
0.398640938338	0.0602242565751	0.414909742844	0.126225062243
0.0269883226946	0.0194028267869	0.93951923268	0.0140896178384
0.0431056195144	0.928556518024	0.00896870842651	0.0193691540355
0.0572014210654	0.000208330993855	0.00194852874428	0.940641719196
0.0171218389805	0.0162868458103	0.0129406517412	0.953650663468
0.216595538848	0.486885593686	0.111948176458	0.184570691008
0.506965355187	0.0838016443026	0.0590543159531	0.350178684557
0.218414775194	0.243811507531	0.191789138051	0.345984579224
0.182303393263	0.471382059109	0.213934840298	0.13237970733
#M4966_1.01	['M4966_1.01']
>C2H2_ZF_M4966_1.01
0.72727081819	0.0909097272702	0.0909097272702	0.0909097272702
9.99996000016e-07	9.99996000016e-07	0.999997000012	9.99996000016e-07
9.99996000016e-07	0.999997000012	9.99996000016e-07	9.99996000016e-07
0.999997000012	9.99996000016e-07	9.99996000016e-07	9.99996000016e-07
9.99996000016e-07	9.99996000016e-07	9.99996000016e-07	0.999997000012
9.99996000016e-07	0.999997000012	9.99996000016e-07	9.99996000016e-07
0.272727181818	0.636362090916	9.99996000016e-07	0.0909097272702
#M4912_1.01	['M4912_1.01']
>C2H2_ZF_M4912_1.01
0.0833339999973	9.99996000016e-07	9.99996000016e-07	0.916664000011
0.0833339999973	9.99996000016e-07	0.916664000011	9.99996000016e-07
9.99996000016e-07	0.999997000012	9.99996000016e-07	9.99996000016e-07
0.999997000012	9.99996000016e-07	9.99996000016e-07	9.99996000016e-07
0.166666999999	9.99996000016e-07	0.833331000009	9.99996000016e-07
0.833331000009	0.166666999999	9.99996000016e-07	9.99996000016e-07
9.99996000016e-07	0.749998000008	0.25	9.99996000016e-07
#M2198_1.01	['M2198_1.01']
>C2H2_ZF_M2198_1.01
0.424529595316	0.0740982336893	0.0800091241265	0.421363046868
0.361831936037	0.07283161431	0.0943641437594	0.470972305894
0.183238603546	0.162550487016	0.271057547182	0.383153362257
0.0926753179202	0.297445450919	0.0747315433791	0.535147687781
0.33628844522	0.040321716906	0.512981848643	0.110407989231
0.070931685241	0.150517602912	0.0624875560452	0.716063155802
0.31602253515	0.00168982583517	0.0867644274831	0.595523211532
0.00443416782381	0.00126761937537	0.969809238137	0.0244889746639
0.00147872260527	0.955454218504	0.00105651614548	0.0420105427452
0.755539459793	0.240658682077	0.00232313552486	0.00147872260527
0.07283161431	0.0200558068361	0.00443416782381	0.90267841103
0.88304581065	0.020266910066	0.09309752438	0.00358975490423
0.0702983755513	0.793538041174	0.0496102590215	0.0865533242532
0.105130408484	0.066709620643	0.00401196136401	0.824148009509
0.0278666263422	0.0622764528152	0.0196336003763	0.890223320466
0.118641015197	0.111674608611	0.0439104718143	0.725773904378
0.0968973825182	0.195271487649	0.123707492715	0.584123637118
0.300823102597	0.206248855604	0.312433780242	0.180494261557
0.15347304813	0.0487658461019	0.633521792913	0.164239312855
0.0724094078503	0.00738961304235	0.868901894247	0.0512990848607
0.097108485748	0.592778869543	0.239180959468	0.0709316852409
#M4906_1.01	['M4906_1.01']
>C2H2_ZF_M4906_1.01
9.99996000016e-07	0.181818454544	0.636362090916	0.181818454544
0.545453363641	0.363635909092	0.0909097272702	9.99996000016e-07
0.272727181819	0.181818454544	0.272727181819	0.272727181819
0.0909097272702	0.909088272738	9.99996000016e-07	9.99996000016e-07
9.99996000016e-07	0.999997000012	9.99996000016e-07	9.99996000016e-07
0.181818454544	9.99996000016e-07	9.99996000016e-07	0.818179545464
0.999997000012	9.99996000016e-07	9.99996000016e-07	9.99996000016e-07
0.0909097272702	0.818179545464	9.99996000016e-07	0.0909097272702
0.272727181819	0.181818454544	0.181818454544	0.363635909093
0.181818454544	0.181818454544	9.99996000016e-07	0.636362090916
0.363635909093	9.99996000017e-07	0.181818454544	0.454544636367
#M4622_1.01	['M4622_1.01']
>C2H2_ZF_M4622_1.01
9.99996000016e-07	0.363635909092	9.99996000016e-07	0.636362090916
0.454544636367	0.363635909093	0.181818454544	9.99996000017e-07
0.545453363642	0.272727181818	0.181818454544	9.99996000016e-07
9.99996000016e-07	9.99996000016e-07	0.999997000012	9.99996000016e-07
9.99996000016e-07	0.999997000012	9.99996000016e-07	9.99996000016e-07
9.99996000016e-07	0.999997000012	9.99996000016e-07	9.99996000016e-07
9.99996000016e-07	0.0909097272702	9.99996000016e-07	0.909088272738
0.999997000012	9.99996000016e-07	9.99996000016e-07	9.99996000016e-07
9.99996000016e-07	0.454544636366	9.99996000016e-07	0.545453363642
0.363635909093	0.181818454544	0.0909097272703	0.363635909093
0.0909097272703	0.181818454544	0.454544636367	0.272727181819
0.636362090916	0.363635909092	9.99996000016e-07	9.99996000016e-07
#M4633_1.01	['M4633_1.01']
>C2H2_ZF_M4633_1.01
9.99996000016e-07	0.666665000007	9.99996000016e-07	0.333333000001
9.99996000016e-07	9.99996000016e-07	9.99996000016e-07	0.999997000012
9.99996000016e-07	9.99996000016e-07	9.99996000016e-07	0.999997000012
9.99996000016e-07	0.999997000012	9.99996000016e-07	9.99996000016e-07
9.99996000016e-07	0.999997000012	9.99996000016e-07	9.99996000016e-07
0.999997000012	9.99996000016e-07	9.99996000016e-07	9.99996000016e-07
#M5008_1.01	['M5008_1.01']
>C2H2_ZF_M5008_1.01
9.99996000016e-07	9.99996000016e-07	0.555554333339	0.444443666669
9.99996000016e-07	9.99996000016e-07	0.999997000012	9.99996000016e-07
9.99996000016e-07	9.99996000016e-07	0.999997000012	9.99996000016e-07
0.999997000012	9.99996000016e-07	9.99996000016e-07	9.99996000016e-07
0.999997000012	9.99996000016e-07	9.99996000016e-07	9.99996000016e-07
0.111111666664	9.99996000016e-07	9.99996000016e-07	0.888886333344
9.99996000016e-07	0.666665000007	9.99996000016e-07	0.333333000001
9.99996000016e-07	0.999997000012	9.99996000016e-07	9.99996000016e-07
9.99996000016e-07	0.999997000012	9.99996000016e-07	9.99996000016e-07
9.99996000016e-07	0.888886333344	9.99996000016e-07	0.111111666664
0.125000499998	0.125000499998	9.99996000016e-07	0.749998000008
#Average_66	['M4806_1.01', 'M4805_1.01']
>C2H2_ZF_Average_66
0.0895882940974	0.111247493541	0.0768377628055	0.722326449557
0.141314248552	0.0840203765027	0.0489981748322	0.725667200113
0.308017701337	0.0779513463243	0.548329024723	0.0657019276161
0.050111758351	0.0378623396428	0.0322944220481	0.879731479958
0.771324124389	0.0144770857452	0.159632697439	0.0545660924268
0.117928994654	0.129565942427	0.354788209132	0.397716853787
0.0100227516694	0.00445483407474	0.963250243878	0.0222721703777
0.0066820011126	0.00556841759367	0.978840413143	0.00890916815046
0.0917041027833	0.681959046995	0.016704252783	0.209632597439
0.0066820011126	0.0100227516694	0.0133635022262	0.969931744992
0.00963903493878	4.99999000002e-07	0.00602458433638	0.984335880726
0.0392454357541	0.919443105558	0.011396488603	0.0299149700846
#M1936_1.01	['M1936_1.01']
>C2H2_ZF_M1936_1.01
9.99996000016e-07	9.99996000016e-07	0.999997000012	9.99996000016e-07
0.999997000012	9.99996000016e-07	9.99996000016e-07	9.99996000016e-07
0.999997000012	9.99996000016e-07	9.99996000016e-07	9.99996000016e-07
0.513512459464	9.99996000016e-07	0.486485540544	9.99996000016e-07
9.99996000016e-07	0.999997000012	9.99996000016e-07	9.99996000016e-07
9.99996000016e-07	0.702700891899	0.297297108109	9.99996000016e-07
#Average_97	['M2459_1.01', 'M5067_1.01', 'M4542_1.01', 'M4541_1.01']
>C2H2_ZF_Average_97
0.000542548806691	0.701018297045	0.2589285625	0.0395105916483
0.107143	0.889602707159	2.4999975e-07	0.00325404284141
0.957777414317	0.000542548806691	0.0357144999998	0.00596553687611
2.4999975e-07	2.4999975e-07	0.997287755966	0.00271174403446
2.4999975e-07	2.4999975e-07	0.999456951194	0.000542548806691
0.799646955776	0.0407268904011	0.00433864045528	0.155287513368
0.157999007402	0.705360561063	0.0635847851137	0.0730556464206
0.133200457673	0.770676578797	0.0211770184108	0.0749459451191
#M0414_1.01	['M0414_1.01']
>C2H2_ZF_M0414_1.01
0.216750347621	0.239546075499	0.25691505325	0.28678852363
0.271080188738	0.0958152084553	0.228700974056	0.40440362875
0.0767460649831	0.10568875976	0.699587246723	0.117977928534
0.0357664753242	0.154005689233	0.356732376364	0.453495459078
0.00418286559101	0.00132513240824	0.00146439262966	0.993027609371
0.0253608012741	0.408776167843	0.0409843256829	0.5248787052
0.0213520828125	0.872274005976	0.0153508001681	0.0910231110433
0.707916205766	0.00904701492499	0.00650439482179	0.276532384487
0.311121658847	0.00443889785096	0.658643439869	0.0257960034331
0.146338754609	0.166654588498	0.547804878792	0.139201778101
#Average_86	['M2128_1.01', 'M4940_1.01', 'M4943_1.01', 'M4942_1.01', 'M5023_1.01', 'M4941_1.01', 'M4588_1.01', 'M5022_1.01']
>C2H2_ZF_Average_86
0.507472994139	0.401724500087	0.0466535628909	0.0441489428836
0.0351441014309	0.934479655973	0.0168306102501	0.0135456323461
0.6655119966	0.0104167864583	0.310473457849	0.0135977590924
0.00520845572911	1.249999375e-07	0.978624556256	0.0161668630145
0.157497365446	0.0016383941677	0.0127103632931	0.828153877093
0.970719286966	0.000163951916714	0.00327666333546	0.0258400977823
0.00568194034084	0.0227273863636	0.969460798378	0.00212987491803
0.00458727866966	0.932972076005	0.00732020950861	0.055120435817
#Average_73	['M4794_1.01', 'M4795_1.01']
>C2H2_ZF_Average_73
0.497676693449	0.162477840321	0.277010071054	0.062835395175
0.447259879453	0.506342548661	0.0108700434773	0.0355275284089
0.934781239133	4.99999000002e-07	0.065217760869	4.99999000002e-07
0.00274022054695	0.0108700434773	0.930671658311	0.0557180776645
4.99999000002e-07	0.00137036027298	0.00137036027298	0.997258779455
0.956252309949	0.00411008082093	0.0108700434773	0.0287675657525
0.994519058907	0.00411008082093	0.00137036027298	4.99999000002e-07
0.114711408159	0.440946610364	0.0273977054785	0.416944275998
0.57640726195	0.0960429258747	0.185844877169	0.141704935007
#Average_70	['M4974_1.01', 'M4972_1.01', 'M4973_1.01', 'M4971_1.01']
>C2H2_ZF_Average_70
0.129767878209	0.117469488541	0.476328742851	0.276433890399
0.126400206568	0.48980409428	0.183740172669	0.200055526483
0.0375925635591	0.845217187236	0.0977205521715	0.0194696970337
0.0156028050845	0.000235654660767	0.950593902543	0.0335676377117
0.00541455720314	0.994114133475	0.000471059321783	2.4999975e-07
