AP2_B3_Average_3	['M0080_1.01', 'M0077_1.01']
>AP2_B3_Average_3
0.0387104280506	0.140988590679	0.000925120897756	0.819375860373
0.0681245133414	0.0295677757229	0.867125833234	0.0351818777015
0.132620201098	0.131048809855	0.10509057407	0.631240414977
0.0611064048441	0.220847032935	0.198923209047	0.519123353174
0.131689557394	0.135123073673	0.528712318934	0.204475049999
AP2_B3_M0079_1.01	['AP2_B3_M0079_1.01']
>AP2_B3_M0079_1.01
0.23421421238	0.234302830026	0.219991547077	0.311491410517
0.247213993778	0.345646379617	0.136477597271	0.270662029335
0.381622513152	0.195242638778	0.139151011908	0.283983836163
0.466708434556	0.130590656285	0.200472359905	0.202228549254
0.124822509931	0.454917570915	0.122595646698	0.297664272457
0.297664272457	0.122595646698	0.454917570915	0.124822509931
0.202228549254	0.200472359905	0.130590656285	0.466708434556
0.283983836163	0.139151011908	0.195242638778	0.381622513152
0.270662029335	0.136477597271	0.345646379617	0.247213993778
0.311491410517	0.219991547077	0.234302830026	0.23421421238
AP2_B3_Average_4	['M2736_1.01', 'M2245_1.01', 'M0081_1.01']
>AP2_B3_Average_4
0.241058696595	0.0391211090155	0.0391211090155	0.680699085374
0.424505987667	0.420166717662	0.068001824469	0.0873254702021
0.000369064404671	0.000369064404671	0.000369064404671	0.998892806786
0.000369064404671	0.000369064404671	0.998892806786	0.000369064404671
0.000369064404671	0.0293545330038	0.0390163558701	0.931260046721
0.000369064404671	0.0886042408752	0.118015966366	0.793010728355
0.000369064404671	0.000369064404671	0.998892806786	0.000369064404671
0.0121697083883	0.599223683757	0.164216289285	0.22439031857
AP2_B3_Average_2	['M2737_1.01', 'M2246_1.01']
>AP2_B3_Average_2
0.123077176923	0.753845146156	0.0153850846144	0.107692592307
0.615383884617	0.0923080076916	0.123077176923	0.169230930769
0.0153850846144	0.861537238464	0.0461542538453	0.0769234230763
4.99999000002e-07	0.999998500003	4.99999000002e-07	4.99999000002e-07
4.99999000002e-07	4.99999000002e-07	4.99999000002e-07	0.999998500003
4.99999000002e-07	4.99999000002e-07	0.999998500003	4.99999000002e-07
0.436363263637	0.127272972727	0.345454354546	0.0909094090902
AP2_B3_M0078_1.01	['AP2_B3_M0078_1.01']
>AP2_B3_M0078_1.01
0.284731700111	0.169622914608	0.277066069416	0.268579315865
0.0893728546346	0.731881436096	0.0893728546346	0.0893728546346
0.913907294861	0.000152755267324	0.000152755267324	0.0857871946048
0.0857871946048	0.822078320232	0.0919817298962	0.000152755267324
0.171527628833	0.736337886004	0.000152755267324	0.0919817298961
0.0919817298962	0.000152755267324	0.000152755267324	0.907712759569
0.171527628833	0.000152755267324	0.736337886004	0.0919817298961
0.91380129997	0.085893189495	0.000152755267324	0.000152755267324
0.473479400421	0.175462486604	0.080529840659	0.270528272315
0.340196884136	0.160779900632	0.160779900632	0.338243314599
AP2_Average_2	['M0013_1.01', 'M0008_1.01']
>AP2_Average_2
0.21696475343	0.0848237671496	0.697733022663	0.000478456757887
0.044143821756	0.955226143428	0.00031501740806	0.00031501740806
0.891250895413	0.00811304046775	0.100330628274	0.000305435845585
0.999083692463	0.000305435845585	0.000305435845585	0.000305435845585
0.000305435845585	0.999083692463	0.000305435845585	0.000305435845585
0.999083692463	0.000305435845585	0.000305435845585	0.000305435845585
0.000313507111563	0.000313507111563	0.188977684299	0.810395301478
0.580684862582	0.187562562437	0.00043709494894	0.231315480031
AP2_M2216_1.01	['AP2_M2216_1.01']
>AP2_M2216_1.01
9.99996000016e-07	0.714283857151	9.99996000016e-07	0.285714142857
9.99996000016e-07	0.809521571438	0.19047642857	9.99996000016e-07
9.99996000016e-07	9.99996000016e-07	9.99996000016e-07	0.999997000012
9.99996000016e-07	0.999997000012	9.99996000016e-07	9.99996000016e-07
9.99996000016e-07	9.99996000016e-07	0.999997000012	9.99996000016e-07
9.99996000016e-07	9.99996000016e-07	0.170068346938	0.82992965307
0.91836467348	0.0816333265279	9.99996000016e-07	9.99996000016e-07
9.99996000016e-07	0.999997000012	9.99996000016e-07	9.99996000016e-07
AP2_Average_39	['M0076_1.01', 'M0011_1.01', 'M0004_1.01', 'M0020_1.01', 'M0037_1.01', 'M0005_1.01', 'M0025_1.01', 'M2230_1.01', 'M0033_1.01', 'M0029_1.01', 'M0022_1.01', 'M0018_1.01', 'M0043_1.01', 'M0040_1.01', 'M0027_1.01']
>AP2_Average_39
0.183522429875	0.642254917783	0.112749560387	0.061473091955
0.00849511715315	0.00721266135317	0.976337417869	0.00795480362514
0.0056408626306	0.919381406142	0.071712121533	0.00326560969446
0.0225015060519	0.96824142297	0.00652684352455	0.00273022745358
0.00992019506046	0.0103776868225	0.975207095685	0.00449502243171
0.046949679364	0.662728186253	0.21228475978	0.0780373746031
0.057365562521	0.901460191719	0.016393930635	0.0247803151252
AP2_M0044_1.01	['AP2_M0044_1.01']
>AP2_M0044_1.01
0.228636167764	0.247678520452	0.252681938258	0.271003373526
0.193819759927	0.322765674296	0.251370381099	0.232044184677
0.226292138552	0.344407413231	0.240285201072	0.189015247144
0.170262801473	0.000111508507082	0.794202542478	0.035423147542
0.0201758226675	0.635515828538	0.309339276522	0.0349690722731
6.49699431796e-06	0.998693478423	0.000682435890946	0.000617588691751
7.08239926846e-06	1.01650694205e-05	0.999890338421	9.24141104723e-05
0.208791416436	0.488496840463	0.000437630031878	0.302274113068
0.304405705368	0.320012868352	0.158914190879	0.216667235401
0.353045853258	0.189919515049	0.229659887904	0.227374743789
AP2_M0006_1.01	['AP2_M0006_1.01']
>AP2_M0006_1.01
0.248762201279	0.390136223216	0.266799423548	0.0943021519562
0.136992296911	0.720480813253	0.132943592223	0.00958329761399
0.384130688455	0.00067872086531	0.614606270925	0.000584319754019
0.00102997881323	0.795179700365	0.186526296873	0.0172640239492
0.00111986008381	0.955573260946	0.000686443217251	0.0426204357533
0.201864761991	0.00918619569503	0.711655843902	0.0772931984125
0.164166324815	0.679172720719	0.0791137458967	0.0775472085698
0.348469162404	0.35197132566	0.155019872887	0.144539639049
0.25309621891	0.163003538991	0.425714156178	0.158186085921
0.184070110647	0.238725767615	0.171625901204	0.405578220534
AP2_M0017_1.01	['AP2_M0017_1.01']
>AP2_M0017_1.01
0.200000199999	0.499999000004	0.133333799998	0.166666999999
0.0270279189153	0.0540548378347	0.891889324335	0.0270279189153
0.026316684207	0.605261736848	0.342104894738	0.026316684207
0.026316684207	0.894734263168	0.0526323684179	0.026316684207
0.0789480526289	0.026316684207	0.842102894746	0.0526323684179
0.026316684207	0.236842157895	0.710524473692	0.026316684207
0.0270279189153	0.918916243254	0.0270279189153	0.0270279189153
0.103448862067	0.58620555173	0.172414103447	0.137931482757
AP2_Average_34	['M0041_1.01', 'M0028_1.01', 'M0023_1.01', 'M0012_1.01', 'M0007_1.01', 'M0036_1.01', 'M0009_1.01', 'M0010_1.01', 'M0024_1.01', 'M0038_1.01', 'M0039_1.01']
>AP2_Average_34
0.0766288420525	0.022341594231	0.882116996402	0.0189125673144
0.0483551038513	0.795740220099	0.0968316366134	0.0590730394361
0.122517477244	0.734816877479	0.0515176580763	0.0911479872009
0.151776293354	0.0577943922983	0.742335355842	0.0480939585057
0.180803546632	0.395413891168	0.175272399768	0.248510162432
0.193401967165	0.558536859001	0.0973406864273	0.150720487406
AP2_Average_36	['M0014_1.01', 'M0016_1.01', 'M0015_1.01', 'M0019_1.01']
>AP2_Average_36
0.496388083348	0.0124095420414	0.446425090696	0.0447772839149
0.0144330561087	0.916592923055	0.0345101649031	0.0344638559329
0.024178983141	0.923643352629	0.0167498523396	0.0354278118905
0.0655614827631	0.0108831076383	0.86173332369	0.0618220859088
0.43521197541	0.246664143084	0.117002539229	0.201121342277
0.121004049318	0.680434683283	0.0736600358894	0.12490123151
AP2_Average_32	['M0075_1.01', 'M0072_1.01', 'M0034_1.01', 'M0073_1.01', 'M0074_1.01', 'M0032_1.01', 'M0031_1.01', 'M0030_1.01', 'M0042_1.01', 'M0026_1.01']
>AP2_Average_32
0.639872269858	0.00794446855638	0.346304509275	0.00587875231053
0.0031752788787	0.970407525631	0.00141690920508	0.0250002862856
0.00634331755137	0.975933476537	0.00978709742956	0.00793610848229
0.00604606696004	0.00313448126561	0.986406965426	0.00441248634793
0.915947266133	0.0275095299217	0.0250781959746	0.0314650079703
0.0153523528695	0.970517058258	0.00394133727776	0.0101892515952
0.689409870381	0.13218290042	0.090647442387	0.0877597868116
AP2_Average_38	['M0021_1.01', 'M0035_1.01']
>AP2_Average_38
0.152565653809	0.0881497330331	0.626032276197	0.13325233696
0.112212559887	0.426672298062	0.30142275773	0.159692384322
0.0106122310709	0.669951209809	0.00290661812247	0.316529940998
0.171328558952	0.0305124511026	0.736650895598	0.0615080943476
AP2_M1813_1.01	['AP2_M1813_1.01']
>AP2_M1813_1.01
9.99996000016e-07	0.999997000012	9.99996000016e-07	9.99996000016e-07
0.244897979592	9.99996000016e-07	0.755100020416	9.99996000016e-07
9.99996000016e-07	0.408162632655	0.591835367353	9.99996000016e-07
9.99996000016e-07	0.469386877554	0.020409081629	0.510203040821
0.020409081629	0.0612252448949	0.91836467348	9.99996000016e-07
9.99996000016e-07	0.91836467348	0.0816333265279	9.99996000016e-07
0.102041408161	0.571427285719	0.122449489794	0.204081816326
0.0612252448949	0.510203040821	0.224489897958	0.204081816326
0.0612252448949	0.632651530618	0.102041408161	0.204081816326
0.0816333265279	0.530611122453	0.142857571427	0.244897979592
AP2_Average_15	['M2501_1.01', 'M2234_1.01']
>AP2_Average_15
0.242647073529	0.12500025	0.477940720589	0.154411955882
4.99999000002e-07	0.93933685662	4.99999000002e-07	0.0606621433816
0.893381066179	0.0156254687491	0.0606621433816	0.0303313216903
4.99999000002e-07	0.999998500003	4.99999000002e-07	4.99999000002e-07
0.636947755516	0.0156254687491	0.347426275735	4.99999000002e-07
0.25	0.161764882352	0.441176088236	0.147059029411
0.455881941177	0.0294122058815	0.0294122058815	0.48529364706
4.99999000002e-07	0.0735297647052	0.0147063529402	0.911763382356
0.13235317647	0.72058729412	4.99999000002e-07	0.147059029411
4.99999000002e-07	0.999998500003	4.99999000002e-07	4.99999000002e-07
4.99999000002e-07	0.970141162213	4.99999000002e-07	0.0298578377888
0.284526785166	0.183503969309	0.473784718671	0.0581845268535
0.97727127273	4.99999000002e-07	4.99999000002e-07	0.0227277272718
0.171123152406	0.0147063529402	0.462566419787	0.351604074867
0.0895725133683	0.0147063529402	0.881014780751	0.0147063529402
AT_hook_Average_1	['M0137_1.01', 'M0118_1.01']
>AT_hook_Average_1
0.411184788991	0.0429077798953	0.197228708247	0.348678722866
0.576474290906	0.0818051316216	0.0268138108265	0.314906766646
0.846360401536	0.00137380922453	0.0613374588646	0.0909283303752
0.481661048333	0.00547450228333	0.0538035045481	0.459060944835
0.276623813477	0.126781315648	0.081108604919	0.515486265956
AT_hook_M1747_1.01	['AT_hook_M1747_1.01']
>AT_hook_M1747_1.01
0.214285857143	0.357142428573	0.285714142857	0.142857571427
0.499999000004	9.99996000016e-07	0.214285857143	0.285714142857
0.642855571435	0.0714292857114	0.0714292857114	0.214285857143
0.214285857143	0.428570714288	0.285714142858	0.0714292857115
0.785712142865	9.99996000016e-07	0.214285857143	9.99996000016e-07
0.785712142866	9.99996000016e-07	0.142857571427	0.0714292857115
0.785712142866	9.99996000016e-07	0.142857571427	0.0714292857115
0.214285857143	0.214285857143	0.142857571427	0.428570714288
0.285714142857	0.0714292857114	0.57142728572	0.0714292857114
0.214285857143	0.285714142858	0.428570714288	0.0714292857115
0.57142728572	0.357142428573	0.0714292857114	9.99996000015e-07
0.57142728572	0.0714292857114	0.285714142857	0.0714292857114
0.642855571435	9.99996000016e-07	0.142857571427	0.214285857143
0.642855571435	0.357142428573	9.99996000016e-07	9.99996000016e-07
0.785712142865	9.99996000016e-07	0.214285857143	9.99996000016e-07
0.142857571427	0.499999000004	9.99996000016e-07	0.357142428573
AT_hook_Average_2	['M0121_1.01', 'M0120_1.01']
>AT_hook_Average_2
0.600793306947	0.0326458398617	0.2865985874	0.0799622657906
0.389274060521	0.163835145866	0.107415054788	0.339475738825
0.435420594323	0.069704013823	0.183818450561	0.311056941294
AT_hook_M0136_1.01	['AT_hook_M0136_1.01']
>AT_hook_M0136_1.01
0.433146394392	0.0799247820125	0.290347040727	0.196581782869
0.0891206165957	0.487837092694	0.149902659234	0.273139631476
0.379962711685	0.149916303166	0.267755492789	0.20236549236
0.308474299716	0.121710284971	0.388245498072	0.181569917241
0.315975137393	0.0887365294602	0.349206427505	0.246081905641
0.439822903251	0.013963426216	0.186116952453	0.36009671808
0.418575535625	0.0820121305248	0.186207258512	0.313205075339
0.40065291574	0.094926560428	0.189255564309	0.315164959523
0.341667286879	0.121978242626	0.24810164523	0.288252825265
0.338233326644	0.15197858098	0.238349292157	0.27143880022
AT_hook_M0145_1.01	['AT_hook_M0145_1.01']
>AT_hook_M0145_1.01
0.839055151766	0.000400359420926	0.120208186899	0.0403363019136
0.881607344311	0.000294770853819	0.000294770853819	0.117803113982
0.832683573816	0.000278468364484	0.000278468364484	0.166759489455
0.693949389575	0.000278468364484	0.000278468364484	0.305493673696
0.166759489455	0.000278468364484	0.000278468364484	0.832683573816
0.832683573816	0.000278468364484	0.000278468364484	0.166759489455
0.764099001183	0.0296718566357	0.000294770853819	0.205934371328
0.185281323964	0.0373529215942	0.000370821001923	0.77699493344
AT_hook_M0119_1.01	['AT_hook_M0119_1.01']
>AT_hook_M0119_1.01
0.248110251093	0.152843464896	0.248239837984	0.350806446027
0.831951384858	0.0242606096485	0.0242606096485	0.119527395845
0.29296756644	0.00023142359998	0.00023142359998	0.70656958636
0.70193116507	0.00023142359998	0.00023142359998	0.29760598773
0.00023142359998	0.00023142359998	0.00023142359998	0.9993057292
0.802503753674	0.00023142359998	0.00023142359998	0.197033399126
0.68699382023	0.00023142359998	0.00023142359998	0.31254333257
0.29756142226	0.00023142359998	0.00023142359998	0.70197573054
0.213125034497	0.0973879587037	0.0973879587037	0.592099048095
0.322087558145	0.225970813952	0.225970813952	0.225970813952
B3_Average_3	['M0146_1.01', 'M2228_1.01', 'M2227_1.01', 'M2244_1.01']
>B3_Average_3
0.0575791225352	0.109448568704	0.782333631031	0.0506386777301
0.00667100178061	0.981906910603	0.00314431126213	0.00827777635454
0.988142826214	0.00311905876213	0.00311905876213	0.00561905626213
0.00559430381164	0.00311905876213	0.00559430381164	0.985692333615
0.00311905876213	0.00561905626213	0.985642828714	0.00561905626213
0.0155942938116	0.950741873516	0.0230695338612	0.0105942988116
0.608999042995	0.0613981990394	0.268604969204	0.0609977887622
B3_M0147_1.01	['B3_M0147_1.01']
>B3_M0147_1.01
0.218908648891	0.216730481392	0.336518430198	0.227842439518
0.0890346297173	0.651329523984	0.138244159544	0.121391686754
0.113529237452	0.797955512387	0.0274423663093	0.0610728838518
0.0815119571816	0.0016509375743	0.863279590046	0.0535575151986
0.986813512468	0.000229659804087	0.0128656091558	9.12185717076e-05
0.0604810961721	0.89992860538	0.00140920285411	0.0381810955936
0.906050180709	0.0899365756832	1.03101513119e-06	0.00401221259284
0.409947062205	0.106275524038	0.258793244628	0.224984169129
0.292797623066	0.204278272278	0.232637755734	0.270286348922
bHLH_Average_30	['M2215_1.01', 'M2732_1.01', 'M2733_1.01', 'M0165_1.01', 'M0158_1.01', 'M0248_1.01', 'M0160_1.01', 'M0247_1.01', 'M0163_1.01', 'M0153_1.01', 'M0155_1.01', 'M0151_1.01', 'M0159_1.01', 'M0166_1.01', 'M2224_1.01', 'M2223_1.01', 'M2225_1.01', 'M0249_1.01', 'M0157_1.01', 'M0149_1.01', 'M2232_1.01', 'M0156_1.01', 'M2229_1.01', 'M2231_1.01', 'M0154_1.01', 'M0161_1.01', 'M0152_1.01', 'M0162_1.01', 'M0150_1.01', 'M0148_1.01', 'M0164_1.01']
>bHLH_Average_30
0.0685486920347	0.862516606528	0.0296458400423	0.0392888613947
0.900056208362	0.0159273096093	0.0421258301361	0.0418906518925
0.012324559821	0.900943702053	0.00553111377514	0.0812006243513
0.0994770428313	0.0024599853067	0.883432037667	0.0146309341948
0.021203746188	0.0397331870844	0.00366621857354	0.935396848154
0.0269236804068	0.00592439364918	0.924038097373	0.0431138285709
bHLH_M0250_1.01	['bHLH_M0250_1.01']
>bHLH_M0250_1.01
0.235244454819	0.176025106761	0.403680382719	0.185050055701
0.35511520517	0.26839054264	0.299598360783	0.0768958914066
0.0329003391238	0.947146353412	0.00502111363444	0.0149321938294
0.876513209054	0.0132769036185	0.085281910243	0.0249279770842
0.00900593144081	0.923133118718	0.0357947166431	0.0320662331982
0.344530102552	0.00676881687611	0.634083178069	0.0146179025035
0.10142625948	0.572105786152	0.0562237886949	0.270244165673
0.0767851149941	0.0381308630731	0.765859772321	0.119224249612
0.0974231233455	0.56062661156	0.079763488415	0.26218677668
0.173288837989	0.401399225344	0.161573509208	0.263738427459
bHLH_M0226_1.01	['bHLH_M0226_1.01']
>bHLH_M0226_1.01
0.221115191502	0.250179429838	0.306228071033	0.222477307628
0.00014314315108	0.999570570547	0.00014314315108	0.00014314315108
0.177014724542	0.822698989156	0.00014314315108	0.00014314315108
0.999570570547	0.00014314315108	0.00014314315108	0.00014314315108
0.00014314315108	0.999570570547	0.00014314315108	0.00014314315108
0.00014314315108	0.00014314315108	0.00014314315108	0.999570570547
0.00014314315108	0.00014314315108	0.00014314315108	0.999570570547
0.00014314315108	0.00014314315108	0.999570570547	0.00014314315108
0.217847213405	0.343011178194	0.216602026271	0.22253958213
bHLH_M2243_1.01	['bHLH_M2243_1.01']
>bHLH_M2243_1.01
9.99996000016e-07	9.99996000016e-07	9.99996000016e-07	0.999997000012
9.99996000016e-07	0.999997000012	9.99996000016e-07	9.99996000016e-07
0.999997000012	9.99996000016e-07	9.99996000016e-07	9.99996000016e-07
9.99996000016e-07	0.909088272738	9.99996000016e-07	0.0909097272702
9.99996000016e-07	9.99996000016e-07	0.999997000012	9.99996000016e-07
9.99996000016e-07	9.99996000016e-07	9.99996000016e-07	0.999997000012
9.99996000016e-07	9.99996000016e-07	0.999997000012	9.99996000016e-07
0.636362090916	9.99996000016e-07	9.99996000016e-07	0.363635909092
0.0909097272702	0.636362090916	9.99996000016e-07	0.272727181818
9.99996000016e-07	9.99996000016e-07	0.0909097272702	0.909088272738
0.0909097272702	0.545453363641	0.181818454544	0.181818454544
0.636362090916	0.0909097272702	0.181818454544	0.0909097272702
9.99996000016e-07	0.636362090916	0.0909097272702	0.272727181818
0.0909097272702	9.99996000016e-07	0.545453363641	0.363635909092
bZIP_Average_31	['M0342_1.01', 'M0255_1.01', 'M0265_1.01', 'M0269_1.01', 'M0266_1.01', 'M1790_1.01', 'M0261_1.01', 'M2251_1.01', 'M1819_1.01', 'M0267_1.01', 'M0346_1.01']
>bZIP_Average_31
0.771341714604	0.047755839598	0.111596142179	0.0693063036188
0.0501000304584	0.862557011972	0.018095253852	0.069247703718
0.0815167596155	0.00688156790195	0.901339711987	0.0102619604955
0.0256781598483	0.0163042786997	0.0039906496959	0.954026911756
0.0598609843439	0.869812606362	0.0415197068254	0.0288067024682
0.94290515824	0.00235213842066	0.0304206016165	0.0243221017227
bZIP_Average_27	['M0341_1.01', 'M0259_1.01']
>bZIP_Average_27
0.198967318239	0.235468986185	0.0683948322843	0.497168863291
0.13640708698	0.177417029341	0.425499429814	0.260676453865
0.77267733536	0.0456287667674	0.0771169428995	0.104576954973
0.0534463380203	0.73405054615	0.0144308215841	0.198072294245
0.197524911123	0.0110627544092	0.719738651947	0.071673682521
0.130932353108	0.131267585286	0.0348627941205	0.702937267486
bZIP_Average_6	['M1791_1.01', 'M2551_1.01', 'M2549_1.01', 'M2552_1.01']
>bZIP_Average_6
2.4999975e-07	2.4999975e-07	0.842171125	0.157828375
0.00757599999975	0.0325759749998	0.631060225001	0.3287878
0.339646375	0.652777375	2.4999975e-07	0.00757599999975
2.4999975e-07	0.992423500001	0.00757599999975	2.4999975e-07
0.999999250001	2.4999975e-07	2.4999975e-07	2.4999975e-07
2.4999975e-07	0.999999250001	2.4999975e-07	2.4999975e-07
2.4999975e-07	2.4999975e-07	0.999999250001	2.4999975e-07
2.4999975e-07	2.4999975e-07	2.4999975e-07	0.999999250001
2.4999975e-07	0.999999250001	2.4999975e-07	2.4999975e-07
0.999999250001	2.4999975e-07	2.4999975e-07	2.4999975e-07
2.4999975e-07	0.41313115	2.4999975e-07	0.58686835
0.00757599999975	0.973484125001	2.4999975e-07	0.0189396249998
bZIP_M2550_1.01	['bZIP_M2550_1.01']
>bZIP_M2550_1.01
0.999997000012	9.99996000016e-07	9.99996000016e-07	9.99996000016e-07
9.99996000016e-07	0.999997000012	9.99996000016e-07	9.99996000016e-07
9.99996000016e-07	9.99996000016e-07	0.999997000012	9.99996000016e-07
9.99996000016e-07	9.99996000016e-07	9.99996000016e-07	0.999997000012
9.99996000016e-07	0.999997000012	9.99996000016e-07	9.99996000016e-07
0.999997000012	9.99996000016e-07	9.99996000016e-07	9.99996000016e-07
9.99996000016e-07	0.0588242941146	0.882350411775	0.0588242941146
9.99996000016e-07	0.941173705893	0.0588242941146	9.99996000016e-07
0.705880529418	0.117647588234	0.0588242941146	0.117647588234
0.0588242941146	0.529410647063	0.0588242941146	0.352940764708
0.117647588234	0.588233941182	0.23529417647	0.0588242941146
9.99996000016e-07	0.999997000012	9.99996000016e-07	9.99996000016e-07
bZIP_Average_30	['M2214_1.01', 'M2233_1.01', 'M0344_1.01', 'M0317_1.01', 'M0343_1.01', 'M0318_1.01', 'M1818_1.01', 'M0268_1.01', 'M0257_1.01', 'M0252_1.01', 'M0319_1.01', 'M0263_1.01', 'M0253_1.01', 'M0254_1.01']
>bZIP_Average_30
0.0337998146255	0.707951995077	0.189047314931	0.0692008753661
0.976794238906	0.00265302569086	0.0175151117024	0.00303762370098
0.00435503426302	0.944013307648	0.0109452191148	0.040686438974
0.0196947486947	0.0122761553245	0.963863157783	0.00416593819743
0.0140710940738	0.0122288542973	0.00845931197563	0.965240739653
0.0301209336966	0.0389646137353	0.899302338428	0.0316121141405
0.0481205063844	0.0356072169519	0.497055727659	0.419216549005
bZIP_Average_28	['M0251_1.01', 'M0260_1.01', 'M0262_1.01', 'M0264_1.01']
>bZIP_Average_28
0.372758034841	0.549524218921	0.0731142858914	0.0046034603469
0.0204256622328	0.918047285009	0.000863235019685	0.060663817738
0.924442358809	0.00477553336175	0.0461096926598	0.0246724151695
0.0785571222702	0.660194342138	0.173498751166	0.0877497844252
0.122884122405	0.157523704313	0.669839984178	0.0497521891033
0.0954409206356	0.119316513771	0.0993172984059	0.685925267188
bZIP_Average_26	['M0258_1.01', 'M0345_1.01']
>bZIP_Average_26
0.132052975904	0.0341098885864	0.569131376894	0.264705758616
0.446841294802	0.520314064646	0.00927207815066	0.023572562401
0.0372052406097	0.873462182585	0.0029674989542	0.0863650778508
0.964062868174	2.45570811109e-05	0.00202547591379	0.0338870988311
0.224562576317	0.111680542385	0.588665936279	0.075090945019
bZIP_M0256_1.01	['bZIP_M0256_1.01']
>bZIP_M0256_1.01
0.126879717065	0.288079106448	0.114805610755	0.470235565733
0.0925724924442	4.97027957213e-05	0.719087198347	0.188290606413
0.570749611437	0.427071392203	0.00217582641386	3.16994601698e-06
0.00799779008784	0.971694302077	3.8969962901e-05	0.0202689378721
0.936291252987	0.0359436829076	0.00342882355442	0.0243362405508
0.213387343095	0.00980807770896	0.767474798311	0.009329780885
0.0241541316017	0.681581280724	0.0762812489649	0.21798333871
0.0140383116275	0.0799763850681	0.033173423084	0.87281188022
0.188407405746	0.0773711743845	0.664212991045	0.0700084288239
0.0874132557597	0.0603796459742	0.387857528254	0.464349570012
bZIP_M2713_1.01	['bZIP_M2713_1.01']
>bZIP_M2713_1.01
9.99996000016e-07	0.399999400002	9.99996000016e-07	0.599998600006
0.999997000012	9.99996000016e-07	9.99996000016e-07	9.99996000016e-07
9.99996000016e-07	9.99996000016e-07	9.99996000016e-07	0.999997000012
9.99996000016e-07	0.999997000012	9.99996000016e-07	9.99996000016e-07
9.99996000016e-07	9.99996000016e-07	9.99996000016e-07	0.999997000012
0.999997000012	9.99996000016e-07	9.99996000016e-07	9.99996000016e-07
9.99996000016e-07	0.999997000012	9.99996000016e-07	9.99996000016e-07
9.99996000016e-07	9.99996000016e-07	0.999997000012	9.99996000016e-07
9.99996000016e-07	9.99996000016e-07	9.99996000016e-07	0.999997000012
9.99996000016e-07	9.99996000016e-07	0.999997000012	9.99996000016e-07
9.99996000016e-07	9.99996000016e-07	0.999997000012	9.99996000016e-07
0.999997000012	9.99996000016e-07	9.99996000016e-07	9.99996000016e-07
0.999997000012	9.99996000016e-07	9.99996000016e-07	9.99996000016e-07
9.99996000016e-07	9.99996000016e-07	9.99996000016e-07	0.999997000012
9.99996000016e-07	9.99996000016e-07	0.999997000012	9.99996000016e-07
0.999997000012	9.99996000016e-07	9.99996000016e-07	9.99996000016e-07
bZIP_Homeodomain_Average_1	['M2236_1.01', 'M2533_1.01']
>bZIP_Homeodomain_Average_1
4.99999000002e-07	0.0384619615376	0.961537038464	4.99999000002e-07
4.99999000002e-07	0.23076926923	4.99999000002e-07	0.769229730772
0.961537038464	4.99999000002e-07	0.0384619615376	4.99999000002e-07
0.999998500003	4.99999000002e-07	4.99999000002e-07	4.99999000002e-07
4.99999000002e-07	4.99999000002e-07	4.99999000002e-07	0.999998500003
4.99999000002e-07	4.99999000002e-07	0.999998500003	4.99999000002e-07
0.999998500003	4.99999000002e-07	4.99999000002e-07	4.99999000002e-07
4.99999000002e-07	4.99999000002e-07	4.99999000002e-07	0.999998500003
4.99999000002e-07	4.99999000002e-07	0.115384884615	0.884614115387
0.653845346155	4.99999000002e-07	0.346153653847	4.99999000002e-07
4.99999000002e-07	0.961537038464	0.0384619615376	4.99999000002e-07
0.294117558824	0.058823911764	0.235294147059	0.411764382353
0.166666833333	0.499999500001	4.99999000002e-07	0.333333166667
4.99999000002e-07	0.2999999	0.399999700001	0.2999999
4.99999000002e-07	0.624999250002	0.374999750001	4.99999000002e-07
C2H2_ZF_Average_6	['M0355_1.01', 'M0350_1.01', 'M0354_1.01', 'M0357_1.01', 'M0356_1.01']
>C2H2_ZF_Average_6
0.760743091541	0.00606282235998	0.187506614123	0.0456874719762
0.0223069086994	0.583454367822	0.338733797782	0.0555049256966
0.249152624154	0.0758358863214	0.0261943536504	0.648817135874
C2H2_ZF_Average_3	['M0352_1.01', 'M0358_1.01']
>C2H2_ZF_Average_3
0.120453330184	0.627887219768	0.0541528381257	0.197506611922
0.788979627379	0.000125517782892	0.148557608323	0.0623372465158
0.00673102639924	0.598520691383	0.39331643595	0.00143184626728
0.155762567861	0.111757439075	0.00381833032744	0.728661662736
C2H2_ZF_M0353_1.01	['C2H2_ZF_M0353_1.01']
>C2H2_ZF_M0353_1.01
0.226290193477	0.321129419569	0.226290193477	0.226290193477
0.574040411977	0.170941233582	0.171684750912	0.0833336035291
0.177659487579	0.0833336035291	0.479714527926	0.259292380965
0.0833336035291	0.265267117633	0.171684750912	0.479714527926
0.648764172114	0.144790673883	0.150005627502	0.056439526501
0.000122615583954	0.999632153248	0.000122615583954	0.000122615583954
0.803098825246	0.000122615583954	0.000122615583954	0.196655943586
0.000122615583954	0.803098825246	0.196655943586	0.000122615583954
0.023832422107	0.023832422107	0.023832422107	0.928502733679
0.289886193268	0.26895947451	0.274365320167	0.166789012055
0.26895947451	0.166789012055	0.289886193268	0.274365320167
0.274365320167	0.166789012055	0.26895947451	0.289886193268
0.193683089083	0.193683089083	0.316780270295	0.295853551538
C2H2_ZF_Average_1	['M0349_1.01', 'M0351_1.01']
>C2H2_ZF_Average_1
0.705767708197	0.0725130684269	0.096029737986	0.125689485391
0.650828442098	0.000583138349183	0.0758351088066	0.272753310746
0.06605013275	0.546819675579	0.362899613913	0.0242305777583
0.227067688904	0.179170273265	0.101512483116	0.492249554715
C2H2_ZF_M1810_1.01	['C2H2_ZF_M1810_1.01']
>C2H2_ZF_M1810_1.01
0.0416674999967	0.0416674999967	0.0833339999973	0.833331000009
0.125000499998	0.125000499998	0.166666999999	0.583332000005
0.0416674999967	0.0833339999973	0.374999500002	0.499999000004
9.99996000016e-07	0.374999500002	0.125000499998	0.499999000004
9.99996000015e-07	0.541665500004	0.166666999999	0.291666500001
0.0833339999973	0.458332500003	0.166666999999	0.291666500001
0.125000499998	0.333333000001	0.0833339999974	0.458332500003
0.0416674999967	0.0416674999967	0.0416674999967	0.87499750001
0.333333000001	0.208333499999	0.0416674999967	0.416666000003
9.99996000016e-07	0.25	0.291666500001	0.458332500003
9.99996000016e-07	0.708331500007	9.99996000016e-07	0.291666500001
0.0833339999973	9.99996000016e-07	0.749998000008	0.166666999999
CG-1_Average_1	['M0517_1.01', 'M0516_1.01']
>CG-1_Average_1
0.226597960925	0.489414286238	0.244683531608	0.0393042212287
0.020187330736	0.964113326356	0.00612401262832	0.00957533027976
0.02503938742	0.00543960667487	0.965765850373	0.00375515553257
0.0496213861284	0.672790466776	0.00400225530096	0.273585891795
0.022474483243	0.00332235573492	0.966450518994	0.0077526420283
0.00440834757902	0.00587670689078	0.0268397880406	0.96287515749
#CSD_M0518_1.01	['CSD_M0518_1.01']
>CSD_M0518_1.01
985.294117647	4.90196078431	4.90196078431	4.90196078431
990.131578947	3.28947368421	3.28947368421	3.28947368421
332.236842105	3.28947368421	3.28947368421	661.184210526
990.131578947	3.28947368421	3.28947368421	3.28947368421
990.131578947	3.28947368421	3.28947368421	3.28947368421
990.131578947	3.28947368421	3.28947368421	3.28947368421
990.131578947	3.28947368421	3.28947368421	3.28947368421
661.184210526	332.236842105	3.28947368421	3.28947368421
CxC_Average_2	['M0525_1.01', 'M0526_1.01', 'M0523_1.01']
>CxC_Average_2
0.416935961637	0.0412662079072	0.35632655086	0.185471279596
0.00704133416106	0.00704133416106	0.00075677743398	0.985160554244
0.000749450335864	0.000749450335864	0.000749450335864	0.997751648992
0.0116703261409	0.147404576726	0.00620943346717	0.834715663666
0.449241902831	0.000748540793447	0.527417444887	0.0225921114884
0.992293484946	0.000748540793447	0.00620943346717	0.000748540793447
0.97516529888	0.000750390689339	0.000750390689339	0.0233339197411
0.213976617275	0.193964863165	0.00823229380514	0.583826225755
CxC_M0522_1.01	['CxC_M0522_1.01']
>CxC_M0522_1.01
0.29488605424	0.29488605424	0.20511394576	0.20511394576
0.271117060031	0.240963852564	0.243959543702	0.243959543702
0.678021744124	0.107326085292	0.107326085292	0.107326085292
0.777620932931	0.0741263556895	0.0741263556895	0.0741263556895
0.820947486346	0.0323246601629	0.0323246601629	0.114403193328
9.19912737763e-05	9.19912737763e-05	9.19912737763e-05	0.999724026179
9.19912737763e-05	9.19912737763e-05	9.19912737763e-05	0.999724026179
9.19912737764e-05	9.19912737764e-05	0.0821705244393	0.917645493013
0.262905212864	0.127056578679	0.131754462856	0.478283745601
0.626996524525	0.0959045560517	0.181194363372	0.0959045560517
0.571702282055	0.142765905982	0.142765905982	0.142765905982
0.386974844307	0.175965635584	0.175965635584	0.261093884525
0.346698006668	0.217767331111	0.217767331111	0.217767331111
CxC_M0536_1.01	['CxC_M0536_1.01']
>CxC_M0536_1.01
0.542651053085	0.117995713165	0.113519435457	0.225833798292
0.279592554427	0.143987320574	0.195205797367	0.381214327633
0.0965352729476	0.175727212444	0.119694245706	0.608043268903
0.202572140419	0.123770875602	0.0859061773584	0.587750806621
0.0844578098916	0.280504155131	0.202746164597	0.432291870381
0.432291870381	0.202746164597	0.280504155131	0.0844578098916
0.587750806621	0.0859061773584	0.123770875602	0.202572140419
0.608043268903	0.119694245706	0.175727212444	0.0965352729476
0.381214327633	0.195205797367	0.143987320574	0.279592554427
0.225833798292	0.113519435457	0.117995713165	0.542651053085
CxC_M0524_1.01	['CxC_M0524_1.01']
>CxC_M0524_1.01
0.522756712841	0.122074990588	0.176790040897	0.178378255675
0.504018121802	0.0700682516543	0.132055743627	0.293857882916
0.116979351655	0.0906238199803	0.0532108773464	0.739185951019
0.0603931592237	0.0424745832978	0.0219306230781	0.8752016344
0.0206638850874	0.42273437261	0.0441258539161	0.512475888387
0.512475888387	0.0441258539161	0.42273437261	0.0206638850874
0.8752016344	0.0219306230781	0.0424745832978	0.0603931592237
0.739185951019	0.0532108773464	0.0906238199803	0.116979351655
0.293857882916	0.132055743627	0.0700682516543	0.504018121802
0.178378255675	0.176790040897	0.122074990588	0.522756712841
CxC_Average_3	['M0527_1.01', 'M0534_1.01']
>CxC_Average_3
0.122888498394	0.140141042858	0.0980832577599	0.638887200988
0.152765825178	0.135745178355	0.133122455433	0.578366541034
0.0639849921439	0.390407871618	0.12215356992	0.423453566318
0.604975046669	0.0538749043161	0.284826444215	0.0563236047997
0.67626728178	0.0896180414946	0.120969408792	0.113145267933
0.751251715557	0.0591060875522	0.112347657768	0.0772945391236
CxC_M0533_1.01	['CxC_M0533_1.01']
>CxC_M0533_1.01
0.299271679435	0.181517842644	0.279039131987	0.240171345934
0.131491496555	0.234848080106	0.131491496555	0.502168926784
0.288626088034	0.0895806857603	0.15999376137	0.461799464836
0.0733897235939	0.378332310325	0.117422531591	0.43085543449
0.262086283546	0.175682019343	0.371917720824	0.190313976287
0.40146168339	0.201364071481	0.233951511662	0.163222733467
0.344981388304	0.250508176789	0.180096554798	0.224413880108
0.209238943682	0.271367984423	0.231244690312	0.288148381583
0.222128191442	0.240628513866	0.265935530409	0.271307764282
Dof_Average_12	['M0589_1.01', 'M0583_1.01']
>Dof_Average_12
0.632985534389	0.133646413528	0.0854870903291	0.147880961754
0.673834439068	0.109353657649	0.0615163693514	0.155295533931
0.557399707722	0.272121861372	0.000631838452913	0.169846592453
0.104368814424	0.0916813604999	0.731465796703	0.0724840283726
Dof_Average_11	['M0574_1.01', 'M0577_1.01']
>Dof_Average_11
0.801578246529	0.0629912436554	0.0364122721706	0.0990182376448
0.769707483135	0.0956769556367	0.0280952904376	0.106520270791
0.487165391595	0.394785876666	0.0370379784163	0.0810107533229
0.12784043322	0.0346025472509	0.74470313796	0.0928538815686
Dof_Average_17	['M0585_1.01', 'M0584_1.01', 'M0588_1.01', 'M0572_1.01', 'M0579_1.01', 'M0573_1.01', 'M0582_1.01']
>Dof_Average_17
0.429978260453	0.095666750727	0.133524161915	0.340830826905
0.855820405212	0.0587497551863	0.0172161094014	0.0682137302007
0.871054686922	0.056219062167	0.000912105726392	0.0718141451842
0.652930262645	0.241260526972	0.0350259689399	0.0707832414434
0.0666080153022	0.0359991882945	0.836484856575	0.0609079398287
Dof_Average_20	['M2722_1.01', 'M2580_1.01', 'M2582_1.01', 'M2581_1.01', 'M1763_1.01', 'M1755_1.01', 'M1722_1.01', 'M1723_1.01', 'M0576_1.01', 'M0578_1.01']
>Dof_Average_20
0.997465864482	0.00130261010043	0.000491299686093	0.000740225731675
0.996792305592	0.00149108501637	0.000242956289917	0.00147365310219
0.974806748516	0.00560971645168	0.0163586867887	0.00322484824388
0.00361440692739	0.0013835130567	0.993810673979	0.00119140603643
0.139780777753	0.477600221323	0.0981826909925	0.284436309931
Dof_Average_19	['M0571_1.01', 'M0580_1.01', 'M0581_1.01']
>Dof_Average_19
0.167487325367	0.0844309577442	0.574989655977	0.173092060912
0.539437650682	0.0351858171731	0.0636151825479	0.361761349596
0.159283708552	0.0337448642818	0.0288697344665	0.7781016927
0.999099447468	0.00030018417738	0.00030018417738	0.00030018417738
0.968851453936	0.00030018417738	0.0305481777096	0.00030018417738
0.164845520447	0.819430114433	0.00030018417738	0.0154241809435
0.0154241809435	0.00030018417738	0.983975450702	0.00030018417738
0.128132257696	0.114326005104	0.0420617679424	0.715479969258
Dof_Average_16	['M0575_1.01', 'M0587_1.01']
>Dof_Average_16
0.504956141486	0.161518161808	0.160475152363	0.173050544343
0.511994298121	0.178289486608	0.144153566286	0.165562648985
0.295709303414	0.442443844038	0.0478371198124	0.214009732735
0.218287424658	0.100177306017	0.539350366892	0.142184902433
Dof_M0586_1.01	['Dof_M0586_1.01']
>Dof_M0586_1.01
0.3144400183	0.180821913435	0.24501509245	0.259722975815
0.180290707893	0.441122954379	0.159171322183	0.219415015545
0.178426749599	0.191722114226	0.312532754336	0.317318381838
0.238058257746	0.134033753198	0.166082818745	0.461825170311
0.302887032999	0.134654849234	0.103779980719	0.458678137048
0.458678137048	0.103779980719	0.134654849234	0.302887032999
0.461825170311	0.166082818745	0.134033753198	0.238058257746
0.317318381838	0.312532754336	0.191722114226	0.178426749599
0.219415015545	0.159171322183	0.441122954379	0.180290707893
0.259722975815	0.24501509245	0.180821913435	0.3144400183
E2F_Average_1	['M0602_1.01', 'M0601_1.01']
>E2F_Average_1
0.123999413132	0.172943899168	0.643431735722	0.0596249519781
0.0122347767327	0.0151984034208	0.965853232065	0.00671358778138
0.00159667942637	0.991276743893	4.74587594648e-05	0.00707911792105
0.000200721877558	3.44920889886e-05	0.996260496543	0.0035042894901
0.0456162975992	0.885472759732	0.0585259346036	0.0103850080657
0.0183492748152	0.357360202568	0.464282302559	0.160008220057
0.153408917592	0.490668393408	0.124999954781	0.230922734219
E2F_M0590_1.01	['E2F_M0590_1.01']
>E2F_M0590_1.01
0.204325750598	0.147169059681	0.0736027589856	0.574902430736
0.200020630996	0.0254304282578	0.297167237878	0.477381702868
0.0860177439552	0.549103061494	0.324615603906	0.0402635906441
7.43535786438e-05	0.198451649949	0.801472996453	1.00001971898e-06
1.000021756e-06	0.999996999942	1.00000834645e-06	1.0000276098e-06
1.0000276098e-06	1.00000834645e-06	0.999996999942	1.000021756e-06
1.00001971898e-06	0.801472996453	0.198451649949	7.43535786438e-05
0.0402635906441	0.324615603906	0.549103061494	0.0860177439552
0.477381702868	0.297167237878	0.0254304282578	0.200020630996
0.574902430736	0.0736027589856	0.147169059681	0.204325750598
EIN3_Average_4	['M0605_1.01', 'M0608_1.01', 'M0606_1.01']
>EIN3_Average_4
0.113532039685	0.188799499047	0.06314776616	0.634520695108
0.156553637308	0.0793195376172	0.592454417169	0.171672407906
0.269108477892	0.301821424213	0.0564132147727	0.372656883122
0.728775574634	0.0537334111456	0.0695481721069	0.147942842114
0.118293860819	0.390440206457	0.0390210314111	0.452244901313
EIN3_Average_3	['M0607_1.01', 'M0604_1.01', 'M2759_1.01']
>EIN3_Average_3
0.713874354799	0.111400159875	0.0969412739158	0.0777842114093
0.0451611158067	0.064318178313	0.856853827577	0.0336668783028
0.473574402511	0.00775467789811	0.514747654194	0.00392326539684
9.18528955349e-05	0.00392326539684	9.18528955349e-05	0.995893028812
0.585370372993	0.0115860903994	0.0460688029111	0.356974733696
9.18528955349e-05	0.995893028812	0.00392326539684	9.18528955349e-05
0.915433366285	9.18528955349e-05	0.0805515154227	0.00392326539684
0.0504721780817	0.054303590583	0.054303590583	0.840920640752
#FAR1_M2220_1.01	['FAR1_M2220_1.01']
>FAR1_M2220_1.01
195.744680851	344.680851064	170.212765957	289.361702128
319.14893617	246.808510638	106.382978723	327.659574468
38.2978723404	893.617021277	38.2978723404	29.7872340426
961.70212766	12.7659574468	8.51063829787	17.0212765957
8.51063829787	978.723404255	4.25531914894	8.51063829787
12.7659574468	68.085106383	906.382978723	12.7659574468
0.0	936.170212766	0.0	63.829787234
17.0212765957	0.0	970.212765957	12.7659574468
76.5957446809	885.106382979	25.5319148936	12.7659574468
68.085106383	170.212765957	72.3404255319	689.361702128
268.085106383	289.361702128	170.212765957	272.340425532
348.936170213	187.234042553	212.765957447	251.063829787
GATA_Average_12	['M0686_1.01', 'M0687_1.01', 'M0682_1.01', 'M0683_1.01', 'M0681_1.01', 'M0723_1.01', 'M0724_1.01', 'M0690_1.01', 'M0684_1.01']
>GATA_Average_12
0.0840273101787	0.0691666883185	0.772519374127	0.0742866273759
0.935434607276	0.00171122463819	0.0118671287744	0.0509870393113
0.0425803660926	0.0295164370231	0.00432943017325	0.923573766711
0.113622281913	0.533924410025	0.158250465065	0.194202842998
GATA_Average_3	['M0692_1.01', 'M0688_1.01']
>GATA_Average_3
0.0779050925109	0.037754022097	0.70700127807	0.177339607322
0.839730012058	0.00807098045674	0.000196050661917	0.152002956823
0.0653326334191	0.168641325072	0.0544749639701	0.711551077539
GATA_Average_8	['M0685_1.01', 'M0691_1.01']
>GATA_Average_8
0.489087925805	0.159000188851	0.224026092093	0.127885793251
0.223969997374	0.124622926772	0.527653297248	0.123753778605
0.754584706732	0.0192317733205	0.0536554439602	0.172528075987
0.198543544991	0.0173215574732	0.0269262803716	0.757208617164
0.166450041944	0.519448466168	0.164955432131	0.149146059757
GATA_M0706_1.01	['GATA_M0706_1.01']
>GATA_M0706_1.01
0.266571039857	0.238803541155	0.248549257737	0.246076161251
0.27560304487	0.249376042689	0.225644869753	0.249376042689
0.255911289547	0.156778397931	0.475719813389	0.111590499133
0.483682310365	0.109009541376	0.223951767624	0.183356380635
0.000168616820387	0.00148378975809	0.00216926061434	0.996178332807
0.236676359216	0.339234754048	0.258965091637	0.165123795099
0.228378663188	0.244937912182	0.244937912182	0.281745512449
0.258387880614	0.205298059102	0.285562666063	0.250751394221
0.242056666277	0.232565527848	0.278431290778	0.246946515097
GATA_Average_2	['M0680_1.01', 'M0679_1.01', 'M0689_1.01']
