#Average_26	['M0084_1.01', 'M0082_1.01', 'M0083_1.01', 'M0085_1.01', 'M5962_1.01', 'M5964_1.01', 'M2190_1.01', 'M5920_1.01', 'M5731_1.01', 'M5737_1.01', 'M5733_1.01', 'M5740_1.01', 'M5744_1.01', 'M4394_1.01', 'M4395_1.01', 'M1708_1.01']
>AP-2_Average_26
0.115026748344	0.255961076829	0.509696431399	0.119315743428
0.0064416713637	0.966827160471	0.0198402360793	0.00689093208576
0.0129717305221	0.873947734288	0.0181328163312	0.0949477188587
0.0308804905036	0.1830212167	0.122032009163	0.664066283633
0.0857895553907	0.304135173494	0.505677166786	0.104398104329
0.522054811122	0.124156610636	0.331624592355	0.0221639858865
0.0791744026071	0.00485193898857	0.913779019716	0.00219463868804
0.00554807998612	0.00806664285127	0.985520592268	0.000864684894676
0.0230508310446	0.711993465264	0.240534499835	0.0244212038558
#Average_17	['M2804_1.01', 'M2809_1.01']
>AP-2_Average_17
4.99999000002e-07	4.99999000002e-07	0.999998500003	4.99999000002e-07
4.99999000002e-07	0.999998500003	4.99999000002e-07	4.99999000002e-07
4.99999000002e-07	0.999998500003	4.99999000002e-07	4.99999000002e-07
0.0731584432796	0.414494302629	0.230488746908	0.281858507183
0.0992968582372	0.311588177453	0.363494774862	0.225620189448
0.306182782858	0.238781955054	0.37628630796	0.0787489541275
0.239133675935	0.125601877822	0.564438467754	0.0708259784888
0.0924475568673	0.0740655129204	0.767529509184	0.0659574210285
0.0619959332091	0.402591327546	0.429266579638	0.106146159607
#Average_27	['M5730_1.01', 'M5919_1.01', 'M5739_1.01', 'M5736_1.01', 'M5734_1.01', 'M5742_1.01', 'M5963_1.01']
>AP-2_Average_27
0.175093425396	0.211287045771	0.103140902993	0.51047862584
0.0558589423444	0.0965994296982	0.80564656428	0.0418950636771
0.00225041989391	0.817785148444	0.156612950431	0.0233514812311
0.0134026277543	0.932964491094	0.0197907675239	0.0338421136277
0.0186686414292	0.533878477013	0.0649821009625	0.382470780595
0.049141850438	0.248527830347	0.376283699861	0.326046619354
0.331321967603	0.228882023141	0.383132806136	0.0566632031201
0.248311680244	0.0562504553727	0.684316562845	0.0111213015385
0.00945296525563	0.00347676800711	0.980772457761	0.00629780897602
0.0305289711476	0.0753625598097	0.886960135941	0.00714833310168
0.0485807313836	0.629680786956	0.222109719797	0.0996287618633
0.461228942922	0.0768459243413	0.250953943128	0.210971189609
#Average_15	['M5921_1.01', 'M5738_1.01', 'M5743_1.01', 'M5741_1.01', 'M5735_1.01', 'M5732_1.01']
>AP-2_Average_15
0.194515402344	0.170527071667	0.112181233923	0.522776292066
1.66666555556e-07	0.186931459294	0.813068207373	1.66666555556e-07
1.66666555556e-07	0.9999995	1.66666555556e-07	1.66666555556e-07
1.66666555556e-07	0.9999995	1.66666555556e-07	1.66666555556e-07
0.0410781829621	0.733390018075	0.0536394611815	0.171892337781
0.0664708679706	0.355426652957	0.169866689302	0.40823578977
0.214247043728	0.348435656085	0.306176068535	0.131141231652
0.422064831259	0.151501911363	0.371751916166	0.0546813412118
0.135038271452	0.0791435550883	0.743114900292	0.0427032731681
1.66666555556e-07	1.66666555556e-07	0.9999995	1.66666555556e-07
1.66666555556e-07	1.66666555556e-07	0.9999995	1.66666555556e-07
1.66666555556e-07	0.798962922517	0.20103674415	1.66666555556e-07
0.548429311344	0.107256162711	0.12754195537	0.216772570575
#M5965_1.01	['M5965_1.01']
>AP-2_M5965_1.01
0.674416906983	0.0465124418572	0.232558209302	0.0465124418572
9.99996000016e-07	0.813951232567	0.186046767441	9.99996000016e-07
9.99996000016e-07	0.186046767441	0.813951232567	9.99996000016e-07
0.186046767441	0.395348255816	0.232558209302	0.186046767441
9.99996000016e-07	0.186046767441	0.813951232567	9.99996000016e-07
9.99996000016e-07	0.999997000012	9.99996000016e-07	9.99996000016e-07
9.99996000016e-07	0.999997000012	9.99996000016e-07	9.99996000016e-07
9.99996000016e-07	0.372092534886	0.232558209302	0.395348255816
9.99996000016e-07	0.999997000012	9.99996000016e-07	9.99996000016e-07
0.395348255816	9.99996000016e-07	0.604649744192	9.99996000016e-07
9.99996000016e-07	9.99996000016e-07	0.999997000012	9.99996000016e-07
0.186046767441	0.186046767441	0.627905465122	9.99996000016e-07
9.99996000016e-07	0.999997000012	9.99996000016e-07	9.99996000016e-07
0.0465124418572	0.232558209302	0.488371139538	0.232558209302
#Average_1	['M1837_1.01', 'M5967_1.01']
>ARID_BRIGHT_Average_1
0.999998500003	4.99999000002e-07	4.99999000002e-07	4.99999000002e-07
4.99999000002e-07	4.99999000002e-07	4.99999000002e-07	0.999998500003
0.0185189814805	0.166666833333	4.99999000002e-07	0.814813685188
0.999998500003	4.99999000002e-07	4.99999000002e-07	4.99999000002e-07
0.999998500003	4.99999000002e-07	4.99999000002e-07	4.99999000002e-07
0.785173389729	4.99999000002e-07	0.0185189814805	0.196307128792
#M0104_1.01	['M0104_1.01']
>ARID_BRIGHT_M0104_1.01
0.467941893252	0.177352702249	0.177352702249	0.177352702249
0.273411162945	0.0800679584302	0.0800679584302	0.566452920194
0.609175764666	0.119174050706	0.0337495172604	0.237900667367
0.104443512971	0.000141594096978	0.000141594096978	0.895273298835
0.000141594096978	0.000141594096978	0.000141594096978	0.999575217709
0.999575217709	0.000141594096978	0.000141594096978	0.000141594096978
0.910938405022	0.000141594096978	0.000141594096978	0.0887784067836
0.0887784067836	0.000141594096978	0.000141594096978	0.910938405022
0.261793094367	0.167866548984	0.0727888918479	0.497551464802
0.489779093	0.170073635667	0.170073635667	0.170073635667
0.350823769491	0.216392076836	0.216392076836	0.216392076836
#Average_3	['M0106_1.01', 'M0105_1.01']
>ARID_BRIGHT_Average_3
0.956527360221	0.0104659780952	0.020953767185	0.0120528944985
0.0596268914542	0.0351820156049	0.0532698925125	0.851921200428
0.222017048387	0.319905388346	0.0763742685999	0.381703294667
0.747860229816	0.0583452400616	0.110493550203	0.0833009799192
0.670310336746	0.0858681868839	0.108780621698	0.135040854672
0.538286419127	0.0924906525254	0.166588827589	0.202634100758
#M5966_1.01	['M5966_1.01']
>ARID_BRIGHT_M5966_1.01
0.390641781028	0.0963109016572	0.325827688383	0.187219628932
0.681816454552	0.0909097272702	9.99996000016e-07	0.227272818182
0.112514424818	9.99996000016e-07	9.99996000016e-07	0.88748357519
0.157968788456	9.99996000016e-07	9.99996000016e-07	0.842029211552
0.954542636375	0.0454553636331	9.99996000016e-07	9.99996000016e-07
0.932937938827	0.0670600611811	9.99996000016e-07	9.99996000016e-07
0.476149333915	9.99996000016e-07	0.023850666085	0.499999000004
9.99996000016e-07	0.40909027273	0.227272818182	0.363635909092
0.294331879366	0.181818454544	0.432939938819	0.0909097272702
0.499999000004	0.0454553636331	0.363635909093	0.0909097272702
0.454544636367	0.0454553636331	0.157968788456	0.342031211544
0.729515786731	9.99996000016e-07	0.0909097272702	0.179573486003
0.136364090908	0.045455363633	0.0909097272701	0.727270818189
0.160213756996	0.56930302973	0.0454553636331	0.225027849641
0.72727081819	9.99996000016e-07	9.99996000016e-07	0.272727181818
0.751120484278	0.0454553636331	9.99996000016e-07	0.203423152092
0.954542636375	9.99996000016e-07	9.99996000016e-07	0.0454553636331
0.40909027273	9.99996000015e-07	0.045455363633	0.545453363641
0.114759393359	0.136364090907	0.0909097272701	0.657966788463
0.521603697552	0.136364090908	0.023850666085	0.318181545456
0.612512424826	0.0693050297221	9.99996000016e-07	0.318181545456
0.665612931392	0.00540217438302	0.0747062041091	0.254278690116
#Average_4	['M3444_1.01', 'M5968_1.01']
>ARID_BRIGHT_Average_4
0.125000249999	0.524999450001	0.12500025	0.22500005
0.599999300002	0.2000001	0.0666670333327	0.133333566666
0.0666670333327	0.599999300002	0.2000001	0.133333566666
0.933331966669	0.0333337666658	0.0333337666658	4.99999000002e-07
0.93333196667	4.99999000002e-07	0.0666670333324	4.99999000002e-07
4.99999000002e-07	0.100000299999	0.0333337666658	0.866665433336
0.966665233336	0.0333337666658	4.99999000002e-07	4.99999000002e-07
0.0333337666658	0.699999100002	0.0666670333326	0.2000001
0.266666633334	0.399999700001	0.0666670333326	0.266666633333
0.499999500001	0.2999999	0.2000001	4.99999000002e-07
0.566666033334	0.233333366667	0.2000001	4.99999000002e-07
#M0108_1.01	['M0108_1.01']
>ARID_BRIGHT_M0108_1.01
0.299919356713	0.199062520836	0.199062520836	0.301955601615
0.282795156481	0.466266241783	0.0732198760816	0.177718725654
0.928773334235	0.0237422219216	0.0237422219216	0.0237422219216
0.999532457449	0.000155847517039	0.000155847517039	0.000155847517039
0.000155847517039	0.000155847517039	0.000155847517039	0.999532457449
0.999532457449	0.000155847517039	0.000155847517039	0.000155847517039
0.000155847517039	0.000155847517039	0.000155847517039	0.999532457449
0.000155847517039	0.0972591794852	0.000155847517039	0.902429125481
0.542243339338	0.0510933266815	0.149621255843	0.257042078138
0.176935971435	0.277743256107	0.176935971435	0.368384801022
0.226413625595	0.320759123214	0.226413625595	0.226413625595
#Average_2	['M0107_1.01', 'M0110_1.01']
>ARID_BRIGHT_Average_2
0.537930793551	0.0604992126786	0.223704123505	0.177865870266
0.879712986745	0.0437480237429	0.0117946210504	0.0647443684616
0.0393592530389	0.0556703090522	0.00859083153222	0.896379606377
0.500075556768	0.0829613885068	0.125416499398	0.291546555327
0.14677884881	0.302546947066	0.0801677677656	0.470506436359
#M6098_1.01	['M6098_1.01']
>AT_hook_M6098_1.01
0.565502170485	0.116991378716	0.112414737984	0.205091712814
0.605261736848	0.0938221350089	0.0617856498826	0.239130478261
0.969104675069	9.99996000016e-07	0.0102984416437	0.0205958832916
0.999997000012	9.99996000016e-07	9.99996000016e-07	9.99996000016e-07
0.112128697938	9.99996000016e-07	0.040046606404	0.847823695662
0.599540935932	9.99996000016e-07	0.0835246933612	0.316933370711
0.204519632722	0.354404616707	0.180492268878	0.260583481693
#M0127_1.01	['M0127_1.01']
>AT_hook_M0127_1.01
0.990128618433	0.00329046052237	0.00329046052237	0.00329046052237
0.992571287141	0.0024762376198	0.0024762376198	0.0024762376198
0.992571287141	0.0024762376198	0.0024762376198	0.0024762376198
0.992571287141	0.0024762376198	0.0024762376198	0.0024762376198
0.25	0.0024762376198	0.0024762376198	0.74504752476
0.992571287141	0.0024762376198	0.0024762376198	0.0024762376198
0.992571287141	0.0024762376198	0.0024762376198	0.0024762376198
0.990128618433	0.00329046052237	0.00329046052237	0.00329046052237
#M0131_1.01	['M0131_1.01']
>AT_hook_M0131_1.01
0.749998000008	0.0833339999973	0.0833339999973	0.0833339999973
0.799997800009	0.0666673999971	0.0666673999971	0.0666673999971
0.733331400008	0.0666673999971	0.0666673999971	0.133333799998
0.2666666	0.0666673999971	0.0666673999971	0.599998600005
0.733331400008	0.0666673999971	0.0666673999971	0.133333799998
0.666665000007	0.0666673999971	0.0666673999971	0.200000199999
0.692305923084	0.076923769228	0.076923769228	0.15384653846
0.166666999999	0.0833339999973	0.0833339999973	0.666665000007
#M0133_1.01	['M0133_1.01']
>AT_hook_M0133_1.01
0.319240919535	0.226919693488	0.226919693488	0.226919693488
0.295674644087	0.203353418041	0.297618519832	0.203353418041
0.447890092872	0.153262893694	0.153262893694	0.24558411974
0.759498729531	0.0801670901563	0.0801670901563	0.0801670901563
0.234881786901	0.000165216257087	0.000165216257087	0.764787780585
0.819784963121	0.000165216257087	0.000165216257087	0.179884604365
0.0961333693807	0.000165216257087	0.0994505536308	0.804250860731
0.407904462582	0.000165216257087	0.000165216257087	0.591765104904
0.835998329903	0.117510624559	0.0232455227686	0.0232455227686
0.859564605351	0.0468117982164	0.0468117982164	0.0468117982164
0.0969023225633	0.0969023225633	0.0969023225633	0.70929303231
0.169998126101	0.169998126101	0.169998126101	0.490005621697
#M6099_1.01	['M6099_1.01']
>AT_hook_M6099_1.01
0.950655092116	0.0164483026279	0.0164483026279	0.0164483026279
0.723682315797	9.99996000016e-07	9.99996000016e-07	0.276315684211
0.157895105262	9.99996000016e-07	9.99996000016e-07	0.842102894746
0.592103894742	9.99996000016e-07	9.99996000016e-07	0.407894105266
0.526314684215	0.026316684207	0.0131588421014	0.434209789477
0.171052947367	0.276315684211	0.118421578946	0.434209789476
9.99996000017e-07	0.552630368426	0.39473626316	0.052632368418
0.026316684207	0.328947052633	0.618419578953	0.026316684207
9.99996000016e-07	0.499999000004	0.434209789477	0.0657902105233
0.026316684207	0.421051947371	0.539472526321	0.0131588421014
0.94736563159	9.99996000016e-07	0.0394745263124	0.0131588421014
0.789471526324	0.0131588421014	9.99996000015e-07	0.197368631578
0.026316684207	0.0131588421014	9.99996000016e-07	0.960523473696
0.789471526324	9.99996000015e-07	0.0131588421014	0.197368631578
0.0197377631542	0.0197377631542	0.0197377631542	0.940786710537
#Average_2	['M0130_1.01', 'M0132_1.01']
>AT_hook_Average_2
0.405224360828	0.117538062938	0.125412375856	0.351825200378
0.447184368997	0.107747017868	0.113797329541	0.331271283594
0.309884483154	0.0788791472886	0.167716365593	0.443520003964
0.173360409455	0.243760083531	0.0798444880373	0.503035018977
#M0128_1.01	['M0128_1.01']
>AT_hook_M0128_1.01
0.314752871701	0.173580270152	0.119888314274	0.391778543872
0.398792580159	0.10259076175	0.146381147208	0.352235510882
0.377308637132	0.146069683123	0.181421228116	0.295200451628
0.269905177054	0.272332701439	0.0621241169894	0.395638004518
0.323521220006	0.171270881708	0.193763827456	0.311444070831
0.311444070831	0.193763827456	0.171270881708	0.323521220006
0.395638004518	0.0621241169894	0.272332701439	0.269905177054
0.295200451628	0.181421228116	0.146069683123	0.377308637132
0.352235510882	0.146381147208	0.10259076175	0.398792580159
0.391778543872	0.119888314274	0.173580270152	0.314752871701
#Average_1	['M0124_1.01', 'M0129_1.01']
>AT_hook_Average_1
0.512388122693	0.0870013651038	0.136538394163	0.26407211804
0.724847786102	5.68168817381e-05	0.274876364453	0.000219032562534
0.295643899552	0.209105090046	0.0757544691566	0.419496541246
#Average_10	['M4377_1.01', 'M4497_1.01', 'M5433_1.01', 'M4412_1.01', 'M6154_1.01', 'M4335_1.01', 'M4466_1.01', 'M4516_1.01', 'M4498_1.01', 'M3409_1.01', 'M1759_1.01']
>bHLH_bZIP_Average_10
0.169822896443	0.506841966852	0.185871631315	0.13746350539
0.00425314695764	0.995345183763	0.000271388947954	0.000130280331105
0.96556452705	0.000748732984449	0.0108863401618	0.0228003998034
0.000613560539769	0.852152111626	0.00155102957782	0.145683298257
0.0185338993637	0.00586266862668	0.97430966555	0.0012937664596
0.00120525948288	0.00416052097888	0.00249737850186	0.992136841036
7.7009380707e-05	0.00046710879138	0.998650351454	0.00080553037366
#M5432_1.01	['M5432_1.01']
>bHLH_bZIP_M5432_1.01
0.0175587908981	0.981242087003	0.000400040698321	0.000799081400642
0.961670989843	0.00430289909657	0.0215104954989	0.0125156155613
0.00191084720764	0.939263858682	0.00458463330395	0.0542406608067
0.0741580067387	0.00449536404101	0.920971098887	0.000375530333084
0.0151869681056	0.0508739931631	0.000380649198739	0.933558389533
0.00279986924834	0.0020001923191	0.983203784498	0.0119961539346
0.134662788444	0.385678871443	0.29292090236	0.186737437753
0.22344332967	0.317053048841	0.124949625151	0.334553996338
0.362229913311	0.310134069598	0.151811544565	0.175824472526
0.404228744614	0.216754911346	0.21838158235	0.16063476169
0.322081858887	0.326148536398	0.219194917853	0.132574686862
0.00884696380796	0.988738500615	0.00160935705272	0.00080517852436
0.963177719165	0.00195947238146	0.0231109741444	0.0117518343088
0.000777695918342	0.954948636516	0.00194273980186	0.0423309277637
0.108602716127	0.00860311612517	0.88135948173	0.00143468601753
0.0446051381262	0.0665474963999	0.00431752949247	0.884529835981
0.00158892536324	0.000794962679617	0.976178119504	0.0214379924536
#Average_165	['M6332_1.01', 'M6174_1.01', 'M2817_1.01', 'M2814_1.01', 'M2813_1.01', 'M5489_1.01', 'M5490_1.01', 'M1750_1.01', 'M0213_1.01', 'M3246_1.01', 'M3245_1.01', 'M6089_1.01', 'M2187_1.01', 'M2170_1.01', 'M2169_1.01', 'M0207_1.01', 'M6173_1.01', 'M3461_1.01', 'M2188_1.01', 'M4349_1.01', 'M6107_1.01', 'M6172_1.01', 'M0175_1.01', 'M3024_1.01', 'M3025_1.01', 'M5249_1.01', 'M3459_1.01', 'M6135_1.01', 'M5390_1.01', 'M5719_1.01', 'M5720_1.01', 'M4383_1.01', 'M0181_1.01', 'M0183_1.01', 'M5446_1.01', 'M0200_1.01', 'M0182_1.01', 'M0204_1.01', 'M0216_1.01', 'M6177_1.01', 'M6346_1.01', 'M5721_1.01', 'M6319_1.01', 'M6320_1.01', 'M6335_1.01', 'M5745_1.01', 'M5746_1.01', 'M5806_1.01', 'M5470_1.01', 'M5455_1.01', 'M5917_1.01']
>bHLH_Average_165
0.00896841110525	0.979881253414	0.00422103916296	0.00692929631815
0.977166540784	0.00530956755715	0.0100129207265	0.00751097093255
0.0194782782958	0.368576491838	0.500850114715	0.111095115151
0.0353606012127	0.892042054148	0.0591165732204	0.013480771419
0.0140114530821	0.0108455004364	0.0175889762539	0.957554070228
0.00713332470466	0.0228724437465	0.958106202941	0.0118880286081
#M2134_1.01	['M2134_1.01']
>bHLH_M2134_1.01
0.380346898887	9.99996000016e-07	0.619651101121	9.99996000016e-07
9.99996000016e-07	0.999997000012	9.99996000016e-07	9.99996000016e-07
9.99996000016e-07	0.999997000012	9.99996000016e-07	9.99996000016e-07
0.798156998453	9.99996000016e-07	9.99996000016e-07	0.201841001555
9.99996000016e-07	9.99996000016e-07	0.449182506355	0.550815493653
9.99996000016e-07	0.999997000012	9.99996000016e-07	9.99996000016e-07
9.99996000016e-07	9.99996000016e-07	9.99996000016e-07	0.999997000012
9.99996000016e-07	9.99996000016e-07	0.999997000012	9.99996000016e-07
#Average_151	['M0173_1.01', 'M0206_1.01']
>bHLH_Average_151
0.45793156601	0.125186606162	0.348583421324	0.0682984065042
0.358966976215	0.210789463243	0.123628115851	0.306615444691
0.063965480376	0.933640196671	0.00115344413782	0.00124087881547
0.95317393286	0.00798466782116	0.036340362253	0.00250103706539
0.0960643605261	0.194656879756	0.4643151391	0.244963620618
0.226272172039	0.364506495117	0.254304196632	0.154917136213
0.105405099222	0.216007288956	0.0807728350464	0.597814776775
0.0772059829302	0.0456720977338	0.802038581347	0.0750833379891
#M6260_1.01	['M6260_1.01']
>bHLH_M6260_1.01
0.15051060204	0.0688782755073	0.528060112249	0.252551010204
9.99996000016e-07	0.479590918371	0.520407081637	9.99996000016e-07
0.459182836738	9.99996000016e-07	0.36734646939	0.173469693876
9.99996000016e-07	0.999997000012	9.99996000016e-07	9.99996000016e-07
0.816324265315	9.99996000016e-07	9.99996000016e-07	0.183673734693
9.99996000016e-07	0.275510102042	0.530611122454	0.193877775509
0.173469693876	0.551019204086	0.275510102042	9.99996000016e-07
0.183673734693	9.99996000016e-07	9.99996000016e-07	0.816324265315
9.99996000016e-07	9.99996000016e-07	0.897956591847	0.102041408161
9.99996000017e-07	0.173469693876	0.193877775509	0.632651530619
0.173469693876	0.0918373673444	0.275510102042	0.459182836738
0.102041408161	0.448978795921	0.357142428573	0.0918373673443
0.36734646939	0.0918373673443	0.173469693876	0.36734646939
0.193877775509	0.173469693876	0.36734646939	0.265306061225
0.102041408161	9.99996000016e-07	9.99996000016e-07	0.897956591847
9.99996000015e-07	0.183673734693	0.102041408161	0.71428385715
9.99996000016e-07	0.438774755105	9.99996000016e-07	0.561223244903
9.99996000016e-07	0.816324265315	0.183673734693	9.99996000016e-07
9.99996000015e-07	0.71428385715	0.102041408161	0.183673734693
0.183673734693	0.377550510206	9.99996000016e-07	0.438774755105
0.209183836734	0.117347469386	0.464284857147	0.209183836734
#Average_27	['M5324_1.01', 'M5325_1.01', 'M5323_1.01']
>bHLH_Average_27
0.115288507317	0.390563174651	0.0629974195258	0.431150898506
0.00845623708984	0.00418466032253	0.986587610711	0.000771491876802
0.114582679055	0.0100138230233	0.874927825485	0.000475672436262
0.000319478653127	0.99886312031	0.000130211723261	0.000687189313661
0.994576899395	0.00220282221277	0.00290770455443	0.000312573837356
2.19867620749e-05	0.999471350349	0.000141080622598	0.000365582265966
0.00113208394503	0.00083738955259	0.997368400874	0.00066212562807
0.000599627494386	0.00150472994922	0.000383758489997	0.997511884066
0.0004329878461	0.00110737651012	0.998221778065	0.000237857578389
0.00175578279691	0.785427712148	0.0130343979799	0.199782107075
0.00029281214891	0.982304422781	0.00346726212099	0.0139355029492
0.395778625351	0.0293910943939	0.469953910081	0.104876370174
#M5981_1.01	['M5981_1.01']
>bHLH_M5981_1.01
0.157692676921	0.126923569229	0.296153661539	0.419230092311
0.038462384612	9.99996000016e-07	0.892305123087	0.0692314923048
0.315384353847	0.146154261537	0.469229892311	0.0692314923048
0.607690876928	9.99996000016e-07	0.146154261537	0.246153861539
9.99996000016e-07	0.961535615396	9.99996000016e-07	0.038462384612
0.999997000012	9.99996000016e-07	9.99996000016e-07	9.99996000016e-07
9.99996000016e-07	0.999997000012	9.99996000016e-07	9.99996000016e-07
9.99996000016e-07	9.99996000016e-07	0.999997000012	9.99996000016e-07
9.99996000016e-07	9.99996000016e-07	9.99996000016e-07	0.999997000012
9.99996000016e-07	9.99996000016e-07	0.999997000012	9.99996000016e-07
0.746151861547	9.99996000016e-07	0.253846138461	9.99996000016e-07
0.076923769228	0.776920969239	0.076923769228	0.0692314923048
0.138461984614	0.461537615387	0.076923769228	0.32307663077
0.076923769228	0.669229092315	0.253846138461	9.99996000016e-07
#Average_154	['M6090_1.01', 'M6092_1.01']
>bHLH_Average_154
0.125000249999	0.125000249999	0.564393310607	0.185606189394
0.125000249999	0.246212128788	0.374999750001	0.253787871212
0.0270837791658	0.207954629545	0.397726977274	0.367234614015
0.0708336916661	0.180871350379	0.596022035228	0.152272922727
0.0681821818176	0.0854169958325	0.675567330683	0.170833491667
0.0187504624991	0.873483601517	4.99999000002e-07	0.107765435984
0.295833241667	0.058333716666	0.216856126894	0.428976914774
0.0875003249994	0.799809506441	0.11268966856	4.99999000002e-07
4.99999000002e-07	0.123106314393	0.803976164775	0.0729170208325
0.0104171458324	0.0606064393931	4.99999000002e-07	0.928975914776
4.99999000002e-07	4.99999000002e-07	0.999998500003	4.99999000002e-07
0.0960230352266	0.239962141288	0.530681256819	0.133333566666
0.0876897185599	0.721211178789	0.164015323485	0.0270837791658
0.217234914015	0.145454754545	0.298105964394	0.339204367046
0.0552087229161	0.238162902462	0.238731083144	0.467897291478
#Average_164	['M0203_1.01', 'M0201_1.01', 'M0220_1.01', 'M0218_1.01', 'M0219_1.01', 'M0178_1.01', 'M0179_1.01', 'M0189_1.01', 'M0188_1.01', 'M0172_1.01', 'M0197_1.01', 'M0212_1.01', 'M0198_1.01', 'M0202_1.01', 'M0171_1.01', 'M0205_1.01', 'M0199_1.01', 'M0209_1.01', 'M0196_1.01']
>bHLH_Average_164
0.0493109997421	0.919804466617	0.00978939113601	0.0210951425052
0.816540470342	0.0356573826559	0.0791158200629	0.068686326939
0.0190724122807	0.777099137206	0.0423709558224	0.161457494691
0.121221159534	0.0512548130151	0.804652139616	0.0228718878347
0.137572419224	0.239699481717	0.0857702195397	0.53695787952
0.0578078069579	0.0573674199946	0.75640248854	0.128422284508
#Average_148	['M4480_1.01', 'M6170_1.01', 'M0194_1.01', 'M0222_1.01', 'M0208_1.01', 'M0186_1.01', 'M1709_1.01', 'M5453_1.01', 'M5813_1.01', 'M5812_1.01', 'M5124_1.01', 'M5125_1.01', 'M0193_1.01', 'M4413_1.01', 'M1797_1.01', 'M4513_1.01', 'M4515_1.01', 'M4402_1.01', 'M4479_1.01', 'M4428_1.01', 'M6171_1.01', 'M3956_1.01', 'M3512_1.01', 'M5140_1.01', 'M5329_1.01', 'M5328_1.01', 'M5330_1.01', 'M0180_1.01', 'M4448_1.01', 'M4449_1.01', 'M6349_1.01', 'M4384_1.01', 'M4351_1.01', 'M4507_1.01', 'M4420_1.01', 'M4385_1.01', 'M4350_1.01', 'M4299_1.01', 'M4508_1.01', 'M6337_1.01', 'M1787_1.01', 'M2192_1.01', 'M5109_1.01', 'M5128_1.01', 'M6336_1.01', 'M2827_1.01', 'M3950_1.01', 'M5685_1.01', 'M5451_1.01', 'M5916_1.01', 'M5872_1.01', 'M5452_1.01', 'M3814_1.01', 'M5750_1.01', 'M5762_1.01', 'M5749_1.01', 'M5751_1.01', 'M5979_1.01', 'M4423_1.01', 'M0217_1.01', 'M0190_1.01', 'M6350_1.01', 'M2136_1.01', 'M0176_1.01', 'M2826_1.01', 'M3951_1.01', 'M1834_1.01', 'M6164_1.01']
>bHLH_Average_148
0.141549303248	0.151070341307	0.171311966422	0.536068389023
0.0124440464112	0.98103444963	0.00250471321703	0.00401679074152
0.936789612171	0.00799895857256	0.0351903918356	0.0200210374211
0.00568729733913	0.913575502839	0.0191977563983	0.0615394434239
0.0871528648194	0.0188885218129	0.887329499046	0.00662911432163
0.00923011477366	0.0177090641877	0.00595628012921	0.967104540909
0.0031466028307	0.00307147475727	0.985193498062	0.00858842435037
#Average_160	['M5970_1.01', 'M5958_1.01', 'M6094_1.01', 'M0195_1.01']
>bHLH_Average_160
0.105376379517	0.347716652287	0.128505019786	0.41840194841
0.415976777519	0.0971269236452	0.434054483366	0.0528418154702
0.0327781732691	0.936329870131	0.00904199600036	0.0218499605991
0.0244997453043	0.00926110165228	0.965369488046	0.000869664997777
0.0274361123919	0.011771138933	0.0188106492954	0.94198209938
0.000108068437972	0.0231664288065	0.974234229916	0.00249127284002
0.211769077005	0.538127043672	0.0998837361789	0.150220143145
#M5980_1.01	['M5980_1.01']
>bHLH_M5980_1.01
0.384020082477	0.0747429690693	0.167526103092	0.373710845363
9.99996000016e-07	0.587627515469	0.412370484539	9.99996000016e-07
0.29896887629	0.309278113403	0.29896887629	0.0927841340181
0.402061247425	0.103093371132	0.494844381447	9.99996000016e-07
0.103093371132	0.103093371132	0.412370484539	0.381442773198
9.99996000016e-07	0.402061247425	0.494844381447	0.103093371132
9.99996000016e-07	0.494844381447	9.99996000016e-07	0.505153618561
9.99996000016e-07	0.999997000012	9.99996000016e-07	9.99996000016e-07
0.711338360832	9.99996000015e-07	0.195876505154	0.092784134018
0.206185742267	0.597936752583	0.0927841340181	0.103093371132
9.99996000016e-07	0.103093371132	0.804121494854	0.0927841340181
9.99996000016e-07	9.99996000016e-07	9.99996000016e-07	0.999997000012
9.99996000016e-07	9.99996000016e-07	0.999997000012	9.99996000016e-07
0.309278113403	0.597936752583	0.0927841340181	9.99996000016e-07
0.412370484539	0.195876505154	0.103093371132	0.288659639175
9.99996000015e-07	0.092784134018	0.711338360832	0.195876505154
0.494844381447	0.195876505154	0.309278113403	9.99996000016e-07
0.402061247425	0.0927841340181	0.402061247425	0.103093371132
0.309278113403	0.103093371132	0.58762751547	9.99996000017e-07
0.231958835052	0.324741969073	0.324741969073	0.118557226802
#M0177_1.01	['M0177_1.01']
>bHLH_M0177_1.01
0.132987464203	0.132987464203	0.403475950932	0.330549120662
0.0889920579535	0.665007039933	0.0889920579535	0.15700884416
0.928606526636	0.0709692772517	0.000212098056211	0.000212098056211
0.0709692772517	0.566242288745	0.000212098056211	0.362576335947
0.502827361995	0.000212098056211	0.496748441893	0.000212098056211
0.000212098056211	0.0697059449081	0.000212098056211	0.929869858979
0.150447915395	0.000212098056211	0.708095729887	0.141244256662
0.733699287524	0.265876516364	0.000212098056211	0.000212098056211
0.39494951073	0.225189472645	0.187981813049	0.191879203576
0.161220040103	0.161220040103	0.235874609825	0.441685309969
#Average_145	['M0214_1.01', 'M0192_1.01']
>bHLH_Average_145
0.373107013594	0.419491845358	0.162014570004	0.0453865710448
0.12860601623	0.848782678834	0.016452786555	0.00615851838072
0.743682772208	0.00527990768284	0.189298677036	0.0617386430729
0.0368632136327	0.0911368966298	0.217411322284	0.654588567453
0.653254003181	0.218591561276	0.0952428265005	0.0329116090425
0.080526933193	0.207214908887	0.0174063700854	0.694851787835
0.00727782459201	0.0294691854722	0.757815931863	0.205437058073
0.0595350922621	0.172423140574	0.504722479335	0.263319287829
#Average_140	['M0174_1.01', 'M0221_1.01', 'M0215_1.01', 'M0211_1.01', 'M0191_1.01', 'M5123_1.01', 'M5126_1.01', 'M5509_1.01', 'M5511_1.01', 'M5127_1.01', 'M5512_1.01', 'M5510_1.01', 'M5472_1.01', 'M5473_1.01', 'M5808_1.01', 'M5471_1.01']
>bHLH_Average_140
0.470183317299	0.101749132028	0.308373059213	0.11969449146
0.48029461601	0.303233223744	0.20097166758	0.0155004926668
0.0265227319726	0.971641081514	0.000965510779835	0.000870675733654
0.954280722422	0.00064755811465	0.0366906355537	0.00838108390929
0.0011329738765	0.016853797551	0.0589289682657	0.923084260307
0.917347387613	0.0585083809505	0.0225156460658	0.00162858537104
0.00584654197486	0.0257303552313	0.00287010291417	0.96555299988
0.00107724380912	0.00430052580785	0.974686848472	0.0199353819105
0.0187407428771	0.12049611763	0.460276603704	0.40048653579
0.101489289817	0.240489136423	0.109428246364	0.548593327396
#M0210_1.01	['M0210_1.01']
>bHLH_M0210_1.01
0.225931468061	0.322205595817	0.225931468061	0.225931468061
0.266581963045	0.392659575767	0.170379230594	0.170379230594
0.374545274864	0.237061488438	0.144721767971	0.243671468726
0.0934888098957	0.000303370637801	0.000303370637801	0.905904448829
0.71172892668	0.0934888098957	0.194478892787	0.000303370637801
0.189691542345	0.000303370637801	0.000303370637801	0.809701716379
0.18985591782	0.000303370637801	0.614667482445	0.195173229097
0.291984538659	0.000303370637801	0.517889356091	0.189822734612
0.123039028586	0.0243719025766	0.120705827293	0.731883241544
0.565226529143	0.0799241400436	0.0799241400436	0.27492519077
0.201784335117	0.300451461127	0.295979868639	0.201784335117
#M6165_1.01	['M6165_1.01']
>bHLH_M6165_1.01
0.352409228917	0.376505518074	0.219879638554	0.0512056144547
9.99996000016e-07	0.879515554227	0.120482445781	9.99996000016e-07
0.999997000012	9.99996000016e-07	9.99996000016e-07	9.99996000016e-07
9.99996000016e-07	0.903611843384	9.99996000016e-07	0.0963861566241
0.096386156624	0.216867602409	0.686745240971	9.99996000015e-07
0.313252759037	0.277108325302	0.325300903616	0.0843380120456
0.096386156624	0.421686060244	0.385541626508	0.096386156624
0.228915746988	9.99996000016e-07	0.590360084343	0.180723168673
0.0963861566241	9.99996000016e-07	0.481926783136	0.421686060244
9.99996000016e-07	0.0722898674671	0.301204614459	0.626504518078
0.072289867467	9.99996000015e-07	0.710841530128	0.216867602409
9.99996000016e-07	0.313252759037	0.253012036145	0.433734204822
9.99996000016e-07	0.999997000012	9.99996000016e-07	9.99996000016e-07
0.566263795186	0.313252759037	9.99996000016e-07	0.120482445781
9.99996000015e-07	0.795178542177	0.120482445781	0.0843380120455
0.493974927714	0.120482445781	0.385541626508	9.99996000016e-07
0.0722898674671	9.99996000016e-07	9.99996000016e-07	0.927708132541
9.99996000016e-07	9.99996000016e-07	0.879515554227	0.120482445781
0.0512056144547	0.65361284338	0.24397592771	0.0512056144547
#M6031_1.01	['M6031_1.01']
>bHLH_M6031_1.01
9.99996000016e-07	0.878884759721	0.121113240287	9.99996000016e-07
0.302278579414	0.502076570894	0.149062218815	0.0465826308771
0.0931642617582	0.701874562373	0.204960175872	9.99996000017e-07
0.869568433545	9.99996000016e-07	9.99996000016e-07	0.130429566463
9.99996000016e-07	0.999997000012	9.99996000016e-07	9.99996000016e-07
0.0465826308771	0.302278579414	0.651137789713	9.99996000016e-07
9.99996000016e-07	0.423390819705	9.99996000016e-07	0.576607180303
0.739139867078	0.0931642617582	0.167694871168	9.99996000017e-07
9.99996000016e-07	0.641821463537	9.99996000016e-07	0.358176536471
0.265013274709	0.121113240287	0.31159490559	0.302278579414
9.99996000016e-07	0.822986802664	9.99996000016e-07	0.177011197344
0.655292931492	0.214276502049	9.99996000016e-07	0.130429566463
0.130429566463	0.776405171783	0.0931642617581	9.99996000016e-07
#M0187_1.01	['M0187_1.01']
>bHLH_M0187_1.01
0.0774546779114	0.000767868094171	0.000767868094171	0.9210095859
0.000587852108685	0.704810387331	0.294013908451	0.000587852108685
0.411384330989	0.000587852108685	0.587439964794	0.000587852108685
0.000587852108685	0.822180809868	0.117958274646	0.0592730633772
0.000587852108685	0.000587852108685	0.998236443674	0.000587852108685
0.000587852108686	0.0592730633773	0.000587852108686	0.939551232405
0.000587852108685	0.000587852108685	0.998236443674	0.000587852108685
0.844322776083	0.000767868094172	0.0774546779114	0.0774546779114
#M2787_1.01	['M2787_1.01']
>bHLH_M2787_1.01
0.333333000001	9.99996000016e-07	9.99996000016e-07	0.666665000007
9.99996000016e-07	0.555554333339	0.333333000001	0.111111666664
0.111111666664	0.111111666664	0.111111666664	0.666665000007
9.99996000016e-07	0.999997000012	9.99996000016e-07	9.99996000016e-07
0.999997000012	9.99996000016e-07	9.99996000016e-07	9.99996000016e-07
9.99996000016e-07	0.999997000012	9.99996000016e-07	9.99996000016e-07
9.99996000016e-07	9.99996000016e-07	0.999997000012	9.99996000016e-07
9.99996000016e-07	0.999997000012	9.99996000016e-07	9.99996000016e-07
0.333333000001	0.111111666664	0.222222333333	0.333333000001
0.999997000012	9.99996000016e-07	9.99996000016e-07	9.99996000016e-07
9.99996000016e-07	0.444443666669	0.555554333339	9.99996000016e-07
0.111111666664	0.44444366667	0.111111666664	0.333333000001
9.99996000016e-07	0.555554333339	9.99996000016e-07	0.444443666669
0.111111666664	0.333333000001	0.333333000001	0.222222333333
9.99996000016e-07	0.222222333333	0.777775666675	9.99996000016e-07
0.333333000001	0.111111666664	0.555554333339	9.99996000016e-07
0.333333000001	9.99996000016e-07	0.666665000007	9.99996000016e-07
0.111111666664	0.222222333333	0.666665000007	9.99996000016e-07
#Average_139	['M6306_1.01', 'M6307_1.01']
>bHLH_Average_139
0.221294909542	0.188927866505	0.553502839116	0.0362743848372
0.085464853578	0.0520751473805	0.0430900898737	0.819369909168
0.0437416233753	0.14075705939	0.771216987554	0.0442843296806
0.165523914572	0.004431869063	0.801862518279	0.0281816980853
0.121417245526	0.246564910144	0.531724657363	0.100293186968
0.0749128711557	0.271925492544	0.645434119931	0.00772751636909
0.193744684806	0.115713419152	0.0304156720602	0.660126223981
0.0140899639951	0.0510518288282	0.919206542895	0.015651664282
0.745888566612	0.0240278692878	0.138452246225	0.0916313178746
#Average_115	['M2257_1.01', 'M2258_1.01', 'M3815_1.01']
>bHLH_Average_115
0.313890841689	0.104059866878	0.5820489581	3.33332888889e-07
3.33332888889e-07	3.33332888889e-07	3.33332888889e-07	0.999999000001
3.33332888889e-07	0.0844952072224	0.904009888564	0.0114945708808
0.151381887421	3.33332888889e-07	0.848617445913	3.33332888889e-07
0.0199318303575	0.145634768647	0.743212842016	0.091220558979
0.0141847115835	0.104059866878	0.881755088205	3.33332888889e-07
3.33332888889e-07	3.33332888889e-07	3.33332888889e-07	0.999999000001
3.33332888889e-07	3.33332888889e-07	0.999999000001	3.33332888889e-07
0.999999000001	3.33332888889e-07	3.33332888889e-07	3.33332888889e-07
0.0141847115835	0.300667227975	0.0946443744189	0.590503686022
#Average_117	['M0185_1.01', 'M0184_1.01']
>bHLH_Average_117
0.531072869859	0.128601911141	0.289052627482	0.0512725915182
0.183439084442	0.138926227992	0.0665883918241	0.611046295742
0.0812170412212	0.829612160899	0.0614109166509	0.0277598812287
0.725288657809	0.0010229184149	0.175055581789	0.0986328419866
0.0482844341352	0.596736905083	0.142042235399	0.212936425382
0.178758908271	0.310933370791	0.475641400443	0.0346663204954
0.136609671856	0.453626703581	0.00136331596423	0.408400308599
0.0672137143448	0.273688514868	0.50960778222	0.149489988567
0.625649447837	0.0822248857863	0.138099787643	0.154025878734
#M5969_1.01	['M5969_1.01']
>bHLH_M5969_1.01
0.0828227545986	0.193251760735	0.585888226999	0.138037257667
0.110430006133	0.496931527611	9.99996000016e-07	0.39263746626
0.110430006133	0.558280975465	0.331288018406	9.99996000016e-07
0.165644509201	0.276073515338	9.99996000016e-07	0.558280975465
0.110430006133	0.39263746626	0.331288018406	0.165644509201
0.0613504478497	0.88343304909	9.99996000016e-07	0.0552155030644
9.99996000016e-07	0.944782496944	0.0552155030644	9.99996000016e-07
0.944782496944	0.0552155030644	9.99996000016e-07	9.99996000016e-07
9.99996000016e-07	0.944782496944	0.0552155030644	9.99996000016e-07
0.116564950918	0.22085901227	0.662575036816	9.99996000015e-07
0.22085901227	0.331288018406	0.282208460123	0.165644509201
0.138037257667	0.585888226999	0.0828227545986	0.193251760735
#M6087_1.01	['M6087_1.01']
>bHLH_M6087_1.01
0.509614346158	0.125000499998	0.20192326923	0.163461884614
0.53846038462	0.15384653846	0.115385153844	0.192307923076
0.384614846156	0.0769237692281	0.038462384612	0.499999000004
0.192307923076	0.0384623846119	0.423076230772	0.34615346154
0.038462384612	0.884612846164	0.0769237692281	9.99996000016e-07
9.99996000016e-07	0.999997000012	9.99996000016e-07	9.99996000016e-07
0.999997000012	9.99996000016e-07	9.99996000016e-07	9.99996000016e-07
9.99996000016e-07	0.038462384612	0.961535615396	9.99996000016e-07
0.884612846164	0.038462384612	0.0769237692281	9.99996000016e-07
0.038462384612	0.576921769236	9.99996000016e-07	0.384614846156
0.269230692308	0.34615346154	0.34615346154	0.0384623846119
0.173077230768	0.63461384616	0.019231692304	0.173077230768
#Average_143	['M5183_1.01', 'M3560_1.01', 'M1838_1.01', 'M5994_1.01']
>bHLH_Average_143
0.0566661973648	0.180076431181	0.0418244498855	0.721432921569
0.00371257787725	0.99481757326	0.00044079007464	0.00102905878838
0.00208165355548	0.798397718899	0.00303527600189	0.196485351543
0.000285348108037	0.914237558264	0.00116554173983	0.0843115518877
0.254289306215	0.0968281217508	0.0559731236335	0.592909448401
0.214686345079	0.0123587237575	0.525925206373	0.247029724791
0.0475702740586	0.00491663286294	0.947292487599	0.000220605479133
0.138138247695	0.000637597992102	0.847562864913	0.0136612893993
0.0002302443392	0.000551893615741	0.999217612045	2.4999975e-07
0.751411839035	0.0396836008567	0.168921583416	0.0399829766916
#M5447_1.01	['M5447_1.01']
>bHLH_T-box_M5447_1.01
0.0086192148233	0.0289380716789	0.00346086726243	0.958981846235
0.164103298202	0.773908961324	0.044497725248	0.0174900152262
0.871086913098	0.0108863597288	0.0882552682754	0.0297714588977
0.000361477007312	0.99914496344	3.3770633392e-05	0.000459788919487
0.893290913696	0.00281368101917	0.103542820161	0.000352585123896
0.00334310373023	0.979783699543	0.016358026926	0.000515169801266
0.0476716359537	0.75346394438	0.0923520453947	0.106512374271
0.0931217521297	0.198621296554	0.0257659004061	0.68249105091
#M5448_1.01	['M5448_1.01']
>bHLH_T-box_M5448_1.01
0.789092030203	0.00991533618363	0.145561481296	0.0554311523178
0.171109057568	0.111940850744	0.703089872076	0.0138602196124
0.000640383627723	0.00703421994496	0.9916850128	0.000640383627723
9.99996000016e-07	0.0596824588829	0.000664127316966	0.939652413804
9.99996000016e-07	9.99996000016e-07	0.999997000012	9.99996000016e-07
0.028050463793	0.063275371817	0.00913338355779	0.899540780832
0.0310889585457	0.0116589844522	0.613988181353	0.343263875649
0.996270885433	9.99996000016e-07	0.000932528640635	0.00279558592991
0.297464598874	0.31098567155	0.114366739716	0.27718298986
0.251526245421	0.101954194137	0.302197593408	0.344321967034
0.00142448184655	0.00996537294989	0.00142448184655	0.987185663357
0.26990283301	0.680580801949	0.0233018776663	0.0262144873751
0.867698259134	0.00410682298877	0.0916977135011	0.0364972043762
0.000476509268476	0.998570472195	0.000476509268476	0.000476509268476
0.909579008108	0.000900681507485	0.089069469633	0.000450840751743
0.0004871429226	0.99319099904	0.0063208580418	9.99996000016e-07
0.0472633284947	0.805332359859	0.056622205425	0.0907821062211
0.0411444895365	0.107392481169	0.00767182007981	0.843791209215
#M5449_1.01	['M5449_1.01']
>bHLH_T-box_M5449_1.01
0.20264784725	0.204480833808	0.526882802856	0.0659885160867
0.0079658129596	0.0329588467419	0.951658824785	0.00741651551384
0.0107081986437	0.242040043111	0.00817228317449	0.739079475071
0.00194651750576	0.000556862141645	0.997495620357	9.99996000016e-07
0.0806308906368	0.163114341982	0.0129759249267	0.743278842455
0.0152806755957	0.090033550068	0.775503304663	0.119182469673
0.941103954952	0.00158202133989	0.03201668221	0.0252973414983
0.702256132039	0.0711832640614	0.113663002294	0.112897601606
0.602300855928	0.0371341600411	0.057557398066	0.303007585965
0.258136534142	0.0449912476036	0.150925731332	0.545946486922
0.166565125916	0.0687660061096	0.129584833739	0.635084034236
0.0195311409306	0.0229621116354	0.00580725811169	0.951699489322
0.176538205149	0.676393144213	0.124464021457	0.0226046291809
0.797913073983	0.00269096906127	0.144923083388	0.0544728735678
0.00113908345581	0.996582749633	9.99996000016e-07	0.00227716691561
0.803368573042	0.0235964112323	0.172284955055	0.000750060670169
0.00504057666994	0.965079933057	0.0237590043161	0.00612048595721
0.0274270506294	0.556726386784	0.170183160336	0.24566340225
#M3883_1.01	['M3883_1.01']
>bZIP_M3883_1.01
9.99996000016e-07	9.99996000016e-07	0.799997800009	0.200000199999
