# JASPAR2020_nematodes motif database
# Retrieved from:
#     * http://jaspar.genereg.net/download/CORE/JASPAR2020_CORE_nematodes_non-redundant_pfms_transfac.txt
#     * http://jaspar.genereg.net/download/collections/JASPAR2020_UNVALIDATED_nematodes_pfms_transfac.txt
# Note: this file also contains the unvalidated motifs from JASPAR.
#       These have not been confirmed by orthogonal evidence and have 
#       a motif id that starts with UN.
# Date: 2019-10-18
>MA1438.1_atf-7
0.3972	0.1675	0.1444	0.2909
0.5561	0.0471	0.3798	0.0170
0.0020	0.0070	0.0000	0.9910
0.0030	0.0030	0.9920	0.0020
0.9579	0.0000	0.0090	0.0331
0.0020	0.7806	0.0110	0.2064
0.1463	0.0341	0.8196	0.0000
0.0220	0.0290	0.0110	0.9379
0.1353	0.5170	0.2725	0.0752
0.6363	0.1333	0.1273	0.1032
>MA0537.1_blmp-1
0.5668	0.0000	0.4332	0.0000
0.9181	0.0000	0.0790	0.0030
0.8688	0.0000	0.1312	0.0000
0.9549	0.0000	0.0451	0.0000
0.2500	0.0000	0.6116	0.1384
0.3435	0.0995	0.1627	0.3943
0.0000	0.0000	1.0000	0.0000
1.0000	0.0000	0.0000	0.0000
0.6321	0.0000	0.3224	0.0454
0.9148	0.0000	0.0754	0.0098
0.5181	0.0380	0.4106	0.0333
>MA1444.1_cebp-1
0.6853	0.0572	0.1362	0.1213
0.1008	0.0354	0.0381	0.8256
0.0381	0.0164	0.0136	0.9319
0.0123	0.0150	0.0095	0.9632
0.0232	0.9469	0.0136	0.0164
0.1131	0.0082	0.8610	0.0177
0.1553	0.2139	0.0095	0.6213
0.9401	0.0368	0.0068	0.0164
0.9673	0.0082	0.0095	0.0150
0.0368	0.0531	0.0136	0.8965
0.5559	0.1117	0.1267	0.2057
0.3229	0.1676	0.1349	0.3747
>MA0263.1_ceh-10::ttx-3
0.9654	0.0000	0.0345	0.0000
0.0000	0.0000	0.0345	0.9654
0.0345	0.0000	0.0000	0.9654
0.3103	0.0000	0.6896	0.0000
0.0000	0.0000	0.9654	0.0345
0.0690	0.5517	0.0345	0.3448
0.1035	0.1724	0.0345	0.6896
0.0345	0.1724	0.0000	0.7930
0.4827	0.5172	0.0000	0.0000
0.1379	0.1035	0.7586	0.0000
0.0000	0.0000	0.0000	0.9999
0.0000	0.0690	0.0000	0.9309
0.8275	0.0345	0.0000	0.1379
0.5172	0.0000	0.3103	0.1724
>MA0264.1_ceh-22
0.3367	0.1531	0.3163	0.1939
0.0816	0.7245	0.1939	0.0000
0.0000	0.9081	0.0000	0.0918
0.9394	0.0101	0.0000	0.0505
0.0102	0.9898	0.0000	0.0000
0.0000	0.0000	0.0000	1.0000
0.0000	0.1616	0.0000	0.8384
0.0714	0.2755	0.6428	0.0102
0.9596	0.0000	0.0000	0.0404
0.4694	0.2959	0.2041	0.0306
0.5204	0.2041	0.1531	0.1225
>MA1445.1_ceh-28
0.4901	0.0968	0.0561	0.3570
0.5131	0.0424	0.0478	0.3967
0.9994	0.0002	0.0004	0.0000
0.0000	0.0006	0.0000	0.9994
0.0034	0.9966	0.0000	0.0000
0.0000	0.0000	0.9972	0.0028
0.9996	0.0000	0.0004	0.0000
0.0000	0.0004	0.0002	0.9994
0.3973	0.0478	0.0418	0.5131
0.3572	0.0555	0.0972	0.4901
>MA1699.1_ceh-38
0.3372	0.2513	0.1837	0.2278
0.4557	0.1148	0.3073	0.1222
0.8085	0.0156	0.1249	0.0510
0.9302	0.0074	0.0092	0.0533
0.9463	0.0156	0.0041	0.0340
0.9904	0.0018	0.0028	0.0051
0.9807	0.0037	0.0115	0.0041
0.0051	0.0078	0.0014	0.9858
0.0051	0.9885	0.0014	0.0051
0.4644	0.0051	0.5204	0.0101
0.9876	0.0028	0.0060	0.0037
0.0069	0.0041	0.0014	0.9876
0.9688	0.0110	0.0101	0.0101
0.8893	0.0271	0.0188	0.0648
0.4079	0.0528	0.0230	0.5163
0.2040	0.0955	0.0469	0.6537
>MA0921.1_ceh-48
0.3950	0.1430	0.2680	0.1940
0.4420	0.1380	0.1960	0.2240
0.0540	0.3580	0.0540	0.5340
0.0949	0.7882	0.0549	0.0619
0.3864	0.0360	0.5115	0.0661
0.9310	0.0010	0.0000	0.0680
0.0260	0.0000	0.0000	0.9740
0.5345	0.1349	0.1279	0.2028
0.3423	0.2142	0.1822	0.2613
>MA0922.1_ces-2
0.9910	0.0030	0.0030	0.0030
0.0020	0.0020	0.0020	0.9940
0.1670	0.0020	0.0020	0.8290
0.9940	0.0020	0.0020	0.0020
0.0020	0.6633	0.0020	0.3327
0.4980	0.0020	0.4980	0.0020
0.0020	0.1670	0.0020	0.8290
0.9940	0.0020	0.0020	0.0020
0.9910	0.0030	0.0030	0.0030
>MA0260.1_che-1
0.0000	0.0000	0.9999	0.0000
0.9999	0.0000	0.0000	0.0000
0.9999	0.0000	0.0000	0.0000
0.5135	0.0000	0.4865	0.0000
0.0000	0.9999	0.0000	0.0000
0.0000	0.7027	0.2973	0.0000
>MA0538.1_daf-12
0.1410	0.1282	0.7243	0.0064
0.4551	0.0000	0.0833	0.4615
0.2115	0.0000	0.7884	0.0000
0.1474	0.3333	0.0385	0.4808
0.0000	0.0000	1.0000	0.0000
0.0000	0.3333	0.0000	0.6667
0.0000	0.0000	1.0000	0.0000
0.0962	0.1603	0.0897	0.6538
0.0000	0.1282	0.6218	0.2500
0.0064	0.0000	0.0000	0.9936
0.0000	0.0064	0.9872	0.0064
0.0000	0.5064	0.1026	0.3910
0.2051	0.0000	0.5385	0.2564
0.1090	0.1282	0.1795	0.5833
0.1090	0.2756	0.3590	0.2564
>MA1446.1_daf-16
0.2983	0.2106	0.2241	0.2670
0.2490	0.2183	0.2241	0.3086
0.0864	0.0128	0.8918	0.0090
0.0493	0.0506	0.0243	0.8758
0.9200	0.0608	0.0147	0.0045
0.9097	0.0551	0.0077	0.0275
0.9821	0.0038	0.0032	0.0109
0.0166	0.9481	0.0013	0.0339
0.9770	0.0038	0.0102	0.0090
0.2068	0.5922	0.0948	0.1063
0.3566	0.2042	0.2337	0.2055
0.2983	0.2234	0.2106	0.2676
>MA0540.1_dpy-27
0.0000	0.2727	0.1364	0.5908
0.0909	0.3636	0.3636	0.1818
0.0455	0.0000	0.1364	0.8181
0.0455	0.8635	0.0000	0.0909
0.0000	0.9999	0.0000	0.0000
0.0000	0.9999	0.0000	0.0000
0.0000	0.0000	0.0000	0.9999
0.0000	0.0000	0.6363	0.3636
0.0455	0.8635	0.0455	0.0455
0.0000	0.0000	0.9999	0.0000
0.0000	0.9544	0.0000	0.0455
0.1364	0.1364	0.5908	0.1364
0.7272	0.0000	0.0000	0.2727
0.3636	0.0000	0.1364	0.5000
0.4091	0.0000	0.2727	0.3182
0.5454	0.0455	0.4091	0.0000
>MA0919.1_dsc-1
0.3303	0.1992	0.2963	0.1742
0.1141	0.4054	0.1461	0.3343
0.0629	0.1379	0.0130	0.7862
0.8178	0.0531	0.0661	0.0631
0.9600	0.0120	0.0160	0.0120
0.0120	0.0160	0.0120	0.9600
0.0631	0.0661	0.0531	0.8178
0.7862	0.0130	0.1379	0.0629
0.3343	0.1461	0.4054	0.1141
0.1742	0.2963	0.1992	0.3303
>MA0541.1_efl-1
0.3001	0.3345	0.0879	0.2774
0.2670	0.1772	0.3676	0.1881
0.2629	0.3622	0.0752	0.2996
0.1596	0.1423	0.3966	0.3015
0.0417	0.5213	0.4048	0.0322
0.0277	0.0100	0.9624	0.0000
0.0050	0.9937	0.0014	0.0000
0.0000	0.0000	1.0000	0.0000
0.0000	0.5616	0.4383	0.0000
0.0603	0.2847	0.6550	0.0000
0.9501	0.0249	0.0082	0.0168
0.9116	0.0118	0.0707	0.0059
0.6455	0.0621	0.0802	0.2121
0.3155	0.0970	0.0775	0.5100
0.1446	0.1763	0.1596	0.5195
>MA1701.1_elt-2
0.1768	0.2341	0.1201	0.4691
0.0824	0.1986	0.1355	0.5834
0.0029	0.9968	0.0003	0.0000
0.0035	0.0113	0.0052	0.9800
0.0010	0.0000	0.0000	0.9990
1.0000	0.0000	0.0000	0.0000
0.0006	0.0032	0.0000	0.9961
0.0113	0.9878	0.0003	0.0006
0.7125	0.0164	0.0956	0.1755
0.2756	0.2247	0.2917	0.2080
>MA0542.1_elt-3
0.0000	0.1496	0.0000	0.8504
0.0000	0.5983	0.1717	0.2299
0.0000	0.0000	0.0000	1.0000
0.0000	0.0000	0.0000	1.0000
1.0000	0.0000	0.0000	0.0000
0.0000	0.0000	0.0000	1.0000
0.0000	1.0000	0.0000	0.0000
1.0000	0.0000	0.0000	0.0000
>MA1439.1_elt-6
0.1703	0.3597	0.3387	0.1313
0.0411	0.0180	0.0050	0.9359
0.0020	0.0000	0.9970	0.0010
0.9579	0.0010	0.0000	0.0411
0.0010	0.0050	0.0000	0.9940
0.8034	0.0441	0.0080	0.1444
0.7325	0.0361	0.0992	0.1323
0.1954	0.3026	0.3186	0.1834
>MA0543.1_eor-1
0.3504	0.1349	0.3408	0.1740
0.3647	0.1061	0.3966	0.1325
0.7494	0.0710	0.1333	0.0463
0.1061	0.0016	0.8883	0.0040
0.9625	0.0008	0.0000	0.0367
0.0798	0.0000	0.8986	0.0215
0.9202	0.0096	0.0559	0.0144
0.2091	0.4765	0.2546	0.0599
0.3424	0.0351	0.5539	0.0686
0.1891	0.4366	0.3216	0.0527
0.9449	0.0327	0.0223	0.0000
0.0591	0.0223	0.9186	0.0000
0.9338	0.0024	0.0591	0.0048
0.1612	0.2682	0.5475	0.0231
0.7773	0.0208	0.1468	0.0551
>MA0920.1_fkh-2
0.4164	0.0000	0.5415	0.0420
0.0290	0.0000	0.0000	0.9710
0.8280	0.1720	0.0000	0.0000
0.9429	0.0000	0.0000	0.0571
1.0000	0.0000	0.0000	0.0000
0.0570	0.9140	0.0000	0.0290
1.0000	0.0000	0.0000	0.0000
0.4344	0.2172	0.1311	0.2172
>MA1440.1_fkh-9
0.5275	0.2362	0.2362	0.0000
0.8098	0.0160	0.0000	0.1742
0.6563	0.0932	0.0000	0.2505
0.9850	0.0150	0.0000	0.0000
1.0000	0.0000	0.0000	0.0000
0.0471	0.7816	0.0000	0.1713
0.9690	0.0000	0.0000	0.0310
0.5751	0.0752	0.0752	0.2745
>MA1448.1_fos-1
0.0040	0.0040	0.0040	0.9880
0.0040	0.0040	0.9880	0.0040
0.9880	0.0040	0.0040	0.0040
0.0040	0.9880	0.0040	0.0040
0.0040	0.0040	0.0040	0.9880
0.0040	0.9880	0.0040	0.0040
0.9880	0.0040	0.0040	0.0040
>MA0545.1_hlh-1
0.1864	0.3648	0.3884	0.0604
0.8031	0.0577	0.1391	0.0000
0.7585	0.0394	0.1890	0.0131
0.0000	1.0000	0.0000	0.0000
1.0000	0.0000	0.0000	0.0000
0.1785	0.0341	0.7795	0.0079
0.0604	0.6929	0.0315	0.2152
0.0000	0.0079	0.0000	0.9921
0.0000	0.0000	1.0000	0.0000
0.2546	0.1969	0.2021	0.3465
0.0000	0.6850	0.0577	0.2572
>MA1449.1_hlh-30
0.2911	0.2106	0.2293	0.2690
0.3944	0.0897	0.3768	0.1390
0.0709	0.1027	0.0590	0.7673
0.0034	0.9869	0.0062	0.0034
0.9461	0.0091	0.0068	0.0380
0.0079	0.8865	0.0176	0.0880
0.0880	0.0176	0.8865	0.0079
0.0380	0.0068	0.0091	0.9461
0.0034	0.0062	0.9869	0.0034
0.7673	0.0590	0.1027	0.0709
0.1390	0.3768	0.0897	0.3944
0.2690	0.2293	0.2106	0.2911
>MA0923.1_lim-4
0.2740	0.2380	0.3120	0.1760
0.1120	0.4030	0.3040	0.1810
0.0220	0.2910	0.0060	0.6810
0.8520	0.1170	0.0200	0.0110
0.9790	0.0070	0.0120	0.0020
0.0070	0.0040	0.0030	0.9860
0.0100	0.1029	0.0490	0.8382
0.9390	0.0100	0.0130	0.0380
0.5140	0.0520	0.3310	0.1030
>MA1441.1_lim-7
0.2002	0.2002	0.2002	0.3994
0.2345	0.5130	0.1263	0.1263
0.1022	0.1022	0.1924	0.6032
0.0000	0.0000	0.0000	1.0000
0.9098	0.0000	0.0000	0.0902
0.8106	0.0000	0.0000	0.1894
0.0952	0.0000	0.0000	0.9048
0.1992	0.0000	0.3143	0.4865
0.2445	0.0491	0.4399	0.2665
0.3403	0.4114	0.1241	0.1241
0.2417	0.2417	0.1474	0.3691
>MA0261.1_lin-14
0.0000	0.0000	1.0000	0.0000
1.0000	0.0000	0.0000	0.0000
1.0000	0.0000	0.0000	0.0000
0.0000	1.0000	0.0000	0.0000
0.5283	0.0440	0.3522	0.0755
0.0380	0.5316	0.1835	0.2468
>MA1450.1_lin-54
0.1510	0.1191	0.6186	0.1113
0.1843	0.1334	0.5918	0.0906
0.5904	0.0590	0.1880	0.1625
0.8877	0.0316	0.0370	0.0438
0.9192	0.0054	0.0333	0.0421
0.0078	0.0092	0.0017	0.9813
0.0048	0.0037	0.0078	0.9837
0.0224	0.8863	0.0064	0.0848
0.9403	0.0173	0.0370	0.0054
0.9844	0.0048	0.0037	0.0071
0.9569	0.0044	0.0058	0.0329
0.1110	0.0536	0.0098	0.8256
0.2762	0.0540	0.1147	0.5551
0.1507	0.1174	0.2365	0.4954
>MA0262.1_mab-3
0.7600	0.0300	0.1300	0.0800
0.8600	0.0000	0.0000	0.1400
0.0000	0.0100	0.0000	0.9900
0.0000	0.0000	1.0000	0.0000
0.0000	0.0000	0.0000	1.0000
0.0000	0.0000	0.0000	1.0000
0.0000	0.0000	1.0000	0.0000
0.0000	1.0000	0.0000	0.0000
0.1300	0.1900	0.6700	0.0100
0.6200	0.0000	0.1100	0.2700
0.5000	0.0000	0.0600	0.4400
0.2900	0.1300	0.2200	0.3600
0.0800	0.0800	0.1000	0.7400
>MA1442.1_mab-5
0.7838	0.0811	0.0811	0.0541
0.0782	0.0982	0.0391	0.7846
0.0340	0.0340	0.0000	0.9319
1.0000	0.0000	0.0000	0.0000
0.9840	0.0000	0.0000	0.0160
0.0351	0.0000	0.0170	0.9479
0.0801	0.0200	0.0601	0.8398
0.7625	0.0000	0.1904	0.0471
>MA1451.1_nhr-6
0.9910	0.0030	0.0030	0.0030
0.9910	0.0030	0.0030	0.0030
0.9910	0.0030	0.0030	0.0030
0.0030	0.0030	0.6617	0.3323
0.0030	0.0030	0.9910	0.0030
0.0030	0.0030	0.0030	0.9910
0.0030	0.9910	0.0030	0.0030
0.9880	0.0040	0.0040	0.0040
>MA0924.1_pal-1
0.0910	0.0010	0.9070	0.0010
0.0010	0.3077	0.0010	0.6903
0.9210	0.0770	0.0010	0.0010
0.9970	0.0010	0.0010	0.0010
0.0010	0.0010	0.0010	0.9970
0.5375	0.0010	0.0010	0.4605
0.9970	0.0010	0.0010	0.0010
0.8860	0.1120	0.0010	0.0010
>MA0546.1_pha-4
0.5792	0.0703	0.0000	0.3505
0.5287	0.0000	0.4663	0.0050
0.5317	0.0000	0.0782	0.3901
0.0406	0.0000	0.9594	0.0000
0.0000	0.4030	0.0000	0.5970
0.8535	0.1465	0.0000	0.0000
1.0000	0.0000	0.0000	0.0000
1.0000	0.0000	0.0000	0.0000
0.0000	0.6168	0.0000	0.3832
1.0000	0.0000	0.0000	0.0000
>MA1703.1_pqm-1
0.3639	0.1833	0.1306	0.3222
0.5709	0.0704	0.2096	0.1490
0.0689	0.7892	0.0963	0.0455
0.0305	0.0422	0.0019	0.9255
0.0151	0.0045	0.9620	0.0184
0.9740	0.0072	0.0068	0.0120
0.0038	0.0011	0.0008	0.9944
0.9571	0.0049	0.0064	0.0316
0.8946	0.0135	0.0565	0.0354
0.1641	0.2525	0.4023	0.1810
0.4821	0.1524	0.2337	0.1317
>MA0547.1_skn-1
0.5975	0.1352	0.1950	0.0723
0.7453	0.0377	0.1226	0.0943
0.6572	0.0755	0.1730	0.0943
0.8428	0.0000	0.0503	0.1069
0.1006	0.1132	0.0818	0.7044
0.0000	0.0535	0.9465	0.0000
0.8333	0.1101	0.0157	0.0409
0.0629	0.0000	0.0000	0.9371
0.0000	0.0000	1.0000	0.0000
1.0000	0.0000	0.0000	0.0000
0.0975	0.5629	0.0692	0.2704
0.7830	0.0000	0.0881	0.1289
0.7547	0.0000	0.0000	0.2453
0.4371	0.0503	0.0660	0.4465
0.2893	0.1164	0.1667	0.4277
>MA0925.1_sma-4
0.3310	0.2230	0.2230	0.2230
0.2730	0.2280	0.3000	0.1990
0.0330	0.0330	0.0330	0.9010
0.0000	0.0000	0.9170	0.0830
0.0830	0.0000	0.0000	0.9170
0.0000	1.0000	0.0000	0.0000
0.0000	0.0000	0.0000	1.0000
0.2150	0.0000	0.7850	0.0000
0.0270	0.0270	0.8360	0.1100
0.3600	0.2420	0.2560	0.1420
0.2170	0.3490	0.2170	0.2170
>MA0544.1_snpc-4
0.2903	0.0226	0.5645	0.1226
0.0097	0.1097	0.0097	0.8710
0.0000	0.0000	1.0000	0.0000
0.0065	0.0065	0.0000	0.9871
0.0097	0.9839	0.0000	0.0065
0.0258	0.0387	0.8968	0.0387
0.0129	0.0065	0.9645	0.0161
0.0387	0.8258	0.0484	0.0871
0.0000	0.5774	0.0968	0.3258
0.0323	0.0000	0.9548	0.0129
0.0000	0.9452	0.0032	0.0516
0.1258	0.2097	0.1194	0.5452
>MA1443.1_unc-30
0.2665	0.2004	0.1553	0.3778
0.0160	0.0000	0.0000	0.9840
1.0000	0.0000	0.0000	0.0000
1.0000	0.0000	0.0000	0.0000
0.0000	0.0000	0.0000	1.0000
0.0160	0.9840	0.0000	0.0000
0.0551	0.8707	0.0000	0.0741
0.2224	0.3056	0.1944	0.2776
>MA0918.1_unc-62
0.2168	0.2168	0.3496	0.2168
0.7180	0.0940	0.0940	0.0940
0.1390	0.3830	0.4320	0.0460
0.2530	0.6010	0.0240	0.1220
0.0000	0.0000	0.0000	1.0000
0.0000	0.0000	1.0000	0.0000
0.0000	0.0000	0.0000	1.0000
0.0940	0.9060	0.0000	0.0000
0.8052	0.0340	0.0340	0.1269
0.1562	0.2553	0.2442	0.3443
0.2048	0.2048	0.2048	0.3856
0.2268	0.2268	0.2268	0.3197
>MA0926.1_unc-86
0.4990	0.0010	0.2500	0.2500
0.0010	0.0010	0.0010	0.9970
0.9970	0.0010	0.0010	0.0010
0.0010	0.0010	0.0910	0.9070
0.0010	0.0010	0.9070	0.0910
0.0910	0.9070	0.0010	0.0010
0.9970	0.0010	0.0010	0.0010
0.0010	0.0010	0.0010	0.9970
>MA0927.1_vab-7
0.2120	0.6000	0.1530	0.0350
0.0180	0.1170	0.0000	0.8650
0.7870	0.1650	0.0320	0.0160
0.9920	0.0080	0.0000	0.0000
0.0000	0.0240	0.0080	0.9680
0.0080	0.0240	0.1360	0.8320
0.8940	0.0000	0.0970	0.0090
0.6130	0.2270	0.0530	0.1070
>MA0928.1_zfh-2
0.3220	0.2260	0.2260	0.2260
0.3453	0.2332	0.2663	0.1552
0.0610	0.2130	0.0610	0.6650
0.0000	0.0000	0.0000	1.0000
1.0000	0.0000	0.0000	0.0000
1.0000	0.0000	0.0000	0.0000
0.0000	0.0000	0.0000	1.0000
0.0000	0.0000	0.0000	1.0000
0.9280	0.0240	0.0240	0.0240
0.2018	0.0949	0.6084	0.0949
0.2703	0.1892	0.2703	0.2703
>MA1704.1_zip-8
0.2268	0.2320	0.1483	0.3929
0.2182	0.0736	0.3442	0.3639
0.7855	0.0260	0.1822	0.0063
0.0071	0.0033	0.0030	0.9866
0.0063	0.0026	0.9085	0.0825
0.9874	0.0022	0.0063	0.0041
0.0071	0.9792	0.0067	0.0071
0.0082	0.0082	0.9803	0.0033
0.0126	0.0506	0.0067	0.9301
0.2335	0.6799	0.0535	0.0331
0.8833	0.0219	0.0480	0.0468
>UN0105.1_ceh-74
0.3006	0.2014	0.2014	0.2966
0.3183	0.1261	0.4294	0.1261
0.1705	0.0752	0.6790	0.0752
0.0000	0.0931	0.0000	0.9069
0.0000	0.0000	1.0000	0.0000
1.0000	0.0000	0.0000	0.0000
0.0000	0.0000	1.0000	0.0000
0.0000	0.0000	1.0000	0.0000
0.2395	0.0481	0.3667	0.3457
0.3323	0.3143	0.2292	0.1241
0.2715	0.2675	0.1743	0.2866
>UN0106.1_lin-28
0.9729	0.0090	0.0090	0.0090
0.9729	0.0090	0.0090	0.0090
0.9729	0.0090	0.0090	0.0090
0.9729	0.0090	0.0090	0.0090
0.0090	0.0090	0.0090	0.9729
0.9729	0.0090	0.0090	0.0090
0.9729	0.0090	0.0090	0.0090
0.9729	0.0090	0.0090	0.0090
