# JASPAR2020 motif database
# Retrieved from:
#     * http://jaspar.genereg.net/download/CORE/JASPAR2020_CORE_non-redundant_pfms_transfac.txt
#     * http://jaspar.genereg.net/download/collections/JASPAR2020_UNVALIDATED_pfms_transfac.txt
# Note: this file also contains the unvalidated motifs from JASPAR.
#       These have not been confirmed by orthogonal evidence and have 
#       a motif id that starts with UN.
# Date: 2019-10-18
>MA0206.1_abd-A
0.0556	0.1667	0.0001	0.7777
0.0001	0.0001	0.0001	0.9998
0.8887	0.0001	0.0001	0.1111
0.9998	0.0001	0.0001	0.0001
0.0556	0.0001	0.0001	0.9443
0.0001	0.0001	0.3333	0.6666
0.8332	0.0556	0.1111	0.0001
>MA0165.1_Abd-B
0.0477	0.0000	0.0000	0.9522
0.0000	0.0000	0.0000	0.9999
0.2381	0.0000	0.0000	0.7618
0.9999	0.0000	0.0000	0.0000
0.0000	0.1429	0.0000	0.8570
0.1429	0.0000	0.5238	0.3333
0.6190	0.0000	0.2381	0.1429
>MA0265.1_ABF1
0.1100	0.4100	0.0400	0.4400
0.0000	0.9900	0.0000	0.0100
0.0000	0.0000	1.0000	0.0000
0.0000	0.0000	0.0000	1.0000
0.4100	0.1700	0.2200	0.2000
0.2200	0.2400	0.2600	0.2800
0.3900	0.1600	0.2800	0.1700
0.3400	0.1800	0.2000	0.2800
0.4000	0.2100	0.2400	0.1500
0.4184	0.0000	0.5816	0.0000
0.1188	0.2475	0.0891	0.5445
0.0000	0.0000	0.8100	0.1900
0.9200	0.0800	0.0000	0.0000
0.0000	0.4500	0.0900	0.4600
0.3700	0.2200	0.1800	0.2300
0.3400	0.1800	0.1400	0.3400
>MA0570.2_ABF1
0.5197	0.2489	0.0526	0.1788
0.0727	0.6950	0.1087	0.1236
0.9842	0.0035	0.0096	0.0026
0.0088	0.9632	0.0131	0.0149
0.0140	0.0079	0.9702	0.0079
0.0035	0.0070	0.0009	0.9886
0.0079	0.0026	0.9842	0.0053
0.0342	0.0096	0.6196	0.3365
0.0710	0.8755	0.0245	0.0289
0.7967	0.0316	0.1025	0.0692
0.3050	0.1709	0.2051	0.3190
0.3138	0.1867	0.1972	0.3024
>MA0266.1_ABF2
0.1800	0.3900	0.2500	0.1800
0.0900	0.0900	0.0200	0.8000
0.0000	1.0000	0.0000	0.0000
0.0000	0.0000	0.0000	1.0000
1.0000	0.0000	0.0000	0.0000
0.0000	0.0000	1.0000	0.0000
0.9406	0.0198	0.0198	0.0198
>MA0941.1_ABF2
0.2308	0.3077	0.2308	0.2308
0.3077	0.2308	0.2308	0.2308
0.1910	0.2680	0.1910	0.3500
0.2743	0.1201	0.4034	0.2022
0.6990	0.1770	0.1030	0.0210
0.0000	0.8408	0.0000	0.1592
1.0000	0.0000	0.0000	0.0000
0.0000	0.9179	0.0000	0.0821
0.0190	0.0190	0.9429	0.0190
0.0190	0.0190	0.0190	0.9429
0.2180	0.0590	0.6640	0.0590
0.2128	0.1299	0.2867	0.3706
0.2292	0.2292	0.2292	0.3123
>MA0930.1_ABF3
0.9700	0.0100	0.0100	0.0100
0.0100	0.9700	0.0100	0.0100
0.9700	0.0100	0.0100	0.0100
0.0100	0.9700	0.0100	0.0100
0.0100	0.0100	0.9700	0.0100
0.0100	0.0100	0.0100	0.9700
0.0100	0.0100	0.9700	0.0100
0.0100	0.0100	0.0100	0.9700
>MA1659.1_ABF4
0.2402	0.2192	0.1828	0.3579
0.1604	0.1140	0.4342	0.2914
0.1092	0.8549	0.0103	0.0256
0.0223	0.9532	0.0142	0.0103
0.9768	0.0033	0.0078	0.0121
0.0289	0.9371	0.0073	0.0266
0.0347	0.0275	0.9047	0.0331
0.0200	0.0096	0.0086	0.9618
0.1009	0.5554	0.3019	0.0418
0.3841	0.0964	0.2249	0.2946
0.2415	0.3085	0.1535	0.2966
0.2696	0.3144	0.1404	0.2756
>MA0564.1_ABI3
0.0600	0.6000	0.0900	0.2500
0.1515	0.1616	0.1515	0.5353
0.0300	0.0700	0.8500	0.0500
0.0100	0.9600	0.0200	0.0100
0.9700	0.0100	0.0100	0.0100
0.0100	0.0100	0.0100	0.9700
0.0101	0.0101	0.9697	0.0101
0.0600	0.8400	0.0800	0.0200
0.5000	0.1500	0.1300	0.2200
>MA0123.1_abi4
0.0000	0.9999	0.0000	0.0000
0.2449	0.0000	0.7551	0.0000
0.0000	0.4082	0.5918	0.0000
0.0000	0.4694	0.0204	0.5102
0.0204	0.0612	0.9183	0.0000
0.0000	0.9183	0.0816	0.0000
0.1021	0.5714	0.1225	0.2041
0.0612	0.5102	0.2245	0.2041
0.0612	0.6326	0.1021	0.2041
0.0816	0.5306	0.1429	0.2449
>MA0931.1_ABI5
0.1808	0.2567	0.2567	0.3057
0.0869	0.0869	0.6593	0.1668
0.6080	0.3140	0.0000	0.0780
0.0000	0.9220	0.0780	0.0000
1.0000	0.0000	0.0000	0.0000
0.0000	1.0000	0.0000	0.0000
0.0000	0.0000	1.0000	0.0000
0.0000	0.0000	0.0000	1.0000
0.1518	0.0699	0.7083	0.0699
0.1638	0.1638	0.3367	0.3357
>MA1244.1_ABR1
0.2033	0.0950	0.5283	0.1733
0.2417	0.1250	0.4683	0.1650
0.2333	0.3833	0.1600	0.2233
0.1667	0.1067	0.5133	0.2133
0.3017	0.1317	0.4750	0.0917
0.3950	0.2483	0.1317	0.2250
0.3750	0.0433	0.3100	0.2717
0.4217	0.0300	0.3217	0.2267
0.1717	0.1617	0.0233	0.6433
0.0983	0.0250	0.5133	0.3633
0.2500	0.0450	0.6683	0.0367
0.0033	0.9833	0.0000	0.0133
0.0000	0.0000	0.9967	0.0033
0.0000	0.0200	0.9800	0.0000
0.0067	0.9733	0.0000	0.0200
0.0083	0.0167	0.9167	0.0583
0.0550	0.1750	0.7417	0.0283
0.3267	0.4967	0.0500	0.1267
0.1100	0.0600	0.7017	0.1283
>MA0267.1_ACE2
0.4545	0.2828	0.2121	0.0505
0.0100	0.9200	0.0600	0.0100
0.0000	1.0000	0.0000	0.0000
0.9000	0.1000	0.0000	0.0000
0.0000	0.0000	1.0000	0.0000
0.0000	1.0000	0.0000	0.0000
0.4900	0.2000	0.1700	0.1400
>MA0207.1_achi
0.0000	0.0000	0.0000	0.9999
0.0000	0.0000	0.9999	0.0000
0.9999	0.0000	0.0000	0.0000
0.0000	0.9564	0.0000	0.0435
0.9999	0.0000	0.0000	0.0000
0.1765	0.0001	0.7058	0.1177
>MA1277.1_Adof1
0.4655	0.1580	0.1630	0.2134
0.5227	0.1193	0.1782	0.1798
0.5563	0.0840	0.1966	0.1630
0.5311	0.1277	0.1782	0.1630
0.4605	0.1143	0.2050	0.2202
0.2756	0.2336	0.3395	0.1513
0.6521	0.0807	0.1815	0.0857
0.7832	0.0000	0.0050	0.2118
1.0000	0.0000	0.0000	0.0000
1.0000	0.0000	0.0000	0.0000
0.9664	0.0000	0.0336	0.0000
0.0000	0.0000	1.0000	0.0000
0.1613	0.1899	0.1580	0.4908
0.6235	0.0303	0.1513	0.1950
0.5748	0.0437	0.2975	0.0840
0.6403	0.0874	0.1395	0.1328
0.5479	0.1160	0.1109	0.2252
0.4924	0.0857	0.2269	0.1950
0.4840	0.1462	0.2202	0.1496
0.4471	0.1311	0.1597	0.2622
0.4588	0.1042	0.2538	0.1832
>MA0268.1_ADR1
0.4100	0.2400	0.1300	0.2200
0.0000	1.0000	0.0000	0.0000
0.0000	0.8500	0.0000	0.1500
0.0000	1.0000	0.0000	0.0000
0.0000	1.0000	0.0000	0.0000
0.6400	0.0600	0.2000	0.1000
0.3400	0.5100	0.0600	0.0900
>MA0269.1_AFT1
0.1062	0.2054	0.2315	0.4569
0.1553	0.2495	0.2204	0.3747
0.3627	0.1974	0.2214	0.2184
0.1795	0.3972	0.2227	0.2006
0.4269	0.2315	0.1543	0.1874
0.1364	0.0782	0.1424	0.6429
0.7174	0.0251	0.0311	0.2265
0.1451	0.0310	0.2883	0.5355
0.0341	0.0471	0.0391	0.8798
0.1603	0.0100	0.8136	0.0160
0.0100	0.9689	0.0110	0.0100
0.9620	0.0090	0.0150	0.0140
0.0080	0.9730	0.0090	0.0100
0.0251	0.9569	0.0020	0.0160
0.0191	0.7422	0.0130	0.2257
0.1815	0.2578	0.4955	0.0652
0.2655	0.2525	0.2415	0.2405
0.2876	0.1553	0.1834	0.3737
0.2766	0.1804	0.0681	0.4749
0.1234	0.2257	0.3581	0.2929
0.1543	0.2365	0.4589	0.1503
>MA0270.1_AFT2
0.0800	0.4500	0.2700	0.2000
0.7000	0.0000	0.3000	0.0000
0.0000	1.0000	0.0000	0.0000
1.0000	0.0000	0.0000	0.0000
0.0000	1.0000	0.0000	0.0000
0.0000	1.0000	0.0000	0.0000
0.0000	1.0000	0.0000	0.0000
0.0909	0.4242	0.2727	0.2121
>MA0005.2_AG
0.3182	0.3030	0.0909	0.2879
0.1364	0.0455	0.0455	0.7727
0.1515	0.0000	0.0152	0.8333
0.4394	0.1212	0.1212	0.3182
0.0000	1.0000	0.0000	0.0000
0.0000	0.9848	0.0000	0.0152
0.4697	0.0455	0.0909	0.3939
0.7121	0.0303	0.0000	0.2576
0.7878	0.0000	0.0152	0.1970
0.3788	0.0000	0.0152	0.6060
0.2576	0.2273	0.1667	0.3485
0.2879	0.1212	0.3030	0.2879
0.1061	0.0000	0.8636	0.0303
0.0303	0.0000	0.8181	0.1515
0.3333	0.2576	0.0758	0.3333
0.6818	0.0606	0.0758	0.1818
0.6060	0.0909	0.1364	0.1667
0.2273	0.1515	0.2424	0.3788
>MA0585.1_AGL1
0.3231	0.1692	0.2308	0.2769
0.1846	0.0923	0.1385	0.5846
0.0616	0.0154	0.1385	0.7846
0.3231	0.0769	0.3385	0.2615
0.0000	1.0000	0.0000	0.0000
0.0154	0.9692	0.0154	0.0000
0.4615	0.0923	0.1077	0.3385
0.4769	0.0616	0.1231	0.3385
0.6461	0.0154	0.0154	0.3231
0.4000	0.0462	0.0308	0.5231
0.2154	0.2154	0.1385	0.4308
0.2308	0.1231	0.4308	0.2154
0.1077	0.0000	0.8615	0.0308
0.0616	0.0000	0.8615	0.0769
0.4000	0.0923	0.0769	0.4308
0.7384	0.1539	0.0616	0.0462
0.6000	0.1385	0.1231	0.1385
0.2769	0.2308	0.2923	0.2000
>MA1204.1_AGL13
0.2694	0.0137	0.0000	0.7169
0.0411	0.0000	0.0091	0.9498
0.5616	0.0091	0.1142	0.3151
0.0091	0.9909	0.0000	0.0000
0.0000	0.7352	0.0000	0.2648
0.6438	0.1644	0.0320	0.1598
0.7717	0.0091	0.0320	0.1872
1.0000	0.0000	0.0000	0.0000
0.7945	0.0000	0.0000	0.2055
0.7945	0.0365	0.0274	0.1416
0.3699	0.0548	0.0685	0.5068
0.3379	0.0000	0.6621	0.0000
0.0000	0.0000	0.9909	0.0091
0.5479	0.0685	0.0228	0.3607
0.9543	0.0137	0.0000	0.0320
0.8721	0.0000	0.0183	0.1096
0.5753	0.0639	0.1872	0.1735
0.4110	0.0868	0.0913	0.4110
>MA0548.2_AGL15
0.2220	0.3639	0.2287	0.1853
0.0801	0.0551	0.0083	0.8564
0.0267	0.0083	0.0050	0.9599
0.1402	0.0134	0.0351	0.8113
0.0000	0.9950	0.0000	0.0050
0.0000	0.7262	0.0000	0.2738
0.3339	0.1336	0.0835	0.4491
0.1469	0.1419	0.0885	0.6227
0.2705	0.0000	0.0067	0.7229
0.0117	0.0134	0.0000	0.9750
0.1486	0.0751	0.0518	0.7245
0.2304	0.0701	0.2805	0.4190
0.2087	0.0017	0.7896	0.0000
0.0000	0.0000	0.9766	0.0234
0.5426	0.0835	0.0467	0.3272
0.9065	0.0217	0.0083	0.0634
0.7930	0.0117	0.0484	0.1469
0.1886	0.2922	0.3088	0.2104
0.2621	0.1285	0.0835	0.5259
>MA1199.1_AGL16
0.0837	0.0455	0.0096	0.8612
0.0263	0.0000	0.0072	0.9665
0.2392	0.0263	0.0670	0.6675
0.0000	1.0000	0.0000	0.0000
0.0000	0.8541	0.0000	0.1459
0.2943	0.1986	0.0550	0.4522
0.1579	0.1842	0.0957	0.5622
0.3134	0.0000	0.0000	0.6866
0.0000	0.0096	0.0096	0.9809
0.1053	0.1411	0.0550	0.6986
0.2608	0.0837	0.3230	0.3325
0.1483	0.0000	0.8517	0.0000
0.0000	0.0000	0.9402	0.0598
0.5024	0.1053	0.0287	0.3636
0.8565	0.0359	0.0191	0.0885
>MA1200.1_AGL25
0.5391	0.0783	0.0826	0.3000
0.0957	0.6391	0.2087	0.0565
0.0174	0.0348	0.0000	0.9478
0.0000	0.0000	0.0000	1.0000
0.0304	0.0000	0.0000	0.9696
0.0000	1.0000	0.0000	0.0000
0.0000	0.9130	0.0000	0.0870
0.4696	0.0609	0.0130	0.4565
0.2391	0.0565	0.0435	0.6609
0.3696	0.0348	0.0261	0.5696
0.2261	0.0522	0.0130	0.7087
0.2435	0.1522	0.0957	0.5087
0.2000	0.1391	0.2174	0.4435
0.2957	0.0000	0.6130	0.0913
0.0478	0.0739	0.6696	0.2087
0.5217	0.1870	0.0696	0.2217
0.6478	0.0870	0.0870	0.1783
0.6391	0.1044	0.1174	0.1391
>MA1012.1_AGL27
0.1761	0.5493	0.1761	0.0986
0.0070	0.0282	0.0000	0.9648
0.0000	0.0000	0.0000	1.0000
0.0986	0.0000	0.0070	0.8943
0.0000	1.0000	0.0000	0.0000
0.0000	0.3873	0.0000	0.6127
0.7605	0.0000	0.0070	0.2324
0.2254	0.0141	0.0000	0.7605
0.0634	0.0000	0.0000	0.9366
0.0141	0.0000	0.0000	0.9859
0.1056	0.1479	0.0141	0.7324
0.1197	0.1056	0.2958	0.4789
0.2324	0.0000	0.7676	0.0000
0.0775	0.0141	0.6479	0.2606
>MA0001.2_AGL3
0.2316	0.3053	0.3579	0.1053
0.1684	0.0947	0.3053	0.4316
0.2632	0.0842	0.0421	0.6105
0.2842	0.1684	0.1368	0.4105
0.0000	0.9684	0.0000	0.0316
0.0000	0.8316	0.0000	0.1684
0.8631	0.0105	0.0211	0.1053
0.4210	0.0421	0.0316	0.5053
0.5895	0.0000	0.0105	0.4000
0.3684	0.0000	0.0000	0.6316
0.6842	0.0105	0.0421	0.2632
0.2632	0.0421	0.0316	0.6631
0.6737	0.0000	0.2947	0.0316
0.0000	0.0000	0.9684	0.0316
0.3474	0.1474	0.1579	0.3474
0.5474	0.0526	0.0737	0.3263
0.4737	0.2421	0.1368	0.1474
0.2211	0.2526	0.2737	0.2526
>MA1201.1_AGL42
0.0000	1.0000	0.0000	0.0000
1.0000	0.0000	0.0000	0.0000
0.0000	0.0822	0.0000	0.9178
0.0000	1.0000	0.0000	0.0000
1.0000	0.0000	0.0000	0.0000
0.0000	0.0000	0.0000	1.0000
0.1164	0.5000	0.1096	0.2740
>MA1202.1_AGL55
0.0000	0.0556	0.0445	0.9000
0.0000	1.0000	0.0000	0.0000
1.0000	0.0000	0.0000	0.0000
0.0000	1.0000	0.0000	0.0000
0.0000	1.0000	0.0000	0.0000
1.0000	0.0000	0.0000	0.0000
>MA1205.1_AGL6
0.1722	0.0166	0.0104	0.8008
0.1494	0.0021	0.0166	0.8319
0.4149	0.0166	0.1390	0.4295
0.0228	0.9647	0.0104	0.0021
0.0021	0.8174	0.0000	0.1805
0.5249	0.1909	0.0809	0.2033
0.7199	0.0166	0.0871	0.1763
0.9689	0.0000	0.0042	0.0270
0.8755	0.0000	0.0000	0.1245
0.7988	0.0373	0.0477	0.1162
0.4274	0.1017	0.0705	0.4004
0.2656	0.0000	0.7324	0.0021
0.0000	0.0000	1.0000	0.0000
0.6120	0.1473	0.0270	0.2137
0.9149	0.0083	0.0062	0.0705
0.8963	0.0083	0.0187	0.0768
0.5124	0.1266	0.2344	0.1266
0.5311	0.0560	0.0954	0.3174
0.4917	0.0851	0.0539	0.3693
>MA1203.1_AGL63
0.1524	0.0101	0.0653	0.7722
0.1575	0.0553	0.3250	0.4623
0.0134	0.9698	0.0000	0.0168
0.0168	0.9112	0.0000	0.0720
0.7437	0.0586	0.1357	0.0620
0.7655	0.0151	0.0553	0.1642
0.9079	0.0000	0.0000	0.0921
0.7638	0.0017	0.0017	0.2328
0.6901	0.0469	0.0452	0.2178
0.1709	0.1675	0.0402	0.6214
0.1072	0.0000	0.8744	0.0184
0.0067	0.0000	0.9899	0.0034
0.4724	0.3936	0.0335	0.1005
0.9146	0.0218	0.0034	0.0603
0.7923	0.0168	0.0469	0.1441
>MA0932.1_AHL12
0.7720	0.0180	0.1460	0.0640
0.8430	0.0350	0.0240	0.0980
0.4840	0.0140	0.0050	0.4970
0.3317	0.0060	0.0030	0.6593
0.6593	0.0030	0.0060	0.3317
0.4970	0.0050	0.0140	0.4840
0.0980	0.0240	0.0350	0.8430
0.0640	0.1460	0.0180	0.7720
>MA0933.1_AHL20
0.7732	0.0659	0.0729	0.0879
0.7538	0.0060	0.0050	0.2352
0.1201	0.0040	0.0130	0.8629
0.2500	0.0060	0.0060	0.7380
0.7740	0.0040	0.0040	0.2180
0.8430	0.0080	0.0010	0.1480
0.6480	0.0120	0.0030	0.3370
0.0540	0.0280	0.0180	0.9000
>MA0934.1_AHL25
0.8720	0.0260	0.0530	0.0490
0.6154	0.0040	0.0060	0.3746
0.2070	0.0040	0.0030	0.7860
0.2250	0.0030	0.0020	0.7700
0.7700	0.0020	0.0030	0.2250
0.7860	0.0030	0.0040	0.2070
0.3746	0.0060	0.0040	0.6154
0.0490	0.0530	0.0260	0.8720
>MA0006.1_Ahr::Arnt
0.1250	0.3333	0.0834	0.4583
0.0000	0.0000	0.9582	0.0417
0.0000	0.9582	0.0000	0.0417
0.0000	0.0000	0.9582	0.0417
0.0000	0.0000	0.0000	0.9999
0.0000	0.0000	0.9999	0.0000
>MA0959.1_AIB
0.0761	0.0140	0.9019	0.0080
0.0589	0.9381	0.0010	0.0020
0.9660	0.0010	0.0280	0.0050
0.0000	0.9039	0.0020	0.0941
0.0941	0.0020	0.9039	0.0000
0.0050	0.0280	0.0010	0.9660
0.0020	0.0010	0.9381	0.0589
0.0080	0.9019	0.0140	0.0761
>MA1235.1_AIL7
0.0204	0.9555	0.0019	0.0223
0.2115	0.0315	0.7050	0.0519
0.3377	0.1911	0.2931	0.1781
0.4211	0.0853	0.0557	0.4378
0.1596	0.0742	0.0204	0.7458
0.1725	0.4620	0.0037	0.3618
0.0612	0.5714	0.0000	0.3673
0.0000	1.0000	0.0000	0.0000
0.2468	0.0334	0.6549	0.0649
0.9592	0.0000	0.0000	0.0408
0.0594	0.0111	0.7477	0.1818
>MA0208.1_al
0.0000	0.0000	0.0000	0.9999
0.9999	0.0000	0.0000	0.0000
0.9999	0.0000	0.0000	0.0000
0.0000	0.0000	0.0000	0.9999
0.0000	0.0000	0.0000	0.9999
0.8499	0.0000	0.1500	0.0000
0.8999	0.0000	0.1000	0.0000
>MA0854.1_Alx1
0.1900	0.4400	0.1700	0.2000
0.0700	0.2100	0.6500	0.0700
0.3800	0.3300	0.1400	0.1500
0.4300	0.0900	0.3100	0.1700
0.0500	0.4000	0.0200	0.5300
0.0100	0.0700	0.0000	0.9200
0.9899	0.0000	0.0101	0.0000
0.9800	0.0000	0.0100	0.0100
0.0100	0.0100	0.0000	0.9800
0.0000	0.0101	0.0000	0.9899
0.9200	0.0000	0.0700	0.0100
0.5300	0.0200	0.4000	0.0500
0.1500	0.2100	0.1100	0.5300
0.2300	0.3200	0.1600	0.2900
0.3939	0.3131	0.1212	0.1717
0.2400	0.2900	0.2300	0.2400
0.1500	0.4000	0.1400	0.3100
>MA0634.1_ALX3
0.1588	0.2760	0.1348	0.4304
0.1253	0.4319	0.1460	0.2967
0.0881	0.3734	0.0383	0.5002
0.7959	0.0511	0.0894	0.0636
0.9196	0.0370	0.0165	0.0270
0.0095	0.0090	0.0010	0.9806
0.0730	0.0764	0.0250	0.8255
0.8389	0.0478	0.0093	0.1040
0.3297	0.2122	0.2800	0.1781
0.3503	0.3106	0.1908	0.1483
>MA0853.1_Alx4
0.1584	0.5841	0.1485	0.1089
0.1000	0.2400	0.5600	0.1000
0.1900	0.4400	0.1600	0.2100
0.4000	0.1500	0.2900	0.1600
0.0202	0.3434	0.0101	0.6262
0.0099	0.0792	0.0000	0.9109
0.9802	0.0099	0.0099	0.0000
0.9800	0.0000	0.0100	0.0100
0.0100	0.0100	0.0000	0.9800
0.0000	0.0099	0.0099	0.9802
0.9109	0.0000	0.0792	0.0099
0.6262	0.0101	0.3434	0.0202
0.1700	0.2300	0.1800	0.4200
0.2900	0.2800	0.1300	0.3000
0.3600	0.2300	0.1900	0.2200
0.2300	0.2900	0.2500	0.2300
0.1200	0.4300	0.2100	0.2400
>MA1663.1_ANAC050
0.0000	1.0000	0.0000	0.0000
0.0000	0.0000	0.1135	0.8865
0.0000	0.0000	0.0000	1.0000
0.0100	0.0134	0.9766	0.0000
0.1336	0.2972	0.1553	0.4140
0.2988	0.1452	0.3856	0.1703
0.3155	0.2037	0.1436	0.3372
0.2922	0.3239	0.0835	0.3005
0.4925	0.0968	0.3072	0.1035
0.0017	0.8781	0.0467	0.0735
1.0000	0.0000	0.0000	0.0000
0.7362	0.2638	0.0000	0.0000
0.0000	0.0000	1.0000	0.0000
0.1002	0.1770	0.1636	0.5593
0.4257	0.2137	0.0000	0.3606
0.9082	0.0000	0.0000	0.0918
>MA1660.1_ANAC13
0.3328	0.2182	0.1463	0.3027
0.2533	0.1814	0.2559	0.3094
0.1865	0.1087	0.1915	0.5134
0.0844	0.0184	0.0201	0.8771
0.1630	0.0242	0.1070	0.7057
0.5276	0.1204	0.1522	0.1998
0.0134	0.9799	0.0000	0.0067
0.0017	0.0075	0.0677	0.9231
0.0008	0.0017	0.0000	0.9975
0.0343	0.1095	0.8060	0.0502
0.1120	0.1505	0.0844	0.6530
0.1371	0.1371	0.1873	0.5385
0.1731	0.4666	0.1656	0.1948
0.2007	0.2450	0.1154	0.4390
0.2467	0.4423	0.1647	0.1463
0.0192	0.9406	0.0234	0.0167
0.9992	0.0000	0.0000	0.0008
0.9147	0.0819	0.0008	0.0025
0.0075	0.0000	0.9875	0.0050
0.2090	0.1237	0.1003	0.5669
0.7316	0.0903	0.0125	0.1656
0.8495	0.0159	0.0134	0.1212
0.3177	0.2584	0.1371	0.2868
0.2826	0.2943	0.1480	0.2751
>MA1375.1_ANL2
0.2023	0.0050	0.5585	0.2341
0.0635	0.8579	0.0017	0.0769
1.0000	0.0000	0.0000	0.0000
0.0000	0.0017	0.0000	0.9983
0.0000	0.0017	0.0000	0.9983
0.7910	0.0000	0.0033	0.2057
1.0000	0.0000	0.0000	0.0000
0.3211	0.0017	0.0000	0.6773
0.0134	0.0000	0.0702	0.9164
0.5669	0.0134	0.3813	0.0385
0.1823	0.4749	0.0585	0.2843
>MA0571.1_ANT
0.1765	0.1177	0.3529	0.3529
0.1471	0.2059	0.3823	0.2647
0.2353	0.0000	0.7058	0.0588
0.0000	0.9411	0.0000	0.0588
0.9117	0.0000	0.0588	0.0294
0.0000	0.9999	0.0000	0.0000
0.6176	0.0000	0.3823	0.0000
0.2353	0.1765	0.4412	0.1471
0.4412	0.0294	0.0294	0.5000
0.0000	0.0883	0.0000	0.9117
0.1177	0.7352	0.0000	0.1471
0.0000	0.9999	0.0000	0.0000
0.0000	0.9705	0.0000	0.0294
0.2647	0.3235	0.3823	0.0294
0.9999	0.0000	0.0000	0.0000
0.2059	0.0294	0.4706	0.2941
0.0883	0.0294	0.8529	0.0294
0.0588	0.2941	0.0883	0.5588
0.2353	0.1765	0.4117	0.1765
0.3529	0.2941	0.1177	0.2353
0.5588	0.1177	0.0883	0.2353
>MA0166.1_Antp
0.0625	0.0625	0.0001	0.8748
0.0001	0.0001	0.0001	0.9998
0.9998	0.0001	0.0001	0.0001
0.9998	0.0001	0.0001	0.0001
0.0001	0.0001	0.0001	0.9998
0.0001	0.0001	0.5624	0.4375
0.9373	0.0001	0.0625	0.0001
>MA0209.1_ap
0.1053	0.5263	0.0001	0.3684
0.0527	0.0001	0.0001	0.9472
0.9998	0.0001	0.0001	0.0001
0.9998	0.0001	0.0001	0.0001
0.0001	0.0001	0.0001	0.9998
0.0001	0.0001	0.3158	0.6841
0.8420	0.0001	0.1579	0.0001
>MA0940.1_AP1
0.4525	0.4926	0.0197	0.0351
0.0518	0.5801	0.0240	0.3440
0.8157	0.0284	0.0216	0.1344
0.6991	0.0117	0.0937	0.1954
0.9562	0.0062	0.0092	0.0284
0.7873	0.0092	0.0148	0.1887
0.7343	0.0142	0.1554	0.0962
0.4205	0.0129	0.1584	0.4081
0.4026	0.0074	0.5734	0.0166
0.0820	0.0370	0.8348	0.0462
0.7065	0.0943	0.1048	0.0943
0.7885	0.0752	0.1036	0.0327
0.7750	0.0136	0.0999	0.1116
>MA0556.1_AP3
0.3162	0.1237	0.0687	0.4914
0.2887	0.1134	0.1340	0.4639
0.1649	0.8282	0.0000	0.0069
0.0000	0.7972	0.0034	0.1993
0.6357	0.2096	0.0378	0.1168
0.7457	0.0756	0.0378	0.1409
0.9725	0.0000	0.0000	0.0275
0.8247	0.0034	0.0000	0.1718
0.5361	0.0344	0.3574	0.0722
0.3265	0.0000	0.1031	0.5704
0.3368	0.0069	0.6564	0.0000
0.0241	0.0000	0.9759	0.0000
0.6289	0.1924	0.0172	0.1615
0.7938	0.0619	0.0309	0.1134
0.8350	0.0309	0.0653	0.0687
>MA0007.3_Ar
0.3527	0.0538	0.5013	0.0922
0.2938	0.0053	0.6949	0.0059
0.0021	0.0000	0.9964	0.0016
0.4435	0.1078	0.0682	0.3805
0.9949	0.0023	0.0014	0.0014
0.0018	0.9950	0.0023	0.0009
0.8679	0.0087	0.1186	0.0048
0.0807	0.4978	0.1330	0.2886
0.2100	0.2287	0.3709	0.1905
0.2617	0.0867	0.5799	0.0718
0.0116	0.0973	0.0028	0.8883
0.0000	0.0011	0.9986	0.0003
0.0079	0.0014	0.0000	0.9907
0.4542	0.0426	0.0874	0.4158
0.0032	0.9931	0.0000	0.0037
0.0133	0.6412	0.0008	0.3447
0.1548	0.3931	0.1235	0.3287
>MA0210.1_ara
0.4117	0.0000	0.1471	0.4412
0.6764	0.0000	0.0000	0.3235
0.9999	0.0000	0.0000	0.0000
0.0000	0.9999	0.0000	0.0000
0.9999	0.0000	0.0000	0.0000
>MA1098.1_ARALYDRAFT_484486
0.0020	0.0020	0.9940	0.0020
0.2503	0.0020	0.7457	0.0020
0.0020	0.4980	0.4980	0.0020
0.0020	0.9940	0.0020	0.0020
0.0020	0.9940	0.0020	0.0020
0.0020	0.9940	0.0020	0.0020
0.9940	0.0020	0.0020	0.0020
0.0030	0.9910	0.0030	0.0030
>MA1097.1_ARALYDRAFT_493022
0.0030	0.0030	0.9910	0.0030
0.0030	0.0030	0.9910	0.0030
0.0030	0.3323	0.6617	0.0030
0.3323	0.6617	0.0030	0.0030
0.0030	0.9910	0.0030	0.0030
0.0030	0.9910	0.0030	0.0030
0.9910	0.0030	0.0030	0.0030
0.0050	0.9850	0.0050	0.0050
>MA1095.1_ARALYDRAFT_495258
0.0020	0.0020	0.9940	0.0020
0.2503	0.0020	0.7457	0.0020
0.0020	0.4980	0.4980	0.0020
0.0020	0.9940	0.0020	0.0020
0.0020	0.9940	0.0020	0.0020
0.0020	0.9940	0.0020	0.0020
0.9940	0.0020	0.0020	0.0020
0.0030	0.9910	0.0030	0.0030
>MA1096.1_ARALYDRAFT_496250
0.0030	0.0030	0.9910	0.0030
0.0020	0.0020	0.9940	0.0020
0.0020	0.0020	0.9940	0.0020
0.9940	0.0020	0.0020	0.0020
0.0020	0.9940	0.0020	0.0020
0.0020	0.9940	0.0020	0.0020
0.9940	0.0020	0.0020	0.0020
0.0030	0.9910	0.0030	0.0030
>MA1054.1_ARALYDRAFT_897773
0.0920	0.2780	0.1670	0.4630
0.0270	0.0791	0.4915	0.4024
0.0360	0.0040	0.8770	0.0830
0.0170	0.0070	0.9570	0.0190
0.0400	0.1250	0.8260	0.0090
0.7560	0.2150	0.0070	0.0220
0.0020	0.9490	0.0470	0.0020
0.0010	0.9960	0.0020	0.0010
0.8620	0.0020	0.1320	0.0040
0.0200	0.9070	0.0060	0.0670
>MA1338.1_AREB3
0.4114	0.0719	0.2492	0.2676
0.3763	0.0870	0.2375	0.2993
0.3344	0.0669	0.1639	0.4348
0.1288	0.0585	0.5870	0.2258
0.2375	0.1237	0.5987	0.0401
0.4331	0.1555	0.0000	0.4114
0.0017	0.5836	0.3946	0.0201
1.0000	0.0000	0.0000	0.0000
0.0000	1.0000	0.0000	0.0000
0.0000	0.0000	1.0000	0.0000
0.0000	0.0000	0.0000	1.0000
0.0000	0.0000	1.0000	0.0000
0.0000	0.0000	0.7057	0.2943
0.0234	0.9766	0.0000	0.0000
0.7692	0.0619	0.1271	0.0418
>MA0942.1_ARF1
0.7213	0.0020	0.2757	0.0010
0.0030	0.9920	0.0010	0.0040
0.0040	0.9920	0.0020	0.0020
0.0040	0.0020	0.9930	0.0010
0.9890	0.0030	0.0010	0.0070
0.0020	0.9940	0.0020	0.0020
0.9001	0.0040	0.0879	0.0080
0.2617	0.2198	0.2068	0.3117
>MA1685.1_ARF10
0.3151	0.5202	0.0946	0.0700
0.2840	0.3019	0.1014	0.3127
0.7126	0.0992	0.0973	0.0909
0.4272	0.1489	0.3553	0.0686
0.2566	0.2776	0.1654	0.3005
0.0668	0.0328	0.8695	0.0309
0.0134	0.0085	0.9683	0.0099
0.0094	0.0127	0.9714	0.0066
0.6915	0.0136	0.2882	0.0067
0.0196	0.0190	0.9580	0.0033
0.9596	0.0073	0.0306	0.0025
0.0057	0.9822	0.0074	0.0047
0.7386	0.0224	0.2304	0.0085
0.3133	0.4316	0.0866	0.1685
0.0846	0.3174	0.3337	0.2642
>MA1686.1_ARF13
0.6886	0.0945	0.0776	0.1394
0.4099	0.0646	0.4769	0.0485
0.0677	0.8000	0.0551	0.0772
0.0685	0.0172	0.8827	0.0315
0.0390	0.0035	0.9518	0.0057
0.0065	0.0065	0.9839	0.0030
0.0319	0.0080	0.9543	0.0058
0.0140	0.0102	0.9725	0.0032
0.8737	0.0132	0.1122	0.0010
0.0043	0.9855	0.0065	0.0037
0.9461	0.0039	0.0468	0.0032
0.0891	0.5095	0.0255	0.3759
0.0633	0.0616	0.7982	0.0768
0.0886	0.0614	0.1041	0.7459
>MA1687.1_ARF14
0.0778	0.7429	0.0614	0.1179
0.2168	0.0515	0.6823	0.0494
0.0449	0.2360	0.6795	0.0396
0.0376	0.2392	0.6914	0.0318
0.0633	0.2004	0.7061	0.0302
0.0316	0.0169	0.9442	0.0074
0.9123	0.0143	0.0674	0.0060
0.0057	0.9795	0.0085	0.0063
0.9715	0.0054	0.0176	0.0055
0.0221	0.3366	0.0088	0.6326
0.0210	0.0086	0.9637	0.0067
0.0211	0.0263	0.0135	0.9391
0.0210	0.9059	0.0160	0.0571
0.0535	0.2533	0.5855	0.1077
0.0898	0.2327	0.6234	0.0542
0.0649	0.2338	0.6276	0.0737
>MA1688.1_ARF16
0.3154	0.1881	0.2726	0.2240
0.4148	0.2098	0.2061	0.1693
0.1251	0.6776	0.1232	0.0741
0.7215	0.1213	0.0738	0.0834
0.8370	0.0733	0.0652	0.0245
0.0386	0.0478	0.8617	0.0520
0.9231	0.0181	0.0458	0.0129
0.0456	0.8913	0.0361	0.0269
0.9190	0.0281	0.0273	0.0255
0.8626	0.0333	0.0432	0.0609
0.0877	0.0721	0.7739	0.0663
0.6890	0.0890	0.1203	0.1018
0.2972	0.2665	0.1970	0.2393
0.3423	0.2104	0.2274	0.2199
>MA1689.1_ARF18
0.3522	0.2074	0.2102	0.2302
0.2503	0.3207	0.2685	0.1605
0.0275	0.8345	0.0179	0.1201
0.1237	0.8212	0.0325	0.0225
0.0215	0.0057	0.9646	0.0082
0.9778	0.0046	0.0139	0.0036
0.0032	0.9818	0.0089	0.0061
0.9553	0.0386	0.0043	0.0018
0.8194	0.0551	0.0747	0.0508
0.7419	0.0990	0.1148	0.0443
0.3178	0.2378	0.2667	0.1777
0.3568	0.1906	0.1963	0.2563
0.2606	0.2156	0.2260	0.2978
>MA1206.1_ARF2
0.4090	0.1937	0.0835	0.3139
0.2521	0.1018	0.3222	0.3239
0.0000	0.6594	0.3406	0.0000
0.3339	0.6411	0.0250	0.0000
0.1870	0.0000	0.8130	0.0000
0.9332	0.0000	0.0668	0.0000
0.0000	1.0000	0.0000	0.0000
0.9382	0.0618	0.0000	0.0000
0.4524	0.0952	0.2187	0.2337
0.3656	0.1452	0.3456	0.1436
>MA1690.1_ARF25
0.3871	0.3956	0.0633	0.1540
0.6938	0.0899	0.1006	0.1157
0.4865	0.1205	0.3356	0.0574
0.2463	0.4141	0.2056	0.1340
0.0662	0.0328	0.8705	0.0306
0.0252	0.0069	0.9631	0.0048
0.0092	0.0062	0.9811	0.0034
0.3617	0.0134	0.6159	0.0090
0.0310	0.0088	0.9530	0.0072
0.9386	0.0072	0.0525	0.0017
0.0061	0.9801	0.0101	0.0037
0.9560	0.0049	0.0362	0.0029
0.4669	0.3125	0.0503	0.1703
0.0694	0.1304	0.4349	0.3653
0.1006	0.1206	0.4118	0.3669
>MA1691.1_ARF27
0.2231	0.3318	0.2619	0.1832
0.2823	0.3000	0.1936	0.2242
0.3930	0.1259	0.2719	0.2092
0.1025	0.0982	0.7265	0.0728
0.0253	0.8981	0.0408	0.0357
0.8685	0.0930	0.0168	0.0217
0.0239	0.0136	0.9388	0.0237
0.9512	0.0195	0.0234	0.0059
0.0135	0.9574	0.0130	0.0161
0.9739	0.0111	0.0081	0.0069
0.1145	0.0684	0.0873	0.7299
0.2408	0.2193	0.3448	0.1950
0.2883	0.2343	0.2441	0.2334
>MA1692.1_ARF29
0.2370	0.2776	0.2500	0.2355
0.2767	0.2589	0.2374	0.2271
0.2421	0.2364	0.2131	0.3083
0.2814	0.2103	0.2438	0.2645
0.0893	0.0893	0.7621	0.0593
0.0382	0.8870	0.0280	0.0467
0.1099	0.8508	0.0221	0.0172
0.0158	0.0031	0.9714	0.0097
0.9641	0.0082	0.0229	0.0048
0.0031	0.9834	0.0069	0.0067
0.9160	0.0551	0.0231	0.0057
0.7600	0.0628	0.1149	0.0624
0.2921	0.2614	0.2921	0.1544
0.3049	0.2370	0.2664	0.1918
0.3095	0.2301	0.1885	0.2719
>MA1009.1_ARF3
0.0020	0.0040	0.0770	0.9170
0.0020	0.0030	0.9920	0.0030
0.0010	0.0160	0.0020	0.9810
0.0020	0.9910	0.0010	0.0060
0.0020	0.0080	0.9800	0.0100
0.0030	0.0240	0.9630	0.0100
0.6180	0.1240	0.2120	0.0460
0.5750	0.0950	0.1910	0.1390
>MA1693.1_ARF34
0.3283	0.1806	0.2686	0.2226
0.2742	0.2188	0.2629	0.2440
0.0272	0.9140	0.0382	0.0206
0.8335	0.0980	0.0411	0.0275
0.0255	0.0122	0.9524	0.0100
0.9197	0.0274	0.0436	0.0092
0.0102	0.9653	0.0164	0.0081
0.9609	0.0121	0.0127	0.0143
0.1023	0.0426	0.7192	0.1359
0.0863	0.8146	0.0579	0.0412
0.4020	0.2632	0.1900	0.1448
0.3092	0.2338	0.2519	0.2051
0.2262	0.2471	0.3100	0.2166
>MA1694.1_ARF35
0.2640	0.2583	0.2690	0.2087
0.2013	0.3084	0.2427	0.2475
0.4269	0.2077	0.2019	0.1635
0.1481	0.5376	0.2192	0.0950
0.0498	0.8779	0.0243	0.0480
0.0657	0.9002	0.0233	0.0108
0.0074	0.0030	0.9825	0.0072
0.9825	0.0032	0.0115	0.0028
0.0014	0.9906	0.0046	0.0034
0.9377	0.0504	0.0078	0.0042
0.6099	0.1107	0.1705	0.1089
0.1902	0.1802	0.5374	0.0922
0.3082	0.2312	0.2752	0.1854
0.2742	0.2559	0.1862	0.2838
>MA1695.1_ARF36
0.3852	0.1216	0.3973	0.0959
0.1397	0.5364	0.1463	0.1775
0.0983	0.0707	0.7881	0.0429
0.0389	0.0108	0.9292	0.0212
0.0468	0.0076	0.9394	0.0062
0.1340	0.0116	0.8478	0.0067
0.0481	0.0107	0.9329	0.0084
0.9318	0.0077	0.0580	0.0025
0.0073	0.9806	0.0074	0.0047
0.9635	0.0047	0.0281	0.0037
0.3030	0.3961	0.0529	0.2480
0.0831	0.1410	0.6509	0.1250
0.0966	0.1284	0.2180	0.5571
0.1132	0.5976	0.0675	0.2218
>MA1696.1_ARF39
0.1325	0.4931	0.1576	0.2168
0.1770	0.1416	0.5833	0.0981
0.1264	0.0079	0.8594	0.0064
0.0113	0.0066	0.9791	0.0030
0.0742	0.0113	0.8879	0.0265
0.5165	0.0071	0.4631	0.0133
0.9422	0.0071	0.0423	0.0084
0.0143	0.9651	0.0152	0.0054
0.9479	0.0261	0.0170	0.0091
0.1691	0.4503	0.1713	0.2092
0.1146	0.2532	0.5551	0.0772
0.1546	0.1271	0.1645	0.5538
>MA1697.1_ARF4
0.3021	0.2925	0.2598	0.1455
0.2568	0.3369	0.2693	0.1370
0.7855	0.1101	0.0534	0.0510
0.0563	0.8608	0.0501	0.0329
0.0503	0.0215	0.9110	0.0173
0.9680	0.0086	0.0168	0.0066
0.0053	0.9787	0.0111	0.0050
0.9238	0.0233	0.0407	0.0123
0.7892	0.1001	0.0365	0.0743
0.0474	0.0774	0.8377	0.0375
0.2891	0.2222	0.2877	0.2010
0.2627	0.2625	0.2333	0.2415
>MA0943.1_ARF5
0.3033	0.1602	0.4775	0.0591
0.0090	0.9680	0.0150	0.0080
0.0969	0.8971	0.0040	0.0020
0.0120	0.0010	0.9850	0.0020
0.9520	0.0010	0.0460	0.0010
0.0020	0.9920	0.0030	0.0030
0.7722	0.2238	0.0020	0.0020
0.4910	0.0980	0.2180	0.1930
>MA1698.1_ARF7
0.4280	0.2467	0.1850	0.1402
0.1907	0.4248	0.1833	0.2012
0.3250	0.1235	0.1139	0.4376
0.0617	0.0780	0.8180	0.0423
0.0278	0.9144	0.0332	0.0246
0.0347	0.9351	0.0157	0.0145
0.0204	0.0295	0.9346	0.0155
0.9351	0.0113	0.0433	0.0103
0.0044	0.9636	0.0187	0.0133
0.6536	0.0426	0.2942	0.0096
0.7749	0.1124	0.0563	0.0563
0.1031	0.1301	0.7144	0.0524
0.1897	0.2386	0.4320	0.1397
0.1963	0.2462	0.1808	0.3766
>MA0944.1_ARF8
0.2700	0.2330	0.2040	0.2930
0.2250	0.2590	0.1060	0.4100
0.0040	0.0000	0.0900	0.9060
0.0380	0.0010	0.9009	0.0601
0.0000	0.0130	0.0000	0.9870
0.0539	0.8621	0.0020	0.0819
0.0610	0.0270	0.7980	0.1140
0.1211	0.1381	0.6517	0.0891
0.2278	0.3367	0.2168	0.2188
>MA0271.1_ARG80
0.5633	0.0000	0.0000	0.4367
0.0000	0.0000	1.0000	0.0000
1.0000	0.0000	0.0000	0.0000
0.0000	1.0000	0.0000	0.0000
0.2292	0.0000	0.4115	0.3594
0.0000	0.9275	0.0000	0.0725
>MA0272.1_ARG81
0.2980	0.0606	0.4192	0.2222
0.0366	0.0000	0.0244	0.9390
0.0772	0.0000	0.9228	0.0000
1.0000	0.0000	0.0000	0.0000
0.0000	0.9963	0.0000	0.0037
0.0061	0.0000	0.0000	0.9939
0.0000	1.0000	0.0000	0.0000
0.3172	0.3172	0.0215	0.3441
>MA1463.1_ARGFX
0.2347	0.1055	0.2693	0.3906
0.1010	0.6552	0.0690	0.1747
0.0149	0.0625	0.0053	0.9173
0.9970	0.0028	0.0000	0.0002
1.0000	0.0000	0.0000	0.0000
0.0000	0.0000	0.0000	1.0000
0.0000	0.0026	0.0000	0.9974
0.8452	0.0254	0.0760	0.0534
0.5728	0.0312	0.3462	0.0499
0.4209	0.2470	0.1417	0.1904
>MA0151.1_Arid3a
0.9999	0.0000	0.0000	0.0000
0.0000	0.0000	0.0000	0.9999
0.0371	0.3333	0.0000	0.6296
0.9999	0.0000	0.0000	0.0000
0.9999	0.0000	0.0000	0.0000
0.7407	0.0000	0.0371	0.2222
>MA0601.1_Arid3b
0.4685	0.1772	0.1772	0.1772
0.2733	0.0801	0.0801	0.5666
0.6090	0.1190	0.0340	0.2380
0.1041	0.0000	0.0000	0.8959
0.0000	0.0000	0.0000	1.0000
1.0000	0.0000	0.0000	0.0000
0.9110	0.0000	0.0000	0.0890
0.0890	0.0000	0.0000	0.9110
0.2617	0.1678	0.0729	0.4975
0.4900	0.1700	0.1700	0.1700
0.3514	0.2162	0.2162	0.2162
>MA0602.1_Arid5a
0.1782	0.4257	0.2277	0.1683
0.1616	0.3232	0.0303	0.4848
0.8500	0.0300	0.0700	0.0500
0.9697	0.0000	0.0101	0.0202
0.0600	0.0000	0.0100	0.9300
0.9208	0.0099	0.0099	0.0594
0.0200	0.0100	0.0100	0.9600
0.0400	0.0900	0.0400	0.8300
0.2300	0.0300	0.5200	0.2200
0.3434	0.3535	0.1818	0.1212
0.2900	0.1300	0.2700	0.3100
0.5700	0.0800	0.1900	0.1600
0.2900	0.1800	0.2600	0.2700
0.3434	0.2323	0.1515	0.2727
>MA0004.1_Arnt
0.2000	0.7999	0.0000	0.0000
0.9499	0.0000	0.0500	0.0000
0.0000	0.9999	0.0000	0.0000
0.0000	0.0000	0.9999	0.0000
0.0000	0.0000	0.0000	0.9999
0.0000	0.0000	0.9999	0.0000
>MA0259.1_ARNT::HIF1A
0.2596	0.2692	0.4711	0.0000
0.0962	0.2788	0.3269	0.2981
0.7500	0.0192	0.2212	0.0096
0.0000	0.9904	0.0000	0.0096
0.0000	0.0000	1.0000	0.0000
0.0000	0.0000	0.0000	1.0000
0.0000	0.0000	1.0000	0.0000
0.1731	0.4904	0.1923	0.1442
>MA1464.1_ARNT2
0.2515	0.0911	0.6158	0.0417
0.1481	0.0758	0.1474	0.6286
0.0122	0.9850	0.0028	0.0000
0.9733	0.0029	0.0127	0.0110
0.0000	0.9964	0.0000	0.0036
0.0021	0.0000	0.9979	0.0000
0.0154	0.0220	0.0026	0.9600
0.0003	0.0000	0.9763	0.0233
0.3590	0.4268	0.0757	0.1385
0.1943	0.3064	0.2962	0.2031
>MA0603.1_Arntl
0.2510	0.2290	0.2610	0.2590
0.2460	0.1250	0.5580	0.0710
0.0619	0.0440	0.1429	0.7512
0.0030	0.9970	0.0000	0.0000
0.9530	0.0160	0.0100	0.0210
0.0020	0.9650	0.0090	0.0240
0.0480	0.0030	0.9460	0.0030
0.0540	0.0580	0.0510	0.8370
0.0090	0.0040	0.9389	0.0480
0.2550	0.3310	0.1460	0.2680
>MA0273.1_ARO80
0.1022	0.1553	0.5321	0.2104
0.3307	0.1934	0.3016	0.1743
0.1263	0.2325	0.3176	0.3236
0.4074	0.2533	0.2032	0.1361
0.3908	0.1934	0.2295	0.1864
0.3106	0.1984	0.1353	0.3557
0.0831	0.1542	0.3363	0.4264
0.0400	0.7447	0.0300	0.1852
0.0050	0.2317	0.0080	0.7553
0.0050	0.9890	0.0010	0.0050
0.0010	0.0220	0.9760	0.0010
0.0010	0.0050	0.9920	0.0020
0.0150	0.3597	0.2956	0.3297
0.6713	0.0040	0.0060	0.3186
0.6907	0.0681	0.0601	0.1812
0.1052	0.2224	0.3727	0.2996
0.2693	0.1191	0.1932	0.4184
0.3537	0.2104	0.2054	0.2305
0.2573	0.2172	0.1782	0.3473
0.2365	0.1032	0.3497	0.3106
0.2786	0.2525	0.1703	0.2986
>MA0274.1_ARR1
1.0000	0.0000	0.0000	0.0000
0.1194	0.3731	0.1443	0.3632
0.1604	0.3743	0.0000	0.4652
0.0000	0.0000	0.0000	1.0000
0.3120	0.0000	0.6880	0.0000
0.7088	0.2253	0.0659	0.0000
0.8106	0.0000	0.1716	0.0178
0.0671	0.0000	0.1463	0.7866
>MA0945.1_ARR1
0.4060	0.1680	0.2080	0.2180
0.1722	0.2923	0.3433	0.1922
0.2967	0.4655	0.1389	0.0989
0.3060	0.0830	0.5640	0.0470
0.4230	0.0220	0.2350	0.3200
0.9660	0.0000	0.0000	0.0340
0.0210	0.0010	0.0010	0.9770
0.0560	0.8970	0.0040	0.0430
0.1431	0.1562	0.0911	0.6096
0.2570	0.1900	0.1810	0.3720
>MA0121.1_ARR10
0.9332	0.0667	0.0001	0.0001
0.0001	0.0001	0.9998	0.0001
0.9332	0.0001	0.0667	0.0001
0.0001	0.0001	0.0001	0.9998
0.2667	0.4000	0.0001	0.3333
0.0667	0.5333	0.0001	0.4000
0.0001	0.0001	0.5999	0.4000
0.2000	0.4000	0.2667	0.1334
>MA0946.1_ARR11
0.6250	0.0510	0.0550	0.2690
0.9279	0.0110	0.0290	0.0320
0.0050	0.0020	0.9820	0.0110
0.9900	0.0020	0.0040	0.0040
0.0070	0.0030	0.0020	0.9880
0.7320	0.0220	0.0040	0.2420
0.0030	0.8330	0.0020	0.1620
0.0140	0.0050	0.9680	0.0130
>MA0947.1_ARR14
0.9450	0.0050	0.0260	0.0240
0.0020	0.0010	0.9840	0.0130
0.9910	0.0010	0.0030	0.0050
0.0020	0.0030	0.0020	0.9930
0.5060	0.1540	0.0010	0.3390
0.0010	0.9600	0.0010	0.0380
0.0100	0.0050	0.9590	0.0260
0.0830	0.4840	0.4010	0.0320
>MA0948.1_ARR18
0.3243	0.2252	0.2252	0.2252
0.2020	0.2020	0.2020	0.3940
0.2740	0.3700	0.1780	0.1780
0.3293	0.1862	0.1942	0.2903
0.8348	0.0250	0.0250	0.1151
0.0000	0.0880	0.9120	0.0000
1.0000	0.0000	0.0000	0.0000
0.0000	0.0000	0.0000	1.0000
0.7280	0.0250	0.0250	0.2220
0.0480	0.6730	0.0480	0.2310
0.1590	0.0720	0.6970	0.0720
0.3413	0.2432	0.2643	0.1512
0.2248	0.2248	0.2248	0.3257
>MA0949.1_ARR2
0.1742	0.2573	0.3944	0.1742
0.3380	0.5720	0.0450	0.0450
0.2140	0.0000	0.7860	0.0000
0.4765	0.0000	0.2142	0.3093
1.0000	0.0000	0.0000	0.0000
0.0000	0.0000	0.0000	1.0000
0.0000	1.0000	0.0000	0.0000
0.0000	0.0000	0.0000	1.0000
0.1618	0.0759	0.0759	0.6863
0.2048	0.2048	0.2048	0.3856
>MA0874.1_Arx
0.2400	0.2200	0.4000	0.1400
0.1300	0.1600	0.1900	0.5200
0.1584	0.3663	0.2871	0.1881
0.2178	0.5544	0.1287	0.0990
0.4950	0.0594	0.3762	0.0693
0.0100	0.3800	0.0100	0.6000
0.0100	0.1300	0.0000	0.8600
0.9899	0.0000	0.0000	0.0101
0.9802	0.0000	0.0099	0.0099
0.0099	0.0099	0.0000	0.9802
0.0101	0.0000	0.0000	0.9899
0.8600	0.0000	0.1300	0.0100
0.6000	0.0100	0.3800	0.0100
0.1600	0.1600	0.1400	0.5400
0.1800	0.1100	0.4400	0.2700
0.0900	0.3600	0.3700	0.1800
0.5300	0.1000	0.0700	0.3000
>MA1100.2_ASCL1
0.2870	0.2098	0.3387	0.1645
0.2523	0.0985	0.5823	0.0669
0.0000	0.9968	0.0000	0.0032
0.9103	0.0324	0.0124	0.0450
0.0166	0.2002	0.6860	0.0972
0.1125	0.6808	0.2036	0.0031
0.0252	0.0051	0.0259	0.9438
0.0116	0.0000	0.9820	0.0065
0.0327	0.5671	0.1506	0.2496
0.1910	0.3370	0.2015	0.2706
>MA1631.1_ASCL1(var.2)
0.1989	0.3436	0.2437	0.2138
0.2606	0.2328	0.2503	0.2563
0.1699	0.1937	0.5407	0.0958
0.0054	0.9769	0.0093	0.0084
0.9406	0.0164	0.0250	0.0180
0.0047	0.8781	0.0934	0.0237
0.0057	0.9722	0.0177	0.0044
0.0107	0.0215	0.0143	0.9534
0.0073	0.0130	0.9725	0.0072
0.0116	0.8396	0.0791	0.0697
0.1307	0.5205	0.0863	0.2625
0.2062	0.3072	0.2602	0.2264
0.1738	0.3492	0.2432	0.2338
>MA0816.1_Ascl2
0.6733	0.1023	0.1790	0.0455
0.3743	0.1199	0.5029	0.0029
0.0099	0.9868	0.0000	0.0033
0.9524	0.0000	0.0000	0.0476
0.0201	0.0661	0.8621	0.0517
0.0098	0.9804	0.0065	0.0033
0.0132	0.0000	0.0000	0.9868
0.0000	0.0033	0.9901	0.0066
0.0187	0.6417	0.0467	0.2928
0.0939	0.2790	0.0773	0.5497
>MA0275.1_ASG1
0.0000	0.7600	0.0000	0.2400
0.0000	1.0000	0.0000	0.0000
0.0000	0.0000	1.0000	0.0000
0.0000	0.0000	1.0000	0.0000
0.7273	0.1111	0.1616	0.0000
0.5300	0.0000	0.0000	0.4700
>MA0276.1_ASH1
0.0000	0.8365	0.0304	0.1331
0.0000	0.9898	0.0000	0.0102
0.2711	0.0933	0.5911	0.0444
0.2578	0.2400	0.4489	0.0533
0.7065	0.0000	0.2935	0.0000
0.0000	0.0663	0.0482	0.8855
0.1460	0.6637	0.0354	0.1549
0.4040	0.0000	0.4646	0.1313
0.0000	0.0290	0.9022	0.0688
0.0000	0.0000	0.9343	0.0657
>MA1661.1_AT-GTL1
0.4585	0.0885	0.1892	0.2637
0.2926	0.2358	0.1184	0.3532
0.0224	0.0065	0.9534	0.0177
0.0391	0.0047	0.9506	0.0056
0.0447	0.0028	0.0867	0.8658
0.2796	0.0158	0.0690	0.6356
0.9674	0.0047	0.0112	0.0168
0.9627	0.0121	0.0093	0.0158
0.9282	0.0103	0.0121	0.0494
0.8891	0.0168	0.0214	0.0727
0.3812	0.1174	0.1286	0.3728
0.3318	0.1156	0.1799	0.3728
>MA1259.1_AT1G01250
0.2815	0.1311	0.3881	0.1993
0.2990	0.1573	0.2937	0.2500
0.3409	0.2028	0.1101	0.3462
0.3566	0.0822	0.2168	0.3444
0.1801	0.1276	0.3217	0.3706
0.0210	0.1119	0.0122	0.8549
0.0000	0.0000	1.0000	0.0000
0.0699	0.0017	0.0455	0.8829
0.0000	1.0000	0.0000	0.0000
0.0000	0.0000	1.0000	0.0000
0.0000	0.0000	1.0000	0.0000
0.0017	0.0804	0.0000	0.9178
0.0297	0.0122	0.9441	0.0140
0.2832	0.1171	0.5385	0.0612
0.2885	0.2605	0.1224	0.3287
>MA1387.1_AT1G13300
0.3926	0.1426	0.2164	0.2483
0.2114	0.1107	0.4866	0.1913
0.4362	0.1175	0.1544	0.2919
0.6577	0.0805	0.0755	0.1862
0.1695	0.1191	0.0570	0.6544
0.2215	0.5067	0.1628	0.1091
0.2416	0.1695	0.4195	0.1695
0.7097	0.0537	0.1023	0.1342
0.9195	0.0000	0.0336	0.0470
0.0000	0.0000	0.6795	0.3205
1.0000	0.0000	0.0000	0.0000
0.0000	0.0000	0.0000	1.0000
0.0419	0.0369	0.0067	0.9144
0.0000	1.0000	0.0000	0.0000
0.0721	0.4195	0.0470	0.4614
>MA1160.1_AT1G14580
0.2521	0.1488	0.1322	0.4669
0.2521	0.1322	0.1405	0.4752
0.2479	0.1777	0.1322	0.4421
0.2975	0.1116	0.1157	0.4752
0.2397	0.0950	0.1157	0.5496
0.1033	0.0620	0.0455	0.7892
0.0000	0.0248	0.0207	0.9545
0.0000	0.0083	0.0000	0.9917
0.0000	0.0248	0.0041	0.9711
0.0000	0.0041	0.9917	0.0041
0.0000	0.0083	0.0620	0.9297
0.0083	0.9793	0.0000	0.0124
0.0537	0.0868	0.6364	0.2231
0.0083	0.0372	0.0579	0.8967
0.0289	0.1322	0.0537	0.7851
0.1446	0.0000	0.0248	0.8306
0.2686	0.0207	0.0041	0.7066
0.0868	0.3678	0.4463	0.0992
0.0165	0.2727	0.0165	0.6942
0.1570	0.0620	0.4835	0.2975
>MA1400.1_At1g19000
0.4541	0.0367	0.1219	0.3873
0.5326	0.0150	0.0467	0.4057
0.4708	0.0451	0.2270	0.2571
0.0551	0.1352	0.0017	0.8080
0.0484	0.0000	0.9516	0.0000
0.0000	0.0000	1.0000	0.0000
1.0000	0.0000	0.0000	0.0000
0.0000	0.0000	0.0000	1.0000
0.9683	0.0134	0.0083	0.0100
0.9249	0.0000	0.0551	0.0200
0.1369	0.0935	0.5643	0.2053
0.2871	0.1018	0.5326	0.0785
0.2688	0.1436	0.0801	0.5075
0.2821	0.1185	0.1436	0.4558
>MA1255.1_AT1G22810
0.1342	0.0554	0.6997	0.1107
0.1980	0.1107	0.5688	0.1225
0.2198	0.3725	0.0688	0.3389
0.1460	0.0621	0.5822	0.2097
0.1711	0.0369	0.6258	0.1661
0.0688	0.3020	0.0369	0.5923
0.0000	0.0000	1.0000	0.0000
0.2047	0.0503	0.5034	0.2416
0.0151	0.8926	0.0000	0.0923
0.0017	0.0000	0.9983	0.0000
0.0168	0.0000	0.9782	0.0050
0.0520	0.2148	0.0000	0.7332
0.0101	0.0000	0.9664	0.0235
0.2164	0.0755	0.6862	0.0218
0.3926	0.2752	0.0721	0.2601
>MA1263.1_AT1G36060
0.3880	0.0351	0.2425	0.3344
0.2207	0.0619	0.2224	0.4950
0.0836	0.0753	0.4632	0.3779
0.0000	0.0000	1.0000	0.0000
0.1957	0.0318	0.2860	0.4866
0.0000	1.0000	0.0000	0.0000
0.0000	0.0000	1.0000	0.0000
0.0000	0.0000	0.9983	0.0017
0.0000	0.2324	0.0000	0.7676
0.0134	0.0301	0.8946	0.0619
0.1856	0.1171	0.6321	0.0652
0.3311	0.2860	0.1054	0.2776
0.1839	0.0903	0.5334	0.1923
0.3027	0.1304	0.4114	0.1555
>MA1222.1_AT1G44830
0.1025	0.5748	0.0874	0.2353
0.1345	0.6639	0.0672	0.1345
0.3950	0.0958	0.2336	0.2756
0.1277	0.6067	0.0824	0.1832
0.1311	0.6807	0.0555	0.1328
0.2403	0.0420	0.3462	0.3714
0.0387	0.7496	0.0655	0.1462
0.0017	0.9950	0.0000	0.0034
0.8588	0.0000	0.1227	0.0185
0.0000	1.0000	0.0000	0.0000
0.0000	1.0000	0.0000	0.0000
0.0454	0.0000	0.9546	0.0000
0.2756	0.5160	0.0151	0.1933
0.0000	0.9933	0.0000	0.0067
0.5899	0.0034	0.2303	0.1765
>MA1275.1_AT1G47655
0.2633	0.2400	0.2567	0.2400
0.2200	0.2633	0.3400	0.1767
0.5717	0.1400	0.1467	0.1417
0.5533	0.0033	0.0050	0.4383
1.0000	0.0000	0.0000	0.0000
1.0000	0.0000	0.0000	0.0000
0.9067	0.0000	0.0933	0.0000
0.0000	0.0000	1.0000	0.0000
0.0000	0.1433	0.0383	0.8183
0.5700	0.0017	0.3783	0.0500
0.4967	0.0750	0.2583	0.1700
>MA1186.1_At1g49010
0.3155	0.2538	0.1402	0.2905
0.3322	0.1720	0.1035	0.3923
0.2705	0.1870	0.1052	0.4374
0.5426	0.1085	0.0902	0.2588
0.5509	0.0334	0.0518	0.3639
0.0234	0.5359	0.0518	0.3890
0.1486	0.7145	0.1119	0.0250
0.0301	0.0200	0.0000	0.9499
0.0401	0.0902	0.0000	0.8698
0.9983	0.0000	0.0000	0.0017
0.0000	0.0000	0.0000	1.0000
0.0000	1.0000	0.0000	0.0000
0.1352	0.4658	0.0067	0.3923
0.4057	0.0818	0.0785	0.4341
0.3239	0.3372	0.0401	0.2988
>MA1268.1_AT1G69570
0.2198	0.2013	0.0956	0.4832
0.2315	0.1426	0.1040	0.5218
0.1527	0.0856	0.1376	0.6242
0.1258	0.0705	0.1896	0.6141
0.1141	0.4413	0.0369	0.4077
0.5839	0.1208	0.1359	0.1594
0.0000	1.0000	0.0000	0.0000
0.0000	0.0403	0.0000	0.9597
0.0000	0.0067	0.0000	0.9933
0.0000	0.0000	0.0000	1.0000
0.1493	0.0352	0.0134	0.8020
0.1342	0.1728	0.1007	0.5923
0.1644	0.4195	0.0990	0.3171
0.1342	0.2534	0.0503	0.5621
0.1091	0.1342	0.0352	0.7215
0.1107	0.1040	0.0419	0.7433
0.1409	0.1007	0.0570	0.7013
0.1628	0.1829	0.0604	0.5940
0.1309	0.2383	0.1007	0.5302
0.1913	0.1846	0.0856	0.5386
0.1225	0.1678	0.1141	0.5956
0.1342	0.1376	0.0940	0.6342
0.1661	0.1275	0.0872	0.6191
0.2030	0.1661	0.0990	0.5319
0.1913	0.1493	0.1359	0.5235
0.2248	0.1644	0.1225	0.4883
0.2567	0.2047	0.0805	0.4581
>MA1288.1_At1g72010
0.3815	0.1563	0.1832	0.2790
0.2773	0.1462	0.1882	0.3882
0.0202	0.0034	0.9765	0.0000
0.0000	0.0420	0.0000	0.9580
0.0017	0.0000	0.9983	0.0000
0.0000	0.0000	1.0000	0.0000
0.0958	0.0050	0.8622	0.0370
0.2891	0.3815	0.0975	0.2319
0.0000	1.0000	0.0000	0.0000
0.0017	0.9983	0.0000	0.0000
0.0756	0.7378	0.0151	0.1714
0.7412	0.0420	0.1462	0.0706
0.0857	0.5395	0.1176	0.2571
>MA1353.1_AT1G72740
0.3117	0.1567	0.3717	0.1600
0.3117	0.1183	0.4033	0.1667
0.4633	0.0383	0.3833	0.1150
0.4233	0.0167	0.1283	0.4317
