# JASPAR2018_plants motif database
# Retrieved from: http://jaspar.genereg.net/download/CORE/JASPAR2018_CORE_plants_non-redundant_pfms_jaspar.txt
# Date: 2018-10-17
>MA0020.1_Dof2
0.9999	0.0000	0.0000	0.0000
0.9999	0.0000	0.0000	0.0000
0.9999	0.0000	0.0000	0.0000
0.0000	0.0000	0.9999	0.0000
0.1429	0.6666	0.0953	0.0953
0.3333	0.2857	0.1429	0.2381
>MA0021.1_Dof3
0.9999	0.0000	0.0000	0.0000
0.9999	0.0000	0.0000	0.0000
0.9999	0.0000	0.0000	0.0000
0.0000	0.0000	0.9999	0.0000
0.0000	0.4761	0.1429	0.3809
0.2857	0.2857	0.4285	0.0000
>MA0034.1_Gam1
0.1600	0.2400	0.4400	0.1600
0.4000	0.2000	0.2800	0.1200
0.1200	0.5200	0.0000	0.3600
0.9199	0.0400	0.0400	0.0000
0.9999	0.0000	0.0000	0.0000
0.0400	0.9599	0.0000	0.0000
0.1200	0.5600	0.2400	0.0800
0.2400	0.0000	0.7599	0.0000
0.4000	0.4400	0.0000	0.1600
0.2000	0.7599	0.0400	0.0000
>MA0044.1_HMG-1
0.0001	0.3846	0.6153	0.0001
0.0001	0.0001	0.2308	0.7691
0.0001	0.3077	0.0001	0.6922
0.0001	0.1539	0.7691	0.0770
0.0001	0.0770	0.0001	0.9229
0.4615	0.0770	0.2308	0.2308
0.2308	0.3846	0.0001	0.3846
0.0001	0.0770	0.1539	0.7691
0.0001	0.6153	0.0770	0.3077
>MA0045.1_HMG-I/Y
0.2143	0.3571	0.2857	0.1429
0.4999	0.0001	0.2143	0.2857
0.6427	0.0715	0.0715	0.2143
0.2143	0.4285	0.2857	0.0715
0.7856	0.0001	0.2143	0.0001
0.7856	0.0001	0.1429	0.0715
0.7856	0.0001	0.1429	0.0715
0.2143	0.2143	0.1429	0.4285
0.2857	0.0715	0.5713	0.0715
0.2143	0.2857	0.4285	0.0715
0.5713	0.3571	0.0715	0.0001
0.5713	0.0715	0.2857	0.0715
0.6427	0.0001	0.1429	0.2143
0.6427	0.3571	0.0001	0.0001
0.7856	0.0001	0.2143	0.0001
0.1429	0.4999	0.0001	0.3571
>MA0053.1_MNB1A
0.9998	0.0001	0.0001	0.0001
0.9998	0.0001	0.0001	0.0001
0.9998	0.0001	0.0001	0.0001
0.0001	0.0001	0.9998	0.0001
0.2000	0.5999	0.0001	0.2000
>MA0054.1_myb.Ph3
0.2714	0.0429	0.0286	0.6571
0.9142	0.0143	0.0286	0.0429
0.9000	0.0000	0.0286	0.0714
0.0572	0.8857	0.0429	0.0143
0.1429	0.3857	0.2286	0.2429
0.1429	0.0286	0.7571	0.0714
0.1857	0.1143	0.0000	0.7000
0.0429	0.2429	0.0143	0.7000
0.4000	0.0143	0.0000	0.5857
>MA0064.1_PBF
0.9998	0.0001	0.0001	0.0001
0.9998	0.0001	0.0001	0.0001
0.9998	0.0001	0.0001	0.0001
0.0001	0.0001	0.9998	0.0001
0.0625	0.5624	0.0625	0.3125
>MA0082.1_squamosa
0.3667	0.4666	0.0334	0.1333
0.0000	0.7333	0.0000	0.2667
0.7999	0.0000	0.1333	0.0667
0.5333	0.0667	0.0334	0.3667
0.7666	0.0000	0.0000	0.2333
0.5666	0.0000	0.0000	0.4333
0.7999	0.0334	0.0000	0.1667
0.2667	0.0000	0.0334	0.6999
0.4666	0.0334	0.5000	0.0000
0.0334	0.0334	0.9332	0.0000
0.4666	0.1667	0.0334	0.3333
0.8333	0.1667	0.0000	0.0000
0.6999	0.0667	0.1000	0.1333
0.2333	0.1667	0.2667	0.3333
>MA0096.1_bZIP910
0.4286	0.4286	0.1429	0.0000
0.0000	0.0000	0.0000	0.9999
0.0000	0.0000	0.9999	0.0000
0.9999	0.0000	0.0000	0.0000
0.0000	0.9999	0.0000	0.0000
0.0000	0.0000	0.9999	0.0000
0.0000	0.0000	0.0000	0.9999
>MA0097.1_bZIP911
0.0303	0.0000	0.9393	0.0303
0.5151	0.0000	0.4848	0.0000
0.0000	0.0000	0.0000	0.9999
0.0000	0.0000	0.9999	0.0000
0.9999	0.0000	0.0000	0.0000
0.0000	0.9999	0.0000	0.0000
0.0000	0.0000	0.9999	0.0000
0.0000	0.0000	0.0000	0.9999
0.0000	0.0303	0.9696	0.0000
0.0303	0.0000	0.6666	0.3030
0.3333	0.6060	0.0303	0.0303
0.0303	0.9696	0.0000	0.0000
>MA0120.1_id1
0.0417	0.0417	0.0834	0.8332
0.1250	0.1250	0.1667	0.5833
0.0417	0.0834	0.3750	0.5000
0.0000	0.3750	0.1250	0.5000
0.0000	0.5416	0.1667	0.2917
0.0834	0.4583	0.1667	0.2917
0.1250	0.3333	0.0834	0.4583
0.0417	0.0417	0.0417	0.8749
0.3333	0.2083	0.0417	0.4166
0.0000	0.2500	0.2917	0.4583
0.0000	0.7083	0.0000	0.2917
0.0834	0.0000	0.7499	0.1667
>MA0121.1_ARR10
0.9332	0.0667	0.0001	0.0001
0.0001	0.0001	0.9998	0.0001
0.9332	0.0001	0.0667	0.0001
0.0001	0.0001	0.0001	0.9998
0.2667	0.4000	0.0001	0.3333
0.0667	0.5333	0.0001	0.4000
0.0001	0.0001	0.5999	0.4000
0.2000	0.4000	0.2667	0.1334
>MA0123.1_abi4
0.0000	0.9999	0.0000	0.0000
0.2449	0.0000	0.7551	0.0000
0.0000	0.4082	0.5918	0.0000
0.0000	0.4694	0.0204	0.5102
0.0204	0.0612	0.9183	0.0000
0.0000	0.9183	0.0816	0.0000
0.1021	0.5714	0.1225	0.2041
0.0612	0.5102	0.2245	0.2041
0.0612	0.6326	0.1021	0.2041
0.0816	0.5306	0.1429	0.2449
>MA0127.1_PEND
0.7142	0.0476	0.1905	0.0476
0.1429	0.4524	0.1667	0.2381
0.0238	0.0000	0.0476	0.9285
0.0953	0.0000	0.0953	0.8095
0.0714	0.7857	0.0476	0.0953
0.0000	0.0476	0.0476	0.9047
0.0476	0.0000	0.0238	0.9285
0.7619	0.1667	0.0476	0.0238
0.0953	0.0714	0.0000	0.8333
0.0476	0.1191	0.3333	0.5000
>MA0128.1_EmBP-1
0.6922	0.0001	0.0001	0.3077
0.0770	0.5384	0.3077	0.0770
0.9998	0.0001	0.0001	0.0001
0.0001	0.9229	0.0001	0.0770
0.0001	0.0001	0.9998	0.0001
0.0001	0.0001	0.0001	0.9998
0.0001	0.0770	0.9229	0.0001
0.0001	0.0770	0.9229	0.0001
>MA0129.1_TGA1A
0.2667	0.2667	0.0001	0.4666
0.8665	0.0001	0.0667	0.0667
0.0001	0.9332	0.0001	0.0667
0.1334	0.0001	0.8665	0.0001
0.0667	0.0001	0.0001	0.9332
0.0001	0.9998	0.0001	0.0001
0.8665	0.0001	0.0667	0.0667
>MA0549.1_BZR2
0.2323	0.4545	0.1010	0.2121
0.4141	0.0808	0.5050	0.0000
0.0000	1.0000	0.0000	0.0000
0.8990	0.0000	0.0404	0.0606
0.0000	1.0000	0.0000	0.0000
0.0000	0.0000	1.0000	0.0000
0.0000	0.0000	0.0000	1.0000
0.0303	0.0000	0.9697	0.0000
0.1616	0.0505	0.3636	0.4242
0.1717	0.3333	0.4646	0.0303
0.3636	0.2929	0.3333	0.0101
>MA0551.1_HY5
0.3219	0.1875	0.2125	0.2781
0.3375	0.1750	0.1938	0.2937
0.1625	0.1719	0.0938	0.5719
0.0281	0.0250	0.8719	0.0750
0.4687	0.5156	0.0031	0.0125
0.0000	0.9906	0.0031	0.0063
0.9687	0.0031	0.0281	0.0000
0.0094	0.9719	0.0156	0.0031
0.0031	0.0156	0.9719	0.0094
0.0000	0.0281	0.0031	0.9687
0.0063	0.0031	0.9906	0.0000
0.0125	0.0031	0.5156	0.4687
0.0750	0.8719	0.0250	0.0281
0.5719	0.0938	0.1719	0.1625
0.2937	0.1938	0.1750	0.3375
0.2781	0.2125	0.1875	0.3219
>MA0552.1_PIF1
0.3246	0.1053	0.3246	0.2456
0.2193	0.0000	0.4649	0.3158
0.3070	0.2456	0.2544	0.1930
0.4649	0.0702	0.3509	0.1140
0.2368	0.2368	0.2807	0.2456
0.0790	0.1491	0.6403	0.1316
0.3333	0.1228	0.1228	0.4210
0.0000	0.9035	0.0965	0.0000
1.0000	0.0000	0.0000	0.0000
0.0000	0.9912	0.0088	0.0000
0.0000	0.0000	1.0000	0.0000
0.0000	0.0176	0.0000	0.9824
0.0000	0.0000	1.0000	0.0000
0.1930	0.2018	0.4474	0.1579
>MA0553.1_SMZ
0.0000	0.7143	0.0000	0.2857
0.0000	0.8095	0.1905	0.0000
0.0000	0.0000	0.0000	1.0000
0.0000	1.0000	0.0000	0.0000
0.0000	0.0000	1.0000	0.0000
0.0000	0.0000	0.1701	0.8299
0.9183	0.0816	0.0000	0.0000
0.0000	1.0000	0.0000	0.0000
>MA0554.1_SOC1
0.3243	0.1385	0.1115	0.4257
0.1937	0.2973	0.1273	0.3818
0.0732	0.0304	0.0383	0.8581
0.0698	0.0000	0.0574	0.8727
0.1318	0.0529	0.1002	0.7151
0.0225	0.9628	0.0146	0.0000
0.0000	0.6948	0.0101	0.2950
0.5169	0.0417	0.0631	0.3784
0.1543	0.0878	0.0000	0.7579
0.1464	0.0068	0.0000	0.8468
0.0248	0.0090	0.0000	0.9662
0.1104	0.0270	0.0000	0.8626
0.1014	0.0800	0.0968	0.7218
0.2038	0.0113	0.7691	0.0158
0.0191	0.0259	0.7489	0.2061
>MA0555.1_SVP
0.3043	0.2609	0.2283	0.2065
0.3043	0.1196	0.0870	0.4891
0.3043	0.0109	0.1087	0.5761
0.3587	0.1739	0.1196	0.3478
0.0761	0.9239	0.0000	0.0000
0.0326	0.8587	0.0109	0.0978
0.6304	0.1739	0.0761	0.1196
0.7282	0.0544	0.0870	0.1304
0.9348	0.0000	0.0000	0.0652
0.8369	0.0109	0.0217	0.1304
0.8478	0.0870	0.0326	0.0326
0.3696	0.1087	0.1522	0.3696
0.1739	0.0000	0.8043	0.0217
0.0000	0.0000	1.0000	0.0000
0.7717	0.1087	0.0000	0.1196
0.9130	0.0217	0.0217	0.0435
0.8369	0.0761	0.0217	0.0652
0.3696	0.0870	0.4239	0.1196
0.5435	0.1739	0.0544	0.2283
0.4130	0.2283	0.0326	0.3261
>MA0556.1_AP3
0.3162	0.1237	0.0687	0.4914
0.2887	0.1134	0.1340	0.4639
0.1649	0.8282	0.0000	0.0069
0.0000	0.7972	0.0034	0.1993
0.6357	0.2096	0.0378	0.1168
0.7457	0.0756	0.0378	0.1409
0.9725	0.0000	0.0000	0.0275
0.8247	0.0034	0.0000	0.1718
0.5361	0.0344	0.3574	0.0722
0.3265	0.0000	0.1031	0.5704
0.3368	0.0069	0.6564	0.0000
0.0241	0.0000	0.9759	0.0000
0.6289	0.1924	0.0172	0.1615
0.7938	0.0619	0.0309	0.1134
0.8350	0.0309	0.0653	0.0687
>MA0557.1_FHY3
0.1957	0.3447	0.1702	0.2894
0.3191	0.2468	0.1064	0.3277
0.0383	0.8936	0.0383	0.0298
0.9617	0.0128	0.0085	0.0170
0.0085	0.9787	0.0043	0.0085
0.0128	0.0681	0.9064	0.0128
0.0000	0.9362	0.0000	0.0638
0.0170	0.0000	0.9702	0.0128
0.0766	0.8851	0.0255	0.0128
0.0681	0.1702	0.0723	0.6894
0.2681	0.2894	0.1702	0.2723
0.3489	0.1872	0.2128	0.2511
>MA0558.1_FLC
0.4400	0.1600	0.1636	0.2364
0.3273	0.2218	0.2291	0.2218
0.3455	0.1345	0.0764	0.4436
0.2982	0.0945	0.1309	0.4764
0.2836	0.0909	0.2400	0.3855
0.1964	0.7018	0.0436	0.0582
0.0327	0.6727	0.0145	0.2800
0.4909	0.2545	0.1345	0.1200
0.7200	0.0364	0.1382	0.1055
0.9491	0.0000	0.0109	0.0400
0.8473	0.0109	0.0109	0.1309
0.7018	0.0109	0.0655	0.2218
0.2836	0.0400	0.0545	0.6218
0.5127	0.0000	0.4873	0.0000
0.0000	0.0000	1.0000	0.0000
0.7891	0.0764	0.0218	0.1127
0.9745	0.0109	0.0145	0.0000
0.9345	0.0036	0.0545	0.0073
0.2255	0.1564	0.5382	0.0800
0.3964	0.1709	0.0618	0.3709
0.3745	0.1818	0.1055	0.3382
>MA0559.1_PI
0.2796	0.6004	0.0860	0.0341
0.1022	0.7061	0.0789	0.1129
0.6398	0.1416	0.1201	0.0986
0.8029	0.0215	0.1487	0.0269
0.9874	0.0018	0.0072	0.0036
0.8925	0.0000	0.0215	0.0860
0.5394	0.0143	0.4373	0.0090
0.5591	0.0251	0.1237	0.2921
0.4140	0.0000	0.5860	0.0000
0.0125	0.0108	0.9767	0.0000
0.7993	0.0968	0.0125	0.0914
0.8871	0.0125	0.0430	0.0573
0.8172	0.0466	0.1075	0.0287
0.4588	0.1039	0.3566	0.0806
>MA0560.1_PIF3
0.3985	0.0493	0.2808	0.2713
0.1101	0.2486	0.4213	0.2201
0.0361	0.7571	0.1784	0.0285
0.0000	1.0000	0.0000	0.0000
1.0000	0.0000	0.0000	0.0000
0.0000	0.7761	0.0000	0.2239
0.0000	0.0000	1.0000	0.0000
0.0000	0.0000	0.0000	1.0000
0.0000	0.0000	1.0000	0.0000
0.4915	0.0626	0.2600	0.1860
>MA0561.1_PIF4
0.0000	1.0000	0.0000	0.0000
1.0000	0.0000	0.0000	0.0000
0.0000	1.0000	0.0000	0.0000
0.1463	0.0000	0.8537	0.0000
0.0000	0.0000	0.0000	1.0000
0.0000	0.0000	1.0000	0.0000
0.0000	0.2955	0.5463	0.1582
0.1910	0.6149	0.1940	0.0000
>MA0562.1_PIF5
0.0000	0.2727	0.0000	0.7273
0.0000	1.0000	0.0000	0.0000
1.0000	0.0000	0.0000	0.0000
0.0000	1.0000	0.0000	0.0000
0.3182	0.0000	0.6818	0.0000
0.0000	0.0000	0.0000	1.0000
0.0000	0.0000	1.0000	0.0000
0.0000	0.3322	0.5629	0.1049
>MA0563.1_SEP3
0.1600	0.2467	0.1933	0.4000
0.1267	0.7400	0.0333	0.1000
0.0067	0.6467	0.0067	0.3400
0.5133	0.0000	0.0000	0.4867
0.0800	0.1867	0.0333	0.7000
0.1267	0.0000	0.0333	0.8400
0.0000	0.0000	0.0000	1.0000
0.0600	0.0000	0.1600	0.7800
0.0733	0.0200	0.1467	0.7600
0.0600	0.0000	0.9200	0.0200
0.0000	0.0467	0.7600	0.1933
>MA0564.1_ABI3
0.0600	0.6000	0.0900	0.2500
0.1515	0.1616	0.1515	0.5353
0.0300	0.0700	0.8500	0.0500
0.0100	0.9600	0.0200	0.0100
0.9700	0.0100	0.0100	0.0100
0.0100	0.0100	0.0100	0.9700
0.0101	0.0101	0.9697	0.0101
0.0600	0.8400	0.0800	0.0200
0.5000	0.1500	0.1300	0.2200
>MA0565.1_FUS3
0.0792	0.6039	0.0396	0.2772
0.0099	0.0198	0.9604	0.0099
0.0100	0.9900	0.0000	0.0000
0.9900	0.0000	0.0000	0.0100
0.0099	0.0000	0.0099	0.9802
0.0000	0.0000	0.9900	0.0100
0.0099	0.9604	0.0198	0.0099
0.2900	0.0300	0.5900	0.0900
0.1500	0.4400	0.2500	0.1600
>MA0566.1_MYC2
0.2500	0.1000	0.6000	0.0500
0.0900	0.9100	0.0000	0.0000
0.9700	0.0000	0.0200	0.0100
0.0000	0.8500	0.0000	0.1500
0.1500	0.0000	0.8500	0.0000
0.0100	0.0200	0.0000	0.9700
0.0000	0.0000	0.9100	0.0900
0.0500	0.6000	0.1000	0.2500
>MA0567.1_ERF1B
0.4200	0.5400	0.0300	0.0100
0.0099	0.0099	0.9703	0.0099
0.0000	0.9800	0.0100	0.0100
0.0400	0.9600	0.0000	0.0000
0.0200	0.0000	0.9700	0.0100
0.0200	0.9200	0.0200	0.0400
0.0099	0.9703	0.0099	0.0099
0.5858	0.0505	0.2424	0.1212
>MA0568.1_MYC3
0.2500	0.2800	0.4000	0.0700
0.1010	0.8990	0.0000	0.0000
0.9700	0.0000	0.0200	0.0100
0.0000	0.8400	0.0000	0.1600
0.1600	0.0000	0.8400	0.0000
0.0100	0.0200	0.0000	0.9700
0.0000	0.0000	0.8990	0.1010
0.0700	0.4000	0.2800	0.2500
>MA0569.1_MYC4
0.3800	0.1800	0.3600	0.0800
0.0500	0.9500	0.0000	0.0000
0.9900	0.0000	0.0000	0.0100
0.0000	0.9400	0.0000	0.0600
0.0200	0.0000	0.9800	0.0000
0.0000	0.0100	0.0000	0.9900
0.0000	0.0000	0.9800	0.0200
0.0202	0.7273	0.0808	0.1717
>MA0570.1_ABF1
0.0000	0.0909	0.7272	0.1818
0.1818	0.0455	0.6363	0.1364
0.4318	0.3636	0.0000	0.2045
0.0000	0.7954	0.1818	0.0227
0.9772	0.0000	0.0227	0.0000
0.0000	0.9999	0.0000	0.0000
0.0000	0.0000	0.9999	0.0000
0.0000	0.0000	0.0000	0.9999
0.0000	0.0000	0.9999	0.0000
0.0000	0.0000	0.8636	0.1364
0.0000	0.9999	0.0000	0.0000
0.3864	0.3182	0.2045	0.0909
0.1364	0.5454	0.2045	0.1136
0.2955	0.1364	0.4773	0.0909
0.4545	0.2500	0.2500	0.0455
0.2727	0.4318	0.2955	0.0000
0.2955	0.2727	0.3864	0.0455
0.2273	0.1364	0.5227	0.1136
0.2955	0.2045	0.4545	0.0455
>MA0005.2_AG
0.3182	0.3030	0.0909	0.2879
0.1364	0.0455	0.0455	0.7727
0.1515	0.0000	0.0152	0.8333
0.4394	0.1212	0.1212	0.3182
0.0000	1.0000	0.0000	0.0000
0.0000	0.9848	0.0000	0.0152
0.4697	0.0455	0.0909	0.3939
0.7121	0.0303	0.0000	0.2576
0.7878	0.0000	0.0152	0.1970
0.3788	0.0000	0.0152	0.6060
0.2576	0.2273	0.1667	0.3485
0.2879	0.1212	0.3030	0.2879
0.1061	0.0000	0.8636	0.0303
0.0303	0.0000	0.8181	0.1515
0.3333	0.2576	0.0758	0.3333
0.6818	0.0606	0.0758	0.1818
0.6060	0.0909	0.1364	0.1667
0.2273	0.1515	0.2424	0.3788
>MA0571.1_ANT
0.1765	0.1177	0.3529	0.3529
0.1471	0.2059	0.3823	0.2647
0.2353	0.0000	0.7058	0.0588
0.0000	0.9411	0.0000	0.0588
0.9117	0.0000	0.0588	0.0294
0.0000	0.9999	0.0000	0.0000
0.6176	0.0000	0.3823	0.0000
0.2353	0.1765	0.4412	0.1471
0.4412	0.0294	0.0294	0.5000
0.0000	0.0883	0.0000	0.9117
0.1177	0.7352	0.0000	0.1471
0.0000	0.9999	0.0000	0.0000
0.0000	0.9705	0.0000	0.0294
0.2647	0.3235	0.3823	0.0294
0.9999	0.0000	0.0000	0.0000
0.2059	0.0294	0.4706	0.2941
0.0883	0.0294	0.8529	0.0294
0.0588	0.2941	0.0883	0.5588
0.2353	0.1765	0.4117	0.1765
0.3529	0.2941	0.1177	0.2353
0.5588	0.1177	0.0883	0.2353
>MA0008.2_HAT5
0.0527	0.2632	0.1579	0.5263
0.1818	0.2273	0.1364	0.4545
0.1305	0.5652	0.1739	0.1305
0.9166	0.0417	0.0000	0.0417
0.9999	0.0000	0.0000	0.0000
0.0000	0.0000	0.0000	0.9999
0.0000	0.2000	0.0000	0.7999
0.9999	0.0000	0.0000	0.0000
0.0000	0.0000	0.0000	0.9999
0.0000	0.0000	0.0000	0.9999
0.1875	0.0625	0.7499	0.0001
0.1334	0.5333	0.2667	0.0667
>MA0110.2_ATHB-5
0.0000	0.3000	0.4000	0.3000
0.1177	0.2647	0.5000	0.1177
0.0556	0.3333	0.2222	0.3889
0.0556	0.4722	0.2778	0.1945
0.0000	0.8205	0.1026	0.0769
0.8205	0.1539	0.0000	0.0257
0.9999	0.0000	0.0000	0.0000
0.0000	0.0000	0.0000	0.9999
0.0513	0.2051	0.1795	0.5641
0.9999	0.0000	0.0000	0.0000
0.0000	0.0000	0.0000	0.9999
0.0000	0.0000	0.0000	0.9999
0.0001	0.0001	0.8747	0.1251
>MA0573.1_ATHB-9
0.4444	0.2222	0.1112	0.2222
0.3571	0.2143	0.2143	0.2143
0.3125	0.2500	0.1250	0.3125
0.1667	0.4444	0.1111	0.2778
0.0000	0.0385	0.9614	0.0000
0.0000	0.2308	0.0000	0.7692
0.9614	0.0000	0.0385	0.0000
0.9999	0.0000	0.0000	0.0000
0.0000	0.0000	0.0000	0.9999
0.0000	0.0000	0.9999	0.0000
0.9999	0.0000	0.0000	0.0000
0.0000	0.0000	0.0000	0.9999
0.0000	0.0000	0.1154	0.8845
0.6538	0.0000	0.3461	0.0000
0.0000	0.9614	0.0385	0.0000
0.2941	0.0589	0.2353	0.4117
0.1667	0.4999	0.0001	0.3333
0.0001	0.3000	0.3999	0.3000
0.0001	0.6248	0.3749	0.0001
>MA0574.1_MYB15
0.0400	0.7300	0.0900	0.1400
0.2700	0.1800	0.5100	0.0400
0.6400	0.1800	0.1800	0.0000
0.0400	0.6400	0.1800	0.1400
0.0000	0.0000	1.0000	0.0000
0.0000	0.0000	1.0000	0.0000
0.0000	0.0000	0.0000	1.0000
0.8700	0.0400	0.0000	0.0900
0.0000	0.0000	1.0000	0.0000
0.0000	0.0000	1.0000	0.0000
0.0000	0.0000	0.0000	1.0000
0.1800	0.0000	0.7800	0.0400
0.0400	0.0000	0.8700	0.0900
>MA0575.1_F3A4.140
0.3300	0.3000	0.2000	0.1700
0.5700	0.1700	0.1700	0.0900
0.2700	0.0900	0.3700	0.2700
0.0600	0.3000	0.2000	0.4400
0.0900	0.0600	0.8200	0.0300
0.6800	0.0300	0.2300	0.0600
0.0000	1.0000	0.0000	0.0000
0.5000	0.0000	0.5000	0.0000
0.0000	0.0000	1.0000	0.0000
0.0000	0.0000	0.0000	1.0000
0.0000	0.0000	0.0000	1.0000
0.6800	0.0300	0.2600	0.0300
0.0300	0.5500	0.3000	0.1200
>MA0576.1_RAX3
0.2200	0.1800	0.4200	0.1800
0.0000	0.1400	0.8600	0.0000
0.1800	0.0400	0.7800	0.0000
0.1400	0.0900	0.5500	0.2200
0.0000	0.0000	1.0000	0.0000
0.0000	0.0000	1.0000	0.0000
0.0000	0.0000	0.0000	1.0000
0.7800	0.0400	0.0400	0.1400
0.0000	0.0000	1.0000	0.0000
0.0000	0.0000	1.0000	0.0000
0.0000	0.0000	0.0000	1.0000
0.0000	0.0000	0.9600	0.0400
0.0400	0.3200	0.6000	0.0400
>MA0577.1_SPL3
0.3823	0.0883	0.2647	0.2647
0.2353	0.0588	0.2353	0.4706
0.4117	0.0000	0.1765	0.4117
0.2941	0.0294	0.3823	0.2941
0.3823	0.4412	0.0294	0.1471
0.0588	0.8529	0.0588	0.0294
0.0000	0.0000	0.9999	0.0000
0.0000	0.0000	0.0000	0.9999
0.9999	0.0000	0.0000	0.0000
0.0000	0.9999	0.0000	0.0000
0.2941	0.2059	0.2059	0.2941
0.3823	0.1765	0.0588	0.3823
0.2353	0.2647	0.1177	0.3823
0.2941	0.2353	0.0588	0.4117
0.3529	0.2059	0.0000	0.4412
0.2647	0.3529	0.0883	0.2941
>MA0578.1_SPL8
0.3667	0.0334	0.1333	0.4666
0.3667	0.0000	0.2000	0.4333
0.3000	0.1333	0.2000	0.3667
0.3333	0.0334	0.1333	0.5000
0.3333	0.2000	0.1333	0.3333
0.1000	0.3333	0.0667	0.5000
0.0000	0.0000	0.9999	0.0000
0.0000	0.0000	0.0000	0.9999
0.9999	0.0000	0.0000	0.0000
0.0000	0.9999	0.0000	0.0000
0.2000	0.4000	0.0334	0.3667
0.3333	0.2333	0.0000	0.4333
0.1667	0.2667	0.0334	0.5333
0.4333	0.1667	0.0000	0.4000
0.3333	0.1000	0.0000	0.5666
0.3667	0.2000	0.0000	0.4333
>MA0579.1_CDC5
0.2828	0.2424	0.3232	0.1515
0.1700	0.2600	0.5500	0.0200
0.0000	0.9200	0.0400	0.0400
0.0200	0.0200	0.0000	0.9600
0.0606	0.8586	0.0000	0.0808
0.9192	0.0202	0.0202	0.0404
0.0202	0.0000	0.9394	0.0404
0.0200	0.9300	0.0500	0.0000
0.0404	0.0404	0.9192	0.0000
0.0200	0.5500	0.2700	0.1600
0.1800	0.2300	0.4500	0.1400
>MA0580.1_DYT1
0.3636	0.5453	0.0001	0.0910
0.2727	0.0910	0.6362	0.0001
0.0910	0.1818	0.0910	0.6362
0.1818	0.1818	0.5453	0.0910
0.9089	0.0910	0.0001	0.0001
0.2727	0.0001	0.6362	0.0910
0.3636	0.0001	0.0001	0.6362
0.0001	0.9997	0.0001	0.0001
0.9997	0.0001	0.0001	0.0001
0.0001	0.9997	0.0001	0.0001
0.0910	0.0001	0.9089	0.0001
0.0001	0.0001	0.0001	0.9997
0.0001	0.0001	0.9997	0.0001
0.9997	0.0001	0.0001	0.0001
>MA0581.1_LEC2
0.2197	0.1766	0.2444	0.3593
0.1971	0.3347	0.3388	0.1294
0.0041	0.9754	0.0000	0.0205
1.0000	0.0000	0.0000	0.0000
0.0000	0.0000	0.0000	1.0000
0.0000	0.0000	1.0000	0.0000
0.0000	1.0000	0.0000	0.0000
0.6181	0.0616	0.3203	0.0000
0.2361	0.4476	0.1232	0.1930
0.4682	0.1766	0.0904	0.2649
0.1971	0.1622	0.1273	0.5133
>MA0582.1_RAV1
0.2857	0.3469	0.2449	0.1225
0.3137	0.2157	0.1961	0.2745
0.1228	0.2456	0.6140	0.0176
0.0000	1.0000	0.0000	0.0000
0.6912	0.1765	0.1324	0.0000
0.8985	0.0580	0.0435	0.0000
0.0000	1.0000	0.0000	0.0000
1.0000	0.0000	0.0000	0.0000
0.1304	0.1015	0.4638	0.3043
0.5942	0.0580	0.0580	0.2899
0.4927	0.0870	0.1449	0.2754
0.3913	0.1304	0.2464	0.2319
>MA0583.1_RAV1(var.2)
0.3548	0.1936	0.1613	0.2903
0.2031	0.2344	0.1250	0.4375
0.1231	0.7538	0.0154	0.1077
0.6154	0.0923	0.1231	0.1692
0.0154	0.8615	0.0462	0.0769
0.0000	1.0000	0.0000	0.0000
0.0000	0.0000	0.0000	1.0000
0.0000	0.0000	0.9999	0.0000
0.4364	0.1273	0.3454	0.0909
0.2222	0.2778	0.3333	0.1667
0.2308	0.2692	0.3077	0.1923
0.1739	0.4348	0.1087	0.2826
>MA0584.1_SEP1
0.2745	0.2941	0.1373	0.2941
0.2745	0.1177	0.1961	0.4118
0.2157	0.0784	0.1177	0.5882
0.3725	0.1373	0.1765	0.3137
0.0000	0.9999	0.0000	0.0000
0.0000	0.9019	0.0000	0.0981
0.7647	0.0981	0.0196	0.1177
0.3921	0.0392	0.0784	0.4902
0.7255	0.0000	0.0000	0.2745
0.4902	0.0000	0.0000	0.5098
0.5490	0.0784	0.0784	0.2941
0.0784	0.1177	0.0588	0.7451
0.5098	0.0000	0.4902	0.0000
0.0000	0.0000	0.9999	0.0000
0.4510	0.2157	0.0588	0.2745
0.7843	0.0588	0.0000	0.1569
0.6470	0.0981	0.0981	0.1569
0.1177	0.1569	0.3333	0.3921
>MA0001.2_AGL3
0.2316	0.3053	0.3579	0.1053
0.1684	0.0947	0.3053	0.4316
0.2632	0.0842	0.0421	0.6105
0.2842	0.1684	0.1368	0.4105
0.0000	0.9684	0.0000	0.0316
0.0000	0.8316	0.0000	0.1684
0.8631	0.0105	0.0211	0.1053
0.4210	0.0421	0.0316	0.5053
0.5895	0.0000	0.0105	0.4000
0.3684	0.0000	0.0000	0.6316
0.6842	0.0105	0.0421	0.2632
0.2632	0.0421	0.0316	0.6631
0.6737	0.0000	0.2947	0.0316
0.0000	0.0000	0.9684	0.0316
0.3474	0.1474	0.1579	0.3474
0.5474	0.0526	0.0737	0.3263
0.4737	0.2421	0.1368	0.1474
0.2211	0.2526	0.2737	0.2526
>MA0585.1_AGL1
0.3231	0.1692	0.2308	0.2769
0.1846	0.0923	0.1385	0.5846
0.0616	0.0154	0.1385	0.7846
0.3231	0.0769	0.3385	0.2615
0.0000	1.0000	0.0000	0.0000
0.0154	0.9692	0.0154	0.0000
0.4615	0.0923	0.1077	0.3385
0.4769	0.0616	0.1231	0.3385
0.6461	0.0154	0.0154	0.3231
0.4000	0.0462	0.0308	0.5231
0.2154	0.2154	0.1385	0.4308
0.2308	0.1231	0.4308	0.2154
0.1077	0.0000	0.8615	0.0308
0.0616	0.0000	0.8615	0.0769
0.4000	0.0923	0.0769	0.4308
0.7384	0.1539	0.0616	0.0462
0.6000	0.1385	0.1231	0.1385
0.2769	0.2308	0.2923	0.2000
>MA0587.1_TCP16
0.0469	0.0000	0.9375	0.0156
0.0156	0.0469	0.0000	0.9375
0.0000	0.0000	1.0000	0.0000
0.0000	0.0000	1.0000	0.0000
0.5000	0.1250	0.2344	0.1406
0.0156	0.9375	0.0313	0.0156
0.0000	1.0000	0.0000	0.0000
0.0000	1.0000	0.0000	0.0000
0.2812	0.1563	0.4531	0.1094
0.1875	0.3125	0.4062	0.0938
>MA0588.1_TGA1
0.0870	0.2174	0.2609	0.4348
0.1035	0.2759	0.5517	0.0690
0.3437	0.2812	0.3750	0.0000
0.0000	0.0000	0.0000	0.9999
0.0000	0.0000	0.9999	0.0000
0.9999	0.0000	0.0000	0.0000
0.0000	0.9166	0.0000	0.0834
0.0556	0.0000	0.9444	0.0000
0.0385	0.1154	0.0769	0.7692
0.2727	0.2273	0.2727	0.2273
0.4583	0.0000	0.2500	0.2917
>MA0589.1_ZAP1
0.0000	0.0000	0.0000	0.9999
0.0000	0.0000	0.0000	0.9999
0.0000	0.0000	0.9999	0.0000
0.9999	0.0000	0.0000	0.0000
0.0000	0.9999	0.0000	0.0000
0.0200	0.9399	0.0200	0.0200
0.0400	0.1000	0.8000	0.0600
0.6400	0.2200	0.0800	0.0600
0.0400	0.1400	0.7400	0.0800
0.0408	0.5714	0.1021	0.2857
0.1739	0.4348	0.1087	0.2826
>MA0590.1_LFY
0.0833	0.2708	0.1276	0.5182
0.7074	0.0346	0.0452	0.2128
0.1197	0.1603	0.0256	0.6944
0.0354	0.0124	0.3150	0.6372
0.3351	0.0000	0.6543	0.0106
0.7059	0.1331	0.0062	0.1548
0.0262	0.9529	0.0000	0.0209
0.0000	0.9496	0.0000	0.0504
0.2480	0.0053	0.7203	0.0264
0.0837	0.4163	0.4163	0.0837
0.0264	0.7203	0.0053	0.2480
0.0504	0.0000	0.9496	0.0000
0.0209	0.0000	0.9529	0.0262
0.1548	0.0062	0.1331	0.7059
0.0106	0.6543	0.0000	0.3351
0.6372	0.3150	0.0124	0.0354
0.6944	0.0256	0.1603	0.1197
0.2128	0.0452	0.0346	0.7074
0.5182	0.1276	0.2708	0.0833
>MA0930.1_ABF3
0.9700	0.0100	0.0100	0.0100
0.0100	0.9700	0.0100	0.0100
0.9700	0.0100	0.0100	0.0100
0.0100	0.9700	0.0100	0.0100
0.0100	0.0100	0.9700	0.0100
0.0100	0.0100	0.0100	0.9700
0.0100	0.0100	0.9700	0.0100
0.0100	0.0100	0.0100	0.9700
>MA0931.1_ABI5
0.1808	0.2567	0.2567	0.3057
0.0869	0.0869	0.6593	0.1668
0.6080	0.3140	0.0000	0.0780
0.0000	0.9220	0.0780	0.0000
1.0000	0.0000	0.0000	0.0000
0.0000	1.0000	0.0000	0.0000
0.0000	0.0000	1.0000	0.0000
0.0000	0.0000	0.0000	1.0000
0.1518	0.0699	0.7083	0.0699
0.1638	0.1638	0.3367	0.3357
>MA0932.1_AHL12
0.7720	0.0180	0.1460	0.0640
0.8430	0.0350	0.0240	0.0980
0.4840	0.0140	0.0050	0.4970
0.3317	0.0060	0.0030	0.6593
0.6593	0.0030	0.0060	0.3317
0.4970	0.0050	0.0140	0.4840
0.0980	0.0240	0.0350	0.8430
0.0640	0.1460	0.0180	0.7720
>MA0933.1_AHL20
0.7732	0.0659	0.0729	0.0879
0.7538	0.0060	0.0050	0.2352
0.1201	0.0040	0.0130	0.8629
0.2500	0.0060	0.0060	0.7380
0.7740	0.0040	0.0040	0.2180
0.8430	0.0080	0.0010	0.1480
0.6480	0.0120	0.0030	0.3370
0.0540	0.0280	0.0180	0.9000
>MA0934.1_AHL25
0.8720	0.0260	0.0530	0.0490
0.6154	0.0040	0.0060	0.3746
0.2070	0.0040	0.0030	0.7860
0.2250	0.0030	0.0020	0.7700
0.7700	0.0020	0.0030	0.2250
0.7860	0.0030	0.0040	0.2070
0.3746	0.0060	0.0040	0.6154
0.0490	0.0530	0.0260	0.8720
>MA0935.1_NAC025
0.0010	0.4206	0.0010	0.5774
0.9650	0.0000	0.0350	0.0000
0.0000	1.0000	0.0000	0.0000
0.0000	0.0000	1.0000	0.0000
0.0000	0.2760	0.0690	0.6550
0.8270	0.1730	0.0000	0.0000
0.9309	0.0000	0.0000	0.0691
0.0501	0.5996	0.0501	0.3003
>MA0936.1_T11I18.17
0.5440	0.2170	0.0800	0.1590
0.0659	0.6294	0.0380	0.2667
0.8130	0.1200	0.0430	0.0240
0.1020	0.8580	0.0240	0.0160
0.0940	0.0490	0.8120	0.0450
0.1430	0.5650	0.1120	0.1800
0.4590	0.4020	0.0480	0.0910
0.8050	0.0400	0.0960	0.0590
>MA0937.1_NAC055
0.7960	0.0260	0.0440	0.1340
0.0190	0.7748	0.0180	0.1882
0.9690	0.0180	0.0040	0.0090
0.0220	0.9600	0.0060	0.0120
0.0160	0.0160	0.9480	0.0200
0.0140	0.1160	0.1340	0.7360
0.8789	0.0801	0.0040	0.0370
0.8660	0.0090	0.0040	0.1210
>MA0938.1_NAC058
0.3700	0.1240	0.3440	0.1620
0.0949	0.6733	0.0549	0.1768
0.9130	0.0340	0.0220	0.0310
0.2570	0.6940	0.0260	0.0230
0.0260	0.0380	0.9080	0.0280
0.1159	0.6923	0.0719	0.1199
0.6280	0.2450	0.0200	0.1070
0.7700	0.0880	0.0260	0.1160
>MA0939.1_NAC080
0.6650	0.0010	0.2220	0.1120
0.0010	0.6903	0.0010	0.3077
0.9970	0.0010	0.0010	0.0010
0.0010	0.9970	0.0010	0.0010
0.0010	0.0010	0.9970	0.0010
0.0010	0.8550	0.0010	0.1430
0.7840	0.0720	0.0010	0.1430
0.9970	0.0010	0.0010	0.0010
>MA0940.1_AP1
0.4525	0.4926	0.0197	0.0351
0.0518	0.5801	0.0240	0.3440
0.8157	0.0284	0.0216	0.1344
0.6991	0.0117	0.0937	0.1954
0.9562	0.0062	0.0092	0.0284
0.7873	0.0092	0.0148	0.1887
0.7343	0.0142	0.1554	0.0962
0.4205	0.0129	0.1584	0.4081
0.4026	0.0074	0.5734	0.0166
0.0820	0.0370	0.8348	0.0462
0.7065	0.0943	0.1048	0.0943
0.7885	0.0752	0.1036	0.0327
0.7750	0.0136	0.0999	0.1116
>MA0941.1_ABF2
0.2308	0.3077	0.2308	0.2308
0.3077	0.2308	0.2308	0.2308
0.1910	0.2680	0.1910	0.3500
0.2743	0.1201	0.4034	0.2022
0.6990	0.1770	0.1030	0.0210
0.0000	0.8408	0.0000	0.1592
1.0000	0.0000	0.0000	0.0000
0.0000	0.9179	0.0000	0.0821
0.0190	0.0190	0.9429	0.0190
0.0190	0.0190	0.0190	0.9429
0.2180	0.0590	0.6640	0.0590
0.2128	0.1299	0.2867	0.3706
0.2292	0.2292	0.2292	0.3123
>MA0942.1_ARF1
0.7213	0.0020	0.2757	0.0010
0.0030	0.9920	0.0010	0.0040
0.0040	0.9920	0.0020	0.0020
0.0040	0.0020	0.9930	0.0010
0.9890	0.0030	0.0010	0.0070
0.0020	0.9940	0.0020	0.0020
0.9001	0.0040	0.0879	0.0080
0.2617	0.2198	0.2068	0.3117
>MA0943.1_ARF5
0.3033	0.1602	0.4775	0.0591
0.0090	0.9680	0.0150	0.0080
0.0969	0.8971	0.0040	0.0020
0.0120	0.0010	0.9850	0.0020
0.9520	0.0010	0.0460	0.0010
0.0020	0.9920	0.0030	0.0030
0.7722	0.2238	0.0020	0.0020
0.4910	0.0980	0.2180	0.1930
>MA0944.1_ARF8
0.2700	0.2330	0.2040	0.2930
0.2250	0.2590	0.1060	0.4100
0.0040	0.0000	0.0900	0.9060
0.0380	0.0010	0.9009	0.0601
0.0000	0.0130	0.0000	0.9870
0.0539	0.8621	0.0020	0.0819
0.0610	0.0270	0.7980	0.1140
0.1211	0.1381	0.6517	0.0891
0.2278	0.3367	0.2168	0.2188
>MA0945.1_ARR1
0.4060	0.1680	0.2080	0.2180
0.1722	0.2923	0.3433	0.1922
0.2967	0.4655	0.1389	0.0989
0.3060	0.0830	0.5640	0.0470
0.4230	0.0220	0.2350	0.3200
0.9660	0.0000	0.0000	0.0340
0.0210	0.0010	0.0010	0.9770
0.0560	0.8970	0.0040	0.0430
0.1431	0.1562	0.0911	0.6096
0.2570	0.1900	0.1810	0.3720
>MA0946.1_ARR11
0.6250	0.0510	0.0550	0.2690
0.9279	0.0110	0.0290	0.0320
0.0050	0.0020	0.9820	0.0110
0.9900	0.0020	0.0040	0.0040
0.0070	0.0030	0.0020	0.9880
0.7320	0.0220	0.0040	0.2420
0.0030	0.8330	0.0020	0.1620
0.0140	0.0050	0.9680	0.0130
>MA0947.1_ARR14
0.9450	0.0050	0.0260	0.0240
0.0020	0.0010	0.9840	0.0130
0.9910	0.0010	0.0030	0.0050
0.0020	0.0030	0.0020	0.9930
0.5060	0.1540	0.0010	0.3390
0.0010	0.9600	0.0010	0.0380
0.0100	0.0050	0.9590	0.0260
0.0830	0.4840	0.4010	0.0320
>MA0948.1_ARR18
0.3243	0.2252	0.2252	0.2252
0.2020	0.2020	0.2020	0.3940
0.2740	0.3700	0.1780	0.1780
0.3293	0.1862	0.1942	0.2903
0.8348	0.0250	0.0250	0.1151
0.0000	0.0880	0.9120	0.0000
1.0000	0.0000	0.0000	0.0000
0.0000	0.0000	0.0000	1.0000
0.7280	0.0250	0.0250	0.2220
0.0480	0.6730	0.0480	0.2310
0.1590	0.0720	0.6970	0.0720
0.3413	0.2432	0.2643	0.1512
0.2248	0.2248	0.2248	0.3257
>MA0949.1_ARR2
0.1742	0.2573	0.3944	0.1742
0.3380	0.5720	0.0450	0.0450
0.2140	0.0000	0.7860	0.0000
0.4765	0.0000	0.2142	0.3093
1.0000	0.0000	0.0000	0.0000
0.0000	0.0000	0.0000	1.0000
0.0000	1.0000	0.0000	0.0000
0.0000	0.0000	0.0000	1.0000
0.1618	0.0759	0.0759	0.6863
0.2048	0.2048	0.2048	0.3856
>MA0950.1_ATHB-12
0.5784	0.1908	0.1069	0.1239
0.6680	0.0460	0.0530	0.2330
0.0180	0.0350	0.0060	0.9410
0.0480	0.2010	0.6330	0.1180
0.9650	0.0070	0.0150	0.0130
0.0090	0.0080	0.0170	0.9660
0.0300	0.0100	0.0190	0.9409
0.1280	0.0180	0.7660	0.0880
>MA0951.1_ATHB-16
0.0720	0.2140	0.0010	0.7130
1.0000	0.0000	0.0000	0.0000
1.0000	0.0000	0.0000	0.0000
0.0000	0.0000	0.0000	1.0000
0.5450	0.3180	0.1370	0.0000
1.0000	0.0000	0.0000	0.0000
0.0000	0.0000	0.0000	1.0000
0.0670	0.0010	0.0670	0.8650
>MA0952.1_ATHB-51
0.6917	0.2533	0.0040	0.0511
0.9840	0.0050	0.0040	0.0070
0.0020	0.0080	0.0010	0.9890
0.4110	0.0060	0.0030	0.5800
0.9900	0.0020	0.0050	0.0030
0.0100	0.0020	0.0040	0.9840
0.0050	0.0180	0.0120	0.9650
0.1050	0.0180	0.7770	0.1000
>MA0953.1_ATHB-6
0.1770	0.2520	0.2870	0.2840
0.1489	0.5235	0.0849	0.2428
0.7457	0.0891	0.0731	0.0921
0.8860	0.0710	0.0010	0.0420
0.0200	0.0060	0.0010	0.9730
0.3560	0.3100	0.1280	0.2060
0.9249	0.0050	0.0380	0.0320
0.1060	0.0660	0.1300	0.6980
0.2340	0.1110	0.2660	0.3890
>MA0955.1_POPTR_0002s00440g
0.2008	0.2657	0.3247	0.2088
0.0090	0.0290	0.9550	0.0070
0.0080	0.0110	0.0990	0.8820
0.9519	0.0430	0.0050	0.0000
0.1530	0.7060	0.0290	0.1120
0.0410	0.0801	0.8599	0.0190
0.1878	0.0500	0.6953	0.0669
>MA0956.1_BEE2
0.2560	0.2530	0.2360	0.2550
0.2110	0.2290	0.3420	0.2180
0.1360	0.7220	0.0380	0.1040
0.8930	0.0000	0.0330	0.0740
0.0230	0.8200	0.0000	0.1570
0.1570	0.0000	0.8200	0.0230
0.0740	0.0330	0.0000	0.8930
0.1040	0.0380	0.7220	0.1360
0.2180	0.3420	0.2290	0.2110
0.2550	0.2360	0.2530	0.2560
>MA0957.1_BHLH3
0.2583	0.0941	0.6036	0.0440
0.0450	0.9300	0.0140	0.0110
0.9509	0.0070	0.0200	0.0220
0.0100	0.9361	0.0120	0.0420
0.0420	0.0120	0.9361	0.0100
0.0220	0.0200	0.0070	0.9509
0.0110	0.0140	0.9300	0.0450
0.0440	0.6036	0.0941	0.2583
>MA0958.1_BHLH13
0.2950	0.1160	0.5690	0.0200
0.0530	0.9450	0.0010	0.0010
0.9910	0.0020	0.0030	0.0040
0.0010	0.9520	0.0010	0.0460
0.0150	0.0010	0.9830	0.0010
0.0040	0.0040	0.0010	0.9910
0.0010	0.0020	0.9870	0.0100
0.0380	0.6960	0.0650	0.2010
>MA0959.1_AIB
0.0761	0.0140	0.9019	0.0080
0.0589	0.9381	0.0010	0.0020
0.9660	0.0010	0.0280	0.0050
0.0000	0.9039	0.0020	0.0941
0.0941	0.0020	0.9039	0.0000
0.0050	0.0280	0.0010	0.9660
0.0020	0.0010	0.9381	0.0589
0.0080	0.9019	0.0140	0.0761
>MA0960.1_BHLH104
0.1300	0.0260	0.8220	0.0220
0.0150	0.0740	0.8660	0.0450
0.0060	0.9940	0.0000	0.0000
0.9960	0.0000	0.0040	0.0000
0.0000	0.9990	0.0000	0.0010
0.0010	0.0000	0.9990	0.0000
0.0000	0.0040	0.0000	0.9960
0.0000	0.0000	0.9940	0.0060
0.0450	0.8660	0.0740	0.0150
0.0220	0.8220	0.0260	0.1300
>MA0961.1_BHLH112
0.2212	0.2503	0.3063	0.2222
0.0000	1.0000	0.0000	0.0000
0.1770	0.8230	0.0000	0.0000
1.0000	0.0000	0.0000	0.0000
0.0000	1.0000	0.0000	0.0000
0.0000	0.0000	0.0000	1.0000
0.0000	0.0000	0.0000	1.0000
0.0000	0.0000	1.0000	0.0000
0.2178	0.3427	0.2168	0.2228
>MA0962.1_BHLH34
0.1540	0.0390	0.6530	0.1540
0.0000	1.0000	0.0000	0.0000
0.7270	0.0000	0.2420	0.0310
0.0000	0.8480	0.0000	0.1520
0.0000	0.0000	1.0000	0.0000
0.0000	0.0000	0.0000	1.0000
0.0000	0.0000	1.0000	0.0000
0.0959	0.1429	0.4755	0.2857
>MA0963.1_BHLH78
0.0100	0.0100	0.9700	0.0100
0.0100	0.9700	0.0100	0.0100
0.9700	0.0100	0.0100	0.0100
0.0100	0.9700	0.0100	0.0100
0.0100	0.0100	0.9700	0.0100
0.0100	0.0100	0.0100	0.9700
0.0100	0.0100	0.9700	0.0100
0.0100	0.9700	0.0100	0.0100
>MA0964.1_BIM1
0.2190	0.2500	0.2810	0.2500
0.1260	0.6550	0.1010	0.1180
0.5826	0.1011	0.1842	0.1321
0.0590	0.7660	0.0230	0.1520
0.1400	0.0620	0.7950	0.0030
0.0010	0.0230	0.0000	0.9760
0.0030	0.0020	0.9890	0.0060
0.3750	0.3010	0.1480	0.1760
0.1469	0.3437	0.2418	0.2677
0.2567	0.2617	0.2567	0.2248
>MA0965.1_BIM2
0.2440	0.2610	0.2900	0.2050
0.1670	0.1430	0.3730	0.3170
0.0530	0.8970	0.0010	0.0490
0.9620	0.0000	0.0240	0.0140
0.0220	0.8859	0.0000	0.0921
0.0921	0.0000	0.8859	0.0220
0.0140	0.0240	0.0000	0.9620
0.0490	0.0010	0.8970	0.0530
0.3170	0.3730	0.1430	0.1670
0.2050	0.2900	0.2610	0.2440
>MA0966.1_BIM3
0.2940	0.2030	0.2700	0.2330
0.1590	0.1650	0.4330	0.2430
0.0741	0.8218	0.0080	0.0961
0.9420	0.0000	0.0250	0.0330
0.0150	0.9180	0.0000	0.0670
0.0670	0.0000	0.9180	0.0150
0.0330	0.0250	0.0000	0.9420
0.0961	0.0080	0.8218	0.0741
0.2430	0.4330	0.1650	0.1590
0.2330	0.2700	0.2030	0.2940
>MA0967.1_BZIP60
0.0180	0.0641	0.0240	0.8939
0.0260	0.0591	0.8408	0.0741
0.8911	0.0170	0.0430	0.0490
0.0130	0.7990	0.0130	0.1750
0.1750	0.0130	0.7990	0.0130
0.0490	0.0430	0.0170	0.8911
0.0741	0.8408	0.0591	0.0260
0.8939	0.0240	0.0641	0.0180
>MA0968.1_bZIP68
0.2520	0.3360	0.1230	0.2890
0.1840	0.3320	0.2640	0.2200
0.6210	0.1310	0.1370	0.1110
0.0700	0.6510	0.1480	0.1310
0.1159	0.1628	0.6334	0.0879
0.0280	0.0580	0.0000	0.9140
0.0320	0.0000	0.9510	0.0170
0.0020	0.0731	0.5425	0.3824
0.2890	0.4760	0.1340	0.1010
>MA0969.1_CMTA2
0.3130	0.2030	0.2200	0.2640
0.3270	0.2370	0.1760	0.2600
0.3930	0.1210	0.2430	0.2430
0.2200	0.4380	0.3060	0.0360
0.0260	0.9550	0.0080	0.0110
0.0180	0.0110	0.9700	0.0010
0.0310	0.6820	0.0070	0.2800
0.0080	0.0070	0.9700	0.0150
0.0070	0.0110	0.0540	0.9280
>MA0970.1_CMTA3
0.2330	0.5400	0.1840	0.0430
0.0140	0.9730	0.0050	0.0080
0.0320	0.0000	0.9620	0.0060
0.0680	0.6640	0.0010	0.2670
0.0370	0.0000	0.9630	0.0000
0.0010	0.0010	0.0000	0.9980
0.2308	0.2737	0.2108	0.2847
0.2900	0.2470	0.2500	0.2130
0.2408	0.2577	0.2507	0.2507
>MA0971.1_DREB1A
0.5900	0.1180	0.1260	0.1660
0.1390	0.1590	0.1370	0.5650
0.0020	0.0000	0.9970	0.0010
0.0100	0.0140	0.0030	0.9730
0.0050	0.9900	0.0040	0.0010
0.0000	0.0000	0.9940	0.0060
0.0480	0.0000	0.9489	0.0030
0.0160	0.5040	0.0190	0.4610
0.3410	0.2400	0.2790	0.1400
0.3217	0.2048	0.3217	0.1518
>MA0972.1_CCA1
0.9349	0.0010	0.0100	0.0541
0.9600	0.0010	0.0370	0.0020
0.9850	0.0040	0.0100	0.0010
0.0350	0.0000	0.0050	0.9600
0.9920	0.0050	0.0010	0.0020
0.0010	0.0120	0.0010	0.9860
0.0050	0.9910	0.0000	0.0040
0.0210	0.0910	0.0140	0.8740
>MA0973.1_CDF2
0.3337	0.2837	0.2348	0.1479
0.6080	0.0920	0.1500	0.1500
0.6930	0.0160	0.0410	0.2500
0.9810	0.0100	0.0040	0.0050
0.9790	0.0100	0.0020	0.0090
0.8680	0.0290	0.0810	0.0220
0.0170	0.0070	0.9700	0.0060
0.0530	0.2950	0.1540	0.4980
0.3280	0.0770	0.3950	0.2000
0.2990	0.2820	0.1550	0.2640
>MA0974.1_CDF3
0.4466	0.1429	0.2198	0.1908
0.6076	0.0290	0.0651	0.2983
0.9940	0.0030	0.0010	0.0020
0.9890	0.0050	0.0000	0.0060
0.8800	0.0270	0.0830	0.0100
0.0190	0.0070	0.9680	0.0060
0.0700	0.2910	0.1600	0.4790
0.2222	0.1021	0.4955	0.1802
0.2860	0.3430	0.1690	0.2020
>MA0975.1_CRF2
0.0440	0.4775	0.3477	0.1309
0.1081	0.7838	0.0811	0.0270
0.0000	0.0000	1.0000	0.0000
0.0000	0.9770	0.0230	0.0000
0.0000	1.0000	0.0000	0.0000
0.0000	0.0000	1.0000	0.0000
0.0230	0.9310	0.0000	0.0460
0.1180	0.7350	0.0590	0.0880
>MA0976.1_CRF4
0.0699	0.3257	0.5345	0.0699
0.1079	0.7682	0.0619	0.0619
0.0000	0.0000	1.0000	0.0000
0.0000	0.9750	0.0250	0.0000
0.0000	1.0000	0.0000	0.0000
0.0000	0.0130	0.9870	0.0000
0.0680	0.7560	0.0680	0.1080
0.0969	0.7892	0.0649	0.0490
>MA0977.1_DOF2.5
0.7560	0.0260	0.1820	0.0360
0.5980	0.0010	0.0120	0.3890
0.9900	0.0010	0.0040	0.0050
0.9850	0.0010	0.0080	0.0060
0.7440	0.0010	0.2540	0.0010
0.0040	0.0010	0.9770	0.0180
0.0080	0.1980	0.0650	0.7290
0.2382	0.0440	0.5576	0.1602
>MA0978.1_DREB1E
0.9790	0.0020	0.0150	0.0040
0.0090	0.0150	0.0030	0.9730
0.0060	0.0010	0.9900	0.0030
0.0030	0.0030	0.0020	0.9920
0.0030	0.9920	0.0010	0.0040
0.0020	0.0020	0.9920	0.0040
0.1692	0.0000	0.8288	0.0020
0.0010	0.7900	0.0010	0.2080
>MA0979.1_ERF008
0.1480	0.7870	0.0240	0.0410
0.3347	0.0150	0.6334	0.0170
0.0270	0.8890	0.0580	0.0260
0.0390	0.9340	0.0190	0.0080
0.0659	0.0440	0.8641	0.0260
0.3197	0.5235	0.0559	0.1009
0.0700	0.8280	0.0680	0.0340
0.1000	0.4170	0.3290	0.1540
>MA0980.1_RAP2-10
0.0330	0.1279	0.7562	0.0829
0.0220	0.9420	0.0140	0.0220
0.1169	0.0050	0.8711	0.0070
0.0060	0.9120	0.0780	0.0040
0.0040	0.9810	0.0090	0.0060
0.0090	0.0070	0.9520	0.0320
0.0080	0.8380	0.0850	0.0690
0.0330	0.8590	0.0160	0.0920
>MA0981.1_DOF1.8
0.2510	0.2590	0.2560	0.2340
0.3207	0.1968	0.2498	0.2328
0.4150	0.1000	0.1350	0.3500
0.8128	0.0721	0.0380	0.0771
0.8310	0.0640	0.0030	0.1020
0.6573	0.2328	0.0270	0.0829
0.0651	0.0230	0.8468	0.0651
0.1698	0.2408	0.2308	0.3586
0.2680	0.1890	0.2700	0.2730
0.2880	0.2090	0.2690	0.2340
>MA0982.1_DOF2.4
0.3810	0.1710	0.2330	0.2150
0.4264	0.0901	0.1271	0.3564
0.8070	0.0710	0.0180	0.1040
0.8150	0.0660	0.0010	0.1180
0.6573	0.2517	0.0160	0.0749
0.0810	0.0730	0.7620	0.0840
0.1770	0.2420	0.2100	0.3710
>MA0983.1_DOF5.6
0.2537	0.2567	0.2617	0.2278
0.3640	0.1700	0.2270	0.2390
0.4320	0.0840	0.1080	0.3760
0.9540	0.0350	0.0010	0.0100
0.9271	0.0400	0.0010	0.0320
0.6124	0.3077	0.0559	0.0240
0.0500	0.0280	0.8840	0.0380
0.1520	0.2470	0.2130	0.3880
>MA0984.1_DOF5.7
0.4484	0.0861	0.2242	0.2412
0.6840	0.0120	0.0610	0.2430
0.9700	0.0040	0.0100	0.0160
0.8990	0.0030	0.0790	0.0190
0.3630	0.0420	0.5890	0.0060
0.4850	0.0610	0.4430	0.0110
0.1020	0.1910	0.4600	0.2470
0.1738	0.2148	0.4076	0.2038
>MA0985.1_DRE1C
0.9910	0.0030	0.0030	0.0030
0.0030	0.0030	0.0030	0.9910
0.0030	0.0030	0.9910	0.0030
0.0030	0.0030	0.0030	0.9910
0.0030	0.9910	0.0030	0.0030
0.0030	0.0030	0.9910	0.0030
0.0030	0.0030	0.9910	0.0030
0.0050	0.4950	0.0050	0.4950
>MA0986.1_DREB2C
0.1099	0.7562	0.1209	0.0130
0.8090	0.0030	0.1850	0.0030
0.0040	0.9850	0.0030	0.0080
0.0070	0.9860	0.0030	0.0040
0.0080	0.0030	0.9850	0.0040
0.7760	0.1580	0.0470	0.0190
0.0050	0.9770	0.0050	0.0130
0.8060	0.0500	0.0270	0.1170
>MA0987.1_PHYPADRAFT_140773
0.2430	0.2660	0.2530	0.2380
0.3023	0.2152	0.2603	0.2222
0.3956	0.1109	0.1728	0.3207
0.8871	0.0430	0.0100	0.0599
0.8920	0.0460	0.0010	0.0610
0.7150	0.2050	0.0280	0.0520
0.0720	0.0220	0.8390	0.0670
0.1820	0.2580	0.2290	0.3310
0.2710	0.1930	0.2710	0.2650
0.2803	0.2182	0.2723	0.2292
>MA0988.1_PHYPADRAFT_143875
0.2500	0.2720	0.2220	0.2560
0.2080	0.2310	0.3920	0.1690
0.1060	0.8440	0.0120	0.0380
0.9239	0.0000	0.0100	0.0661
0.0220	0.9391	0.0000	0.0390
0.0390	0.0000	0.9391	0.0220
0.0661	0.0100	0.0000	0.9239
0.0380	0.0120	0.8440	0.1060
0.1690	0.3920	0.2310	0.2080
0.2560	0.2220	0.2720	0.2500
>MA0989.1_PHYPADRAFT_153324
0.2530	0.2640	0.2610	0.2220
0.3340	0.1930	0.2550	0.2180
0.4815	0.0709	0.1179	0.3297
0.8601	0.0619	0.0130	0.0649
0.9260	0.0360	0.0000	0.0380
0.6720	0.1470	0.0520	0.1290
0.0709	0.0270	0.8971	0.0050
0.1390	0.2880	0.1950	0.3780
0.2850	0.1580	0.2970	0.2600
>MA0990.1_EDT1
0.2088	0.3916	0.1149	0.2847
0.5826	0.2563	0.0671	0.0941
0.4945	0.0270	0.0699	0.4086
0.0570	0.0110	0.0090	0.9230
0.3147	0.0549	0.0330	0.5974
0.9220	0.0280	0.0430	0.0070
0.8330	0.0390	0.0230	0.1050
0.1349	0.0260	0.0010	0.8382
0.0811	0.0250	0.7568	0.1371
0.2200	0.5040	0.0490	0.2270
>MA0992.1_ERF4
0.1688	0.5165	0.2248	0.0899
0.0650	0.7260	0.1150	0.0940
0.0240	0.0180	0.9520	0.0060
0.0120	0.8990	0.0830	0.0060
0.0120	0.9760	0.0120	0.0000
0.0060	0.0060	0.9880	0.0000
0.0561	0.6627	0.1311	0.1502
0.1229	0.7992	0.0390	0.0390
>MA0993.1_ERF7
0.2627	0.4416	0.1399	0.1558
0.0770	0.0140	0.8740	0.0350
0.0480	0.8680	0.0840	0.0000
0.1290	0.7700	0.0360	0.0650
0.0900	0.0250	0.8750	0.0100
0.1460	0.4560	0.1320	0.2660
0.2122	0.5936	0.0661	0.1281
0.4186	0.1738	0.2098	0.1978
0.2763	0.2082	0.1982	0.3173
0.2787	0.2088	0.2008	0.3117
>MA0994.1_ERF8
0.2020	0.5720	0.0970	0.1290
0.0380	0.0000	0.9590	0.0030
0.0090	0.9080	0.0640	0.0190
0.1140	0.8070	0.0310	0.0480
0.0750	0.0530	0.8410	0.0310
0.1540	0.4520	0.1510	0.2430
0.1972	0.6056	0.0581	0.1391
0.4490	0.1750	0.1840	0.1920
0.2730	0.2060	0.1850	0.3360
0.2903	0.2062	0.1922	0.3113
>MA0995.1_ERF039
0.2500	0.2360	0.2740	0.2400
0.1650	0.2420	0.1200	0.4730
0.0430	0.0110	0.9120	0.0340
0.1149	0.0859	0.1399	0.6593
0.0040	0.9890	0.0020	0.0050
0.0060	0.0020	0.9800	0.0120
0.0190	0.0080	0.9660	0.0070
0.0200	0.4164	0.0390	0.5245
0.2442	0.1702	0.3954	0.1902
0.2610	0.2250	0.3160	0.1980
>MA0996.1_ERF043
0.0010	0.0770	0.0010	0.9210
0.0010	0.0010	0.9970	0.0010
0.0010	0.0010	0.0010	0.9970
0.0010	0.9970	0.0010	0.0010
0.0010	0.0010	0.9970	0.0010
0.0010	0.0010	0.9970	0.0010
0.0010	0.2498	0.0010	0.7482
0.1998	0.1009	0.5984	0.1009
>MA0997.1_ERF069
0.1932	0.2943	0.3153	0.1972
0.1970	0.4710	0.1750	0.1570
0.0180	0.0000	0.9820	0.0000
0.0611	0.8288	0.0861	0.0240
0.0980	0.6800	0.0760	0.1460
0.1792	0.0000	0.8208	0.0000
0.1381	0.4194	0.2122	0.2302
0.2238	0.4036	0.1928	0.1798
0.3510	0.2090	0.2310	0.2090
>MA0998.1_ERF096
0.1930	0.3000	0.2800	0.2270
0.2890	0.4680	0.1670	0.0760
0.0340	0.0130	0.9399	0.0130
0.0320	0.9050	0.0360	0.0270
0.0970	0.8500	0.0210	0.0320
0.0430	0.0100	0.9280	0.0190
0.1290	0.5910	0.1310	0.1490
0.0350	0.9030	0.0240	0.0380
0.3840	0.1760	0.2400	0.2000
0.2330	0.2540	0.2230	0.2900
>MA0999.1_ERF098
0.2150	0.3170	0.2700	0.1980
0.2482	0.3564	0.2222	0.1732
0.0960	0.0630	0.8040	0.0370
0.0260	0.7460	0.1660	0.0620
0.1510	0.7690	0.0100	0.0700
0.1920	0.0390	0.7560	0.0130
0.1900	0.4480	0.1700	0.1920
0.1251	0.6777	0.0991	0.0981
>MA1001.1_ERF11
0.2060	0.3130	0.3160	0.1650
0.2132	0.4945	0.1231	0.1692
0.1090	0.0000	0.8870	0.0040
0.0250	0.8350	0.0550	0.0850
0.1451	0.7047	0.0511	0.0991
0.1310	0.0100	0.8280	0.0310
0.1900	0.3830	0.1540	0.2730
0.2580	0.4900	0.0770	0.1750
0.4240	0.1620	0.1810	0.2330
0.2760	0.1960	0.2040	0.3240
>MA1002.1_ERF112
0.1888	0.2398	0.3916	0.1798
0.1000	0.4360	0.3460	0.1180
0.2232	0.6056	0.1171	0.0541
0.0150	0.0010	0.9121	0.0719
0.0000	0.9970	0.0020	0.0010
0.0420	0.9510	0.0040	0.0030
0.0360	0.0280	0.9030	0.0330
0.1708	0.5175	0.1009	0.2108
0.2358	0.6603	0.0370	0.0669
0.4775	0.1329	0.2398	0.1499
