# JASPAR2020_fungi motif database
# Retrieved from:
#     * http://jaspar.genereg.net/download/CORE/JASPAR2020_CORE_fungi_non-redundant_pfms_transfac.txt
#     * http://jaspar.genereg.net/download/collections/JASPAR2020_UNVALIDATED_fungi_pfms_transfac.txt
# Note: this file also contains the unvalidated motifs from JASPAR.
#       These have not been confirmed by orthogonal evidence and have 
#       a motif id that starts with UN.
# Date: 2019-10-18
>MA0265.1_ABF1
0.1100	0.4100	0.0400	0.4400
0.0000	0.9900	0.0000	0.0100
0.0000	0.0000	1.0000	0.0000
0.0000	0.0000	0.0000	1.0000
0.4100	0.1700	0.2200	0.2000
0.2200	0.2400	0.2600	0.2800
0.3900	0.1600	0.2800	0.1700
0.3400	0.1800	0.2000	0.2800
0.4000	0.2100	0.2400	0.1500
0.4184	0.0000	0.5816	0.0000
0.1188	0.2475	0.0891	0.5445
0.0000	0.0000	0.8100	0.1900
0.9200	0.0800	0.0000	0.0000
0.0000	0.4500	0.0900	0.4600
0.3700	0.2200	0.1800	0.2300
0.3400	0.1800	0.1400	0.3400
>MA0266.1_ABF2
0.1800	0.3900	0.2500	0.1800
0.0900	0.0900	0.0200	0.8000
0.0000	1.0000	0.0000	0.0000
0.0000	0.0000	0.0000	1.0000
1.0000	0.0000	0.0000	0.0000
0.0000	0.0000	1.0000	0.0000
0.9406	0.0198	0.0198	0.0198
>MA0267.1_ACE2
0.4545	0.2828	0.2121	0.0505
0.0100	0.9200	0.0600	0.0100
0.0000	1.0000	0.0000	0.0000
0.9000	0.1000	0.0000	0.0000
0.0000	0.0000	1.0000	0.0000
0.0000	1.0000	0.0000	0.0000
0.4900	0.2000	0.1700	0.1400
>MA0268.1_ADR1
0.4100	0.2400	0.1300	0.2200
0.0000	1.0000	0.0000	0.0000
0.0000	0.8500	0.0000	0.1500
0.0000	1.0000	0.0000	0.0000
0.0000	1.0000	0.0000	0.0000
0.6400	0.0600	0.2000	0.1000
0.3400	0.5100	0.0600	0.0900
>MA0269.1_AFT1
0.1062	0.2054	0.2315	0.4569
0.1553	0.2495	0.2204	0.3747
0.3627	0.1974	0.2214	0.2184
0.1795	0.3972	0.2227	0.2006
0.4269	0.2315	0.1543	0.1874
0.1364	0.0782	0.1424	0.6429
0.7174	0.0251	0.0311	0.2265
0.1451	0.0310	0.2883	0.5355
0.0341	0.0471	0.0391	0.8798
0.1603	0.0100	0.8136	0.0160
0.0100	0.9689	0.0110	0.0100
0.9620	0.0090	0.0150	0.0140
0.0080	0.9730	0.0090	0.0100
0.0251	0.9569	0.0020	0.0160
0.0191	0.7422	0.0130	0.2257
0.1815	0.2578	0.4955	0.0652
0.2655	0.2525	0.2415	0.2405
0.2876	0.1553	0.1834	0.3737
0.2766	0.1804	0.0681	0.4749
0.1234	0.2257	0.3581	0.2929
0.1543	0.2365	0.4589	0.1503
>MA0270.1_AFT2
0.0800	0.4500	0.2700	0.2000
0.7000	0.0000	0.3000	0.0000
0.0000	1.0000	0.0000	0.0000
1.0000	0.0000	0.0000	0.0000
0.0000	1.0000	0.0000	0.0000
0.0000	1.0000	0.0000	0.0000
0.0000	1.0000	0.0000	0.0000
0.0909	0.4242	0.2727	0.2121
>MA0271.1_ARG80
0.5633	0.0000	0.0000	0.4367
0.0000	0.0000	1.0000	0.0000
1.0000	0.0000	0.0000	0.0000
0.0000	1.0000	0.0000	0.0000
0.2292	0.0000	0.4115	0.3594
0.0000	0.9275	0.0000	0.0725
>MA0272.1_ARG81
0.2980	0.0606	0.4192	0.2222
0.0366	0.0000	0.0244	0.9390
0.0772	0.0000	0.9228	0.0000
1.0000	0.0000	0.0000	0.0000
0.0000	0.9963	0.0000	0.0037
0.0061	0.0000	0.0000	0.9939
0.0000	1.0000	0.0000	0.0000
0.3172	0.3172	0.0215	0.3441
>MA0273.1_ARO80
0.1022	0.1553	0.5321	0.2104
0.3307	0.1934	0.3016	0.1743
0.1263	0.2325	0.3176	0.3236
0.4074	0.2533	0.2032	0.1361
0.3908	0.1934	0.2295	0.1864
0.3106	0.1984	0.1353	0.3557
0.0831	0.1542	0.3363	0.4264
0.0400	0.7447	0.0300	0.1852
0.0050	0.2317	0.0080	0.7553
0.0050	0.9890	0.0010	0.0050
0.0010	0.0220	0.9760	0.0010
0.0010	0.0050	0.9920	0.0020
0.0150	0.3597	0.2956	0.3297
0.6713	0.0040	0.0060	0.3186
0.6907	0.0681	0.0601	0.1812
0.1052	0.2224	0.3727	0.2996
0.2693	0.1191	0.1932	0.4184
0.3537	0.2104	0.2054	0.2305
0.2573	0.2172	0.1782	0.3473
0.2365	0.1032	0.3497	0.3106
0.2786	0.2525	0.1703	0.2986
>MA0274.1_ARR1
1.0000	0.0000	0.0000	0.0000
0.1194	0.3731	0.1443	0.3632
0.1604	0.3743	0.0000	0.4652
0.0000	0.0000	0.0000	1.0000
0.3120	0.0000	0.6880	0.0000
0.7088	0.2253	0.0659	0.0000
0.8106	0.0000	0.1716	0.0178
0.0671	0.0000	0.1463	0.7866
>MA0275.1_ASG1
0.0000	0.7600	0.0000	0.2400
0.0000	1.0000	0.0000	0.0000
0.0000	0.0000	1.0000	0.0000
0.0000	0.0000	1.0000	0.0000
0.7273	0.1111	0.1616	0.0000
0.5300	0.0000	0.0000	0.4700
>MA0276.1_ASH1
0.0000	0.8365	0.0304	0.1331
0.0000	0.9898	0.0000	0.0102
0.2711	0.0933	0.5911	0.0444
0.2578	0.2400	0.4489	0.0533
0.7065	0.0000	0.2935	0.0000
0.0000	0.0663	0.0482	0.8855
0.1460	0.6637	0.0354	0.1549
0.4040	0.0000	0.4646	0.1313
0.0000	0.0290	0.9022	0.0688
0.0000	0.0000	0.9343	0.0657
>MA0277.1_AZF1
0.6176	0.1275	0.1275	0.1275
1.0000	0.0000	0.0000	0.0000
1.0000	0.0000	0.0000	0.0000
0.8713	0.1287	0.0000	0.0000
0.7500	0.0000	0.2500	0.0000
0.0000	0.0000	1.0000	0.0000
0.7800	0.1600	0.0300	0.0300
0.8182	0.0606	0.0606	0.0606
0.6176	0.1275	0.1275	0.1275
>MA0278.1_BAS1
0.0641	0.2174	0.4259	0.2926
0.1042	0.5531	0.1503	0.1924
0.4855	0.1113	0.1143	0.2889
0.0782	0.4018	0.1864	0.3337
0.4559	0.0511	0.3707	0.1222
0.2485	0.0341	0.6713	0.0461
0.0982	0.7254	0.1433	0.0331
0.0522	0.9208	0.0070	0.0201
0.3487	0.3467	0.2806	0.0240
0.0120	0.0030	0.9790	0.0060
0.9679	0.0050	0.0230	0.0040
0.0261	0.0060	0.9639	0.0040
0.0090	0.0100	0.0040	0.9770
0.0470	0.9309	0.0070	0.0150
0.8929	0.0420	0.0160	0.0490
0.4880	0.1232	0.3206	0.0681
0.2883	0.1401	0.3173	0.2543
0.3737	0.1102	0.0812	0.4349
0.1785	0.3681	0.1846	0.2688
0.4032	0.1404	0.3420	0.1143
0.4354	0.2292	0.2412	0.0941
>MA0279.1_CAD1
0.9122	0.0444	0.0435	0.0000
0.0443	0.0000	0.0000	0.9557
0.0000	0.0000	0.0000	1.0000
0.8749	0.0454	0.0000	0.0797
0.2642	0.0935	0.6424	0.0000
0.0000	0.0000	0.0000	1.0000
0.9043	0.0957	0.0000	0.0000
1.0000	0.0000	0.0000	0.0000
0.0000	0.0000	0.6396	0.3604
0.0000	0.9556	0.0000	0.0444
>MA0280.1_CAT8
0.0000	1.0000	0.0000	0.0000
0.0000	1.0000	0.0000	0.0000
0.0000	0.0000	1.0000	0.0000
0.0000	0.0000	1.0000	0.0000
0.6600	0.1300	0.2100	0.0000
0.3200	0.1800	0.2800	0.2200
>MA0281.1_CBF1
0.1919	0.0808	0.5353	0.1919
0.0297	0.9109	0.0297	0.0297
1.0000	0.0000	0.0000	0.0000
0.0000	1.0000	0.0000	0.0000
0.0000	0.0000	1.0000	0.0000
0.0000	0.0000	0.0000	1.0000
0.0000	0.0000	1.0000	0.0000
0.7129	0.1683	0.0594	0.0594
>MA0282.1_CEP3
0.0400	0.5600	0.0400	0.3600
0.0000	0.0000	0.0000	1.0000
0.0000	1.0000	0.0000	0.0000
0.0000	0.0000	1.0000	0.0000
0.0000	0.0000	1.0000	0.0000
0.9100	0.0100	0.0100	0.0700
0.9109	0.0297	0.0297	0.0297
0.4200	0.2100	0.2100	0.1600
>MA0283.1_CHA4
0.2200	0.0500	0.6800	0.0500
0.0000	0.0000	1.0000	0.0000
0.0000	1.0000	0.0000	0.0000
0.0000	0.0000	1.0000	0.0000
0.0000	0.0000	1.0000	0.0000
0.7172	0.0000	0.2828	0.0000
0.2200	0.0100	0.7600	0.0100
0.4848	0.1010	0.1010	0.3131
>MA0284.1_CIN5
0.0000	0.0000	0.0900	0.9100
0.1313	0.0707	0.2323	0.5656
1.0000	0.0000	0.0000	0.0000
0.1089	0.5346	0.0495	0.3069
0.2000	0.1600	0.5700	0.0700
0.0000	0.0000	0.0000	1.0000
0.9100	0.0900	0.0000	0.0000
1.0000	0.0000	0.0000	0.0000
0.0198	0.1386	0.3762	0.4653
0.1500	0.7000	0.0800	0.0700
>MA1432.1_cre-1
0.0080	0.9870	0.0000	0.0050
0.0000	0.7595	0.0000	0.2405
0.0651	0.8729	0.0390	0.0230
0.0000	1.0000	0.0000	0.0000
0.4995	0.0000	0.4895	0.0110
0.1394	0.3771	0.2528	0.2307
0.2846	0.2305	0.2445	0.2405
0.2808	0.2989	0.2618	0.1585
>MA0285.1_CRZ1
0.2000	0.4800	0.1800	0.1400
0.2828	0.2222	0.1717	0.3232
0.3700	0.3000	0.2200	0.1100
0.6237	0.3564	0.0099	0.0099
0.0000	0.0000	1.0000	0.0000
0.0000	1.0000	0.0000	0.0000
0.0000	1.0000	0.0000	0.0000
0.4200	0.3000	0.0700	0.2100
0.0707	0.7677	0.0808	0.0808
>MA0286.1_CST6
0.4653	0.1089	0.3168	0.1089
0.0101	0.0101	0.0101	0.9697
0.0100	0.0100	0.9100	0.0700
1.0000	0.0000	0.0000	0.0000
0.0000	1.0000	0.0000	0.0000
0.0500	0.0000	0.9500	0.0000
0.0000	0.0000	0.0000	1.0000
0.4545	0.2828	0.0808	0.1818
0.4600	0.1400	0.2000	0.2000
>MA0287.1_CUP2
0.0001	0.7775	0.0001	0.2222
0.9997	0.0001	0.0001	0.0001
0.0001	0.0001	0.9997	0.0001
0.2222	0.7775	0.0001	0.0001
0.6665	0.0001	0.3333	0.0001
0.4444	0.1112	0.4444	0.0001
0.9997	0.0001	0.0001	0.0001
0.9997	0.0001	0.0001	0.0001
0.7775	0.0001	0.2222	0.0001
0.4444	0.0001	0.0001	0.5554
0.2222	0.0001	0.7775	0.0001
>MA0288.1_CUP9
0.0707	0.1010	0.0303	0.7980
0.0000	0.0000	1.0000	0.0000
0.8400	0.0000	0.0900	0.0700
0.0100	0.9900	0.0000	0.0000
0.9100	0.0000	0.0900	0.0000
0.0000	0.6400	0.0900	0.2700
0.7500	0.1500	0.0000	0.1000
0.4000	0.0000	0.0000	0.6000
0.3900	0.1300	0.0300	0.4500
>MA0289.1_DAL80
0.1089	0.6633	0.0594	0.1683
0.0000	0.0000	1.0000	0.0000
1.0000	0.0000	0.0000	0.0000
0.0000	0.0000	0.0000	1.0000
1.0000	0.0000	0.0000	0.0000
0.9091	0.0101	0.0101	0.0707
0.0300	0.1900	0.7500	0.0300
>MA0290.1_DAL81
1.0000	0.0000	0.0000	0.0000
1.0000	0.0000	0.0000	0.0000
1.0000	0.0000	0.0000	0.0000
1.0000	0.0000	0.0000	0.0000
0.0000	0.0000	1.0000	0.0000
0.0000	1.0000	0.0000	0.0000
0.0000	1.0000	0.0000	0.0000
0.0000	0.0000	1.0000	0.0000
0.0000	1.0000	0.0000	0.0000
0.0000	0.0000	1.0000	0.0000
0.0000	0.0000	1.0000	0.0000
0.0000	0.0000	1.0000	0.0000
0.0000	1.0000	0.0000	0.0000
0.0000	0.0000	1.0000	0.0000
0.0000	0.0000	1.0000	0.0000
0.0000	0.0000	1.0000	0.0000
1.0000	0.0000	0.0000	0.0000
0.0000	0.0000	0.0000	1.0000
0.0000	0.0000	0.0000	1.0000
>MA0291.1_DAL82
0.5714	0.1429	0.1429	0.1429
0.5247	0.1089	0.0495	0.3168
0.3900	0.0300	0.0300	0.5500
0.2600	0.1100	0.4200	0.2100
0.0000	0.2600	0.0000	0.7400
0.0000	0.0000	1.0000	0.0000
0.0000	1.0000	0.0000	0.0000
0.0000	0.0000	1.0000	0.0000
0.1089	0.6733	0.1089	0.1089
>MA0351.1_DOT6
0.2786	0.1353	0.2315	0.3547
0.1942	0.2503	0.2663	0.2893
0.1563	0.3327	0.2234	0.2876
0.1311	0.2492	0.2683	0.3514
0.2397	0.0853	0.4012	0.2738
0.1413	0.4810	0.1453	0.2325
0.5170	0.0591	0.1383	0.2856
0.0792	0.4208	0.3928	0.1072
0.0290	0.7708	0.1972	0.0030
0.0060	0.0521	0.0831	0.8589
0.0010	0.9930	0.0040	0.0020
0.9739	0.0000	0.0010	0.0251
0.0010	0.0000	0.0271	0.9719
0.0000	0.9709	0.0010	0.0281
0.0360	0.0090	0.8769	0.0781
0.2237	0.5767	0.1775	0.0221
0.2803	0.2653	0.2523	0.2022
0.1882	0.2983	0.0721	0.4414
0.1633	0.4359	0.2084	0.1924
0.1535	0.3721	0.1836	0.2909
0.1854	0.1493	0.2024	0.4629
>MA0292.1_ECM22
0.2828	0.3636	0.0707	0.2828
0.1414	0.0707	0.0707	0.7172
0.0000	1.0000	0.0000	0.0000
0.0000	1.0000	0.0000	0.0000
0.0000	0.1400	0.8600	0.0000
0.0000	0.0000	0.8600	0.1400
0.9300	0.0000	0.0700	0.0000
>MA0293.1_ECM23
0.3100	0.2500	0.2300	0.2100
0.3300	0.2500	0.2200	0.2000
0.7200	0.1100	0.1000	0.0700
0.1000	0.0200	0.8600	0.0200
1.0000	0.0000	0.0000	0.0000
0.0300	0.0000	0.0000	0.9700
0.0099	0.8911	0.0297	0.0693
0.1400	0.1900	0.1400	0.5300
0.3000	0.2300	0.2100	0.2600
0.3168	0.2475	0.2475	0.1881
0.3030	0.2626	0.2222	0.2121
>MA0294.1_EDS1
0.1414	0.5252	0.1414	0.1919
0.0000	0.0000	1.0000	0.0000
0.0000	0.0000	1.0000	0.0000
1.0000	0.0000	0.0000	0.0000
0.7600	0.0000	0.0000	0.2400
0.4752	0.2376	0.0990	0.1881
1.0000	0.0000	0.0000	0.0000
0.8283	0.0101	0.0101	0.1515
0.1500	0.2000	0.1100	0.5400
>MA0420.1_ERT1
0.5151	0.1010	0.2222	0.1616
0.0600	0.4700	0.0600	0.4100
0.0000	1.0000	0.0000	0.0000
0.0000	0.0000	1.0000	0.0000
0.0000	0.0000	1.0000	0.0000
1.0000	0.0000	0.0000	0.0000
1.0000	0.0000	0.0000	0.0000
0.0404	0.6363	0.0404	0.2828
>MA0295.1_FHL1
0.0000	0.1000	0.9000	0.0000
1.0000	0.0000	0.0000	0.0000
0.0000	1.0000	0.0000	0.0000
0.0000	0.0000	1.0000	0.0000
0.0000	1.0000	0.0000	0.0000
0.9000	0.0000	0.0000	0.1000
0.4706	0.2745	0.1765	0.0784
0.5500	0.1500	0.1500	0.1500
>MA0296.1_FKH1
0.1775	0.2879	0.2076	0.3270
0.2475	0.1924	0.3347	0.2255
0.5205	0.0841	0.0981	0.2973
0.5271	0.0762	0.1293	0.2675
0.3654	0.0731	0.1502	0.4114
0.1192	0.1463	0.1333	0.6012
0.1463	0.0040	0.8487	0.0010
0.0070	0.0030	0.0000	0.9900
0.9619	0.0371	0.0000	0.0010
0.9790	0.0110	0.0010	0.0090
0.9920	0.0010	0.0020	0.0050
0.0010	0.9269	0.0010	0.0711
0.9920	0.0010	0.0030	0.0040
0.8757	0.0391	0.0160	0.0691
0.6723	0.0491	0.0701	0.2084
0.2485	0.1914	0.4078	0.1523
0.3747	0.1583	0.2966	0.1703
0.2846	0.1844	0.3307	0.2004
0.2054	0.1162	0.4529	0.2255
0.4218	0.1924	0.2485	0.1373
>MA0297.1_FKH2
0.1287	0.0000	0.8713	0.0000
0.0000	0.0000	0.0000	1.0000
1.0000	0.0000	0.0000	0.0000
1.0000	0.0000	0.0000	0.0000
1.0000	0.0000	0.0000	0.0000
0.0000	1.0000	0.0000	0.0000
1.0000	0.0000	0.0000	0.0000
>MA0298.1_FZF1
0.0000	1.0000	0.0000	0.0000
0.0000	0.0000	0.0000	1.0000
1.0000	0.0000	0.0000	0.0000
0.0000	0.0000	0.0000	1.0000
0.0000	1.0000	0.0000	0.0000
1.0000	0.0000	0.0000	0.0000
>MA0299.1_GAL4
0.0000	1.0000	0.0000	0.0000
0.0000	0.0000	1.0000	0.0000
0.0000	0.1560	0.8095	0.0345
0.2528	0.2129	0.3013	0.2330
0.0949	0.3694	0.3739	0.1618
0.3164	0.2515	0.3111	0.1211
0.7862	0.0000	0.1808	0.0329
0.1978	0.4520	0.2825	0.0677
0.6409	0.1122	0.0000	0.2469
0.2060	0.1851	0.5452	0.0638
0.0305	0.2440	0.1572	0.5682
0.3661	0.1618	0.3457	0.1264
0.0000	0.4806	0.2438	0.2756
0.0771	0.1287	0.1375	0.6567
0.0000	1.0000	0.0000	0.0000
>MA0300.1_GAT1
0.1287	0.4356	0.1881	0.2475
0.1700	0.4200	0.0500	0.3600
0.0000	0.0000	1.0000	0.0000
1.0000	0.0000	0.0000	0.0000
0.0000	0.0000	0.0000	1.0000
1.0000	0.0000	0.0000	0.0000
1.0000	0.0000	0.0000	0.0000
0.0303	0.0909	0.8485	0.0303
>MA0301.1_GAT3
0.6500	0.0900	0.2000	0.0600
0.0808	0.0202	0.8889	0.0101
0.9200	0.0000	0.0000	0.0800
0.1200	0.0000	0.0100	0.8700
0.0300	0.9400	0.0100	0.0200
0.0600	0.2700	0.0400	0.6300
0.5100	0.1900	0.1800	0.1200
0.2828	0.3333	0.2121	0.1717
0.3232	0.2525	0.2121	0.2121
>MA0302.1_GAT4
0.3564	0.2079	0.2376	0.1980
0.3069	0.2574	0.1782	0.2574
0.8000	0.0400	0.1200	0.0400
0.0303	0.0000	0.9697	0.0000
0.9800	0.0000	0.0000	0.0200
0.0000	0.0000	0.0000	1.0000
0.0000	1.0000	0.0000	0.0000
0.0500	0.2800	0.0300	0.6400
0.4000	0.2000	0.2300	0.1700
0.2828	0.2626	0.2323	0.2222
0.3333	0.2424	0.2121	0.2121
>MA0303.1_GCN4
0.2184	0.2956	0.2455	0.2405
0.3717	0.2174	0.2685	0.1423
0.3627	0.2134	0.1503	0.2735
0.2826	0.1192	0.3257	0.2725
0.2756	0.1774	0.3166	0.2305
0.1692	0.1401	0.3654	0.3253
0.5361	0.0351	0.4138	0.0150
0.0110	0.0080	0.0060	0.9749
0.0020	0.0050	0.9359	0.0571
0.9699	0.0130	0.0040	0.0130
0.0020	0.4339	0.5631	0.0010
0.0130	0.0040	0.0130	0.9699
0.0571	0.9359	0.0050	0.0020
0.9749	0.0060	0.0080	0.0110
0.0150	0.4138	0.0351	0.5361
0.3764	0.2903	0.1311	0.2022
0.2072	0.3544	0.1942	0.2442
0.2846	0.2164	0.2024	0.2966
0.2265	0.2345	0.1774	0.3617
0.2545	0.3297	0.2325	0.1834
0.3377	0.1693	0.1954	0.2976
>MA0304.1_GCR1
0.2714	0.0117	0.0291	0.6878
0.0000	0.0577	0.9423	0.0000
0.0000	0.0089	0.9911	0.0000
1.0000	0.0000	0.0000	0.0000
0.8765	0.0041	0.0000	0.1195
0.0036	0.0053	0.9421	0.0490
0.2216	0.6823	0.0000	0.0962
0.0000	0.7436	0.0058	0.2506
>MA0305.1_GCR2
0.1429	0.1429	0.6450	0.0693
0.0000	1.0000	0.0000	0.0000
0.0671	0.0000	0.0061	0.9268
0.0000	0.0000	0.0000	1.0000
0.0000	0.9701	0.0000	0.0299
0.0000	0.9963	0.0037	0.0000
0.3333	0.2842	0.0328	0.3497
>MA0306.1_GIS1
0.4100	0.2200	0.1200	0.2500
0.0000	0.9700	0.0000	0.0300
0.0000	1.0000	0.0000	0.0000
0.0000	1.0000	0.0000	0.0000
0.0000	0.8700	0.0000	0.1300
0.0000	0.0000	0.0000	1.0000
0.4900	0.0400	0.1500	0.3200
0.4600	0.1100	0.1600	0.2700
0.3232	0.1919	0.1818	0.3030
>MA0307.1_GLN3
0.0000	0.0000	1.0000	0.0000
1.0000	0.0000	0.0000	0.0000
0.0000	0.0000	0.0000	1.0000
0.7400	0.0000	0.0000	0.2600
0.6100	0.0000	0.2700	0.1200
>MA0308.1_GSM1
0.3226	0.2074	0.1904	0.2796
0.1602	0.1722	0.2292	0.4384
0.2194	0.2896	0.1683	0.3226
0.4619	0.1242	0.1844	0.2295
0.3493	0.2012	0.2332	0.2162
0.3427	0.1443	0.2816	0.2315
0.5671	0.0220	0.0170	0.3938
0.8507	0.0090	0.0200	0.1202
0.4008	0.1643	0.1824	0.2525
0.0030	0.9178	0.0100	0.0691
0.0040	0.1775	0.0381	0.7803
0.0030	0.9870	0.0010	0.0090
0.0000	0.9749	0.0251	0.0000
0.0000	0.0301	0.9689	0.0010
0.1363	0.0040	0.8507	0.0090
0.7101	0.0602	0.1976	0.0321
0.2899	0.1836	0.4393	0.0873
0.1642	0.1722	0.2052	0.4585
0.3737	0.1012	0.2325	0.2926
0.2255	0.1683	0.2996	0.3066
0.3230	0.2126	0.1956	0.2688
>MA0309.1_GZF3
0.1800	0.3900	0.0200	0.4100
0.0000	0.0000	1.0000	0.0000
1.0000	0.0000	0.0000	0.0000
0.0000	0.0000	0.0000	1.0000
1.0000	0.0000	0.0000	0.0000
0.7300	0.0900	0.0000	0.1800
0.0396	0.3762	0.5841	0.0000
0.3900	0.1800	0.2700	0.1600
>MA0310.1_HAC1
0.2376	0.0594	0.5544	0.1485
0.6800	0.3200	0.0000	0.0000
0.0000	1.0000	0.0000	0.0000
1.0000	0.0000	0.0000	0.0000
0.0000	1.0000	0.0000	0.0000
0.0000	0.0000	1.0000	0.0000
0.0000	0.0000	0.0000	1.0000
0.2700	0.1800	0.4100	0.1400
>MA0311.1_HAL9
0.0000	1.0000	0.0000	0.0000
0.0000	0.0000	1.0000	0.0000
0.0000	0.0000	1.0000	0.0000
1.0000	0.0000	0.0000	0.0000
0.6262	0.0000	0.3737	0.0000
>MA0312.1_HAP1
0.0000	1.0000	0.0000	0.0000
0.0000	0.0000	1.0000	0.0000
0.0000	0.0000	1.0000	0.0000
0.8900	0.0000	0.1100	0.0000
0.0500	0.2600	0.5300	0.1600
0.5100	0.0400	0.0400	0.4100
0.0400	0.0400	0.0400	0.8800
0.5700	0.1100	0.1100	0.2100
>MA0313.1_HAP2
0.0000	0.0000	0.0000	1.0000
0.0000	0.0000	0.0102	0.9898
0.0056	0.0000	0.9944	0.0000
0.0000	0.0000	0.9982	0.0018
0.1580	0.3790	0.0307	0.4324
>MA0314.1_HAP3
0.0000	0.1822	0.1896	0.6282
0.1206	0.6760	0.0971	0.1063
0.0000	0.1623	0.0000	0.8377
0.0332	0.3039	0.4990	0.1640
1.0000	0.0000	0.0000	0.0000
0.0000	0.0000	0.0000	1.0000
0.0000	0.0000	0.0000	1.0000
0.0000	0.0000	1.0000	0.0000
0.0000	0.0000	1.0000	0.0000
0.0000	0.4886	0.0000	0.5114
0.0331	0.3991	0.1383	0.4295
0.2593	0.3766	0.3327	0.0314
0.4893	0.0889	0.3081	0.1138
0.3572	0.0874	0.4440	0.1114
0.5030	0.1914	0.0941	0.2114
>MA0316.1_HAP5
0.1457	0.2126	0.2349	0.4068
0.0463	0.4432	0.4881	0.0225
0.0249	0.3330	0.5469	0.0953
0.1807	0.2487	0.4715	0.0991
0.3858	0.3081	0.0934	0.2127
0.0287	0.1439	0.2876	0.5398
0.0213	0.6957	0.1472	0.1357
0.0000	0.1586	0.0000	0.8414
0.1182	0.2880	0.4192	0.1746
1.0000	0.0000	0.0000	0.0000
0.0000	0.0000	0.0000	1.0000
0.0000	0.0000	0.0563	0.9437
0.0927	0.0000	0.9073	0.0000
0.0851	0.1171	0.7360	0.0617
0.0000	0.3812	0.0000	0.6188
>MA0317.1_HCM1
0.5100	0.1600	0.2500	0.0800
0.2700	0.0800	0.0400	0.6100
0.6633	0.3168	0.0099	0.0099
0.9500	0.0500	0.0000	0.0000
1.0000	0.0000	0.0000	0.0000
0.0100	0.8600	0.0000	0.1300
0.9406	0.0198	0.0198	0.0198
0.5757	0.1717	0.1111	0.1414
>MA0327.1_HMRA1
0.5000	0.0000	0.5000	0.0000
0.0000	1.0000	0.0000	0.0000
1.0000	0.0000	0.0000	0.0000
0.0000	1.0000	0.0000	0.0000
1.0000	0.0000	0.0000	0.0000
1.0000	0.0000	0.0000	0.0000
0.0000	0.0000	0.0000	1.0000
>MA0318.1_HMRA2
0.0600	0.6700	0.0600	0.2100
0.5400	0.0000	0.4600	0.0000
0.0400	0.0000	0.0000	0.9600
0.0000	0.0000	1.0000	0.0000
0.0000	0.0000	0.0000	1.0000
0.9300	0.0000	0.0000	0.0700
0.8713	0.0198	0.0198	0.0891
0.4000	0.0800	0.0800	0.4400
>MA0319.1_HSF1
0.6832	0.1287	0.1287	0.0594
0.0198	0.0198	0.0198	0.9406
0.1900	0.0000	0.8100	0.0000
0.0000	0.0000	1.0000	0.0000
1.0000	0.0000	0.0000	0.0000
1.0000	0.0000	0.0000	0.0000
0.0600	0.5600	0.1900	0.1900
0.4848	0.1111	0.2323	0.1717
>MA0320.1_IME1
0.0000	1.0000	0.0000	0.0000
0.0000	0.7918	0.2082	0.0000
0.0000	0.0000	1.0000	0.0000
0.0000	1.0000	0.0000	0.0000
0.0000	0.6774	0.2688	0.0538
0.0000	0.0000	1.0000	0.0000
1.0000	0.0000	0.0000	0.0000
0.0567	0.0000	0.9433	0.0000
>MA0321.1_INO2
0.0723	0.1165	0.7952	0.0161
0.0000	1.0000	0.0000	0.0000
0.9337	0.0422	0.0000	0.0241
0.0000	0.1429	0.0000	0.8571
0.0264	0.0000	0.9736	0.0000
0.0482	0.0000	0.0663	0.8855
0.0000	0.1236	0.8764	0.0000
0.7833	0.0889	0.1278	0.0000
0.8121	0.0121	0.0303	0.1455
>MA0322.1_INO4
0.1198	0.1901	0.6694	0.0207
0.0000	0.9255	0.0000	0.0745
0.8166	0.0828	0.0000	0.1006
0.0000	0.0000	0.0000	1.0000
0.0376	0.0000	0.9624	0.0000
0.0000	0.0000	0.0000	1.0000
0.0659	0.0000	0.9341	0.0000
0.8295	0.0398	0.1307	0.0000
0.8114	0.0400	0.1486	0.0000
>MA0323.1_IXR1
1.0000	0.0000	0.0000	0.0000
0.7658	0.0000	0.0000	0.2342
0.3269	0.0000	0.5385	0.1346
0.1069	0.8702	0.0000	0.0229
0.2398	0.7602	0.0000	0.0000
0.2398	0.0000	0.7602	0.0000
0.1197	0.0000	0.7222	0.1581
0.6302	0.0000	0.3698	0.0000
0.7658	0.0000	0.0000	0.2342
0.0000	0.0000	1.0000	0.0000
0.0000	1.0000	0.0000	0.0000
0.1029	0.0000	0.8970	0.0000
0.0206	0.0000	0.9794	0.0000
0.0000	0.0000	0.5308	0.4692
0.0000	0.0000	0.8970	0.1029
>MA0324.1_LEU3
0.0000	1.0000	0.0000	0.0000
0.0000	1.0000	0.0000	0.0000
0.0000	0.0000	0.5656	0.4343
0.2000	0.0000	0.3500	0.4500
0.2574	0.3366	0.0000	0.4059
0.4700	0.1200	0.1600	0.2500
0.0000	0.6100	0.3900	0.0000
0.0000	1.0000	0.0000	0.0000
0.0000	0.0000	1.0000	0.0000
0.0000	0.3200	0.6800	0.0000
>MA0325.1_LYS14
0.2079	0.4851	0.2079	0.0990
0.0400	0.8200	0.1000	0.0400
0.0000	0.0000	1.0000	0.0000
0.0000	0.0000	1.0000	0.0000
1.0000	0.0000	0.0000	0.0000
1.0000	0.0000	0.0000	0.0000
0.0600	0.0000	0.0000	0.9400
0.1287	0.1287	0.0693	0.6733
>MA0326.1_MAC1
0.0621	0.0000	0.0000	0.9379
0.0506	0.0000	0.1245	0.8249
0.0000	0.0000	0.0000	1.0000
0.0671	0.0000	0.9329	0.0000
0.0000	1.0000	0.0000	0.0000
0.0000	0.0000	0.0000	1.0000
0.0000	1.0000	0.0000	0.0000
0.5550	0.0000	0.3795	0.0655
>MA0328.2_MATALPHA2
0.0000	0.8158	0.0000	0.1842
0.4550	0.0000	0.5350	0.0100
0.0000	0.0620	0.0000	0.9380
0.0260	0.0000	0.9740	0.0000
0.0000	0.0000	0.0000	1.0000
0.9109	0.0000	0.0090	0.0801
0.6396	0.0721	0.0410	0.2472
0.3944	0.0280	0.0000	0.5776
>MA0329.1_MBP1
0.5500	0.1000	0.1800	0.1700
0.0000	1.0000	0.0000	0.0000
0.1500	0.0000	0.8500	0.0000
0.0000	0.8800	0.0000	0.1200
0.0000	0.0200	0.9800	0.0000
0.3500	0.1700	0.0900	0.3900
0.3333	0.3030	0.1818	0.1818
>MA0330.1_MBP1::SWI6
0.6753	0.0000	0.0180	0.3067
0.0037	0.9838	0.0045	0.0080
0.0020	0.0082	0.9888	0.0010
0.0014	0.8531	0.0084	0.1371
0.0027	0.0082	0.9882	0.0009
0.0321	0.0660	0.0666	0.8353
0.0153	0.3828	0.0371	0.5648
>MA0331.1_MCM1
0.1224	0.8216	0.0293	0.0266
0.0070	0.9226	0.0000	0.0704
0.1850	0.3633	0.1862	0.2655
0.3928	0.1444	0.2233	0.2395
0.5568	0.0139	0.0459	0.3834
0.0680	0.0172	0.0000	0.9147
0.0800	0.2627	0.0369	0.6204
0.4216	0.0749	0.3788	0.1247
0.0445	0.0023	0.9531	0.0000
0.0086	0.0098	0.9804	0.0012
0.7524	0.0686	0.0227	0.1563
0.9107	0.0291	0.0255	0.0347
>MA0332.1_MET28
0.0000	1.0000	0.0000	0.0000
0.0000	0.0000	0.0000	1.0000
0.0000	0.0000	1.0000	0.0000
0.0000	0.0000	0.0000	1.0000
0.0000	0.0000	1.0000	0.0000
0.0000	0.0000	1.0000	0.0000
>MA0333.1_MET31
0.3762	0.0990	0.3762	0.1485
0.2041	0.2857	0.3061	0.2041
0.1386	0.1386	0.1782	0.5445
0.0000	0.0000	1.0000	0.0000
0.0000	0.0000	0.0000	1.0000
0.0000	0.0000	1.0000	0.0000
0.0000	0.0000	1.0000	0.0000
0.0000	1.0000	0.0000	0.0000
0.1010	0.0000	0.6970	0.2020
>MA0334.1_MET32
0.3400	0.4600	0.1000	0.1000
0.1100	0.0500	0.7700	0.0700
0.0000	1.0000	0.0000	0.0000
0.0000	1.0000	0.0000	0.0000
0.9394	0.0303	0.0000	0.0303
0.0000	0.9900	0.0000	0.0100
0.6400	0.1500	0.1200	0.0900
>MA0335.1_MET4
1.0000	0.0000	0.0000	0.0000
0.5274	0.2338	0.2388	0.0000
0.0000	0.7960	0.0000	0.2040
0.0000	0.0000	0.0000	1.0000
0.0000	0.0000	1.0000	0.0000
0.0000	0.0000	0.0000	1.0000
0.0000	0.0000	1.0000	0.0000
0.0000	0.0000	1.0000	0.0000
>MA0336.1_MGA1
0.3848	0.0912	0.2064	0.3176
0.3053	0.1241	0.3764	0.1942
0.2405	0.2685	0.3186	0.1723
0.3677	0.1713	0.3066	0.1543
0.2523	0.2803	0.1942	0.2733
0.1162	0.2044	0.2305	0.4489
0.7878	0.0030	0.1982	0.0110
0.1922	0.1101	0.1662	0.5315
0.7024	0.1974	0.0982	0.0020
0.0050	0.0020	0.9910	0.0020
0.9930	0.0020	0.0030	0.0020
0.9910	0.0020	0.0020	0.0050
0.0120	0.8166	0.0150	0.1563
0.8465	0.0391	0.0822	0.0321
0.0681	0.5060	0.0701	0.3557
0.2036	0.1805	0.1956	0.4203
0.3016	0.3537	0.0842	0.2605
0.2916	0.2685	0.0972	0.3427
0.4423	0.0702	0.2297	0.2578
0.4409	0.1683	0.1052	0.2856
0.3430	0.2959	0.2167	0.1444
>MA0337.1_MIG1
0.3200	0.3500	0.1500	0.1800
0.0100	0.9700	0.0100	0.0100
0.0000	1.0000	0.0000	0.0000
0.0000	1.0000	0.0000	0.0000
0.0000	1.0000	0.0000	0.0000
0.4600	0.0300	0.5000	0.0100
0.0505	0.5757	0.3030	0.0707
>MA0338.1_MIG2
0.0100	0.9600	0.0200	0.0100
0.0000	1.0000	0.0000	0.0000
0.0000	1.0000	0.0000	0.0000
0.0000	1.0000	0.0000	0.0000
0.3600	0.1100	0.5200	0.0100
0.0495	0.7624	0.1287	0.0594
0.3636	0.2424	0.2424	0.1515
>MA0339.1_MIG3
0.0099	0.9703	0.0099	0.0099
0.0000	0.9400	0.0000	0.0600
0.0000	1.0000	0.0000	0.0000
0.0000	1.0000	0.0000	0.0000
0.4141	0.0202	0.5555	0.0101
0.0500	0.6900	0.1700	0.0900
0.4100	0.2200	0.2300	0.1400
>MA0379.1_MOT2
0.9300	0.0200	0.0000	0.0500
0.0000	0.0000	0.0000	1.0000
1.0000	0.0000	0.0000	0.0000
0.0000	0.0000	0.0000	1.0000
1.0000	0.0000	0.0000	0.0000
>MA0340.1_MOT3
0.3333	0.3333	0.0000	0.3333
1.0000	0.0000	0.0000	0.0000
0.0000	0.0000	1.0000	0.0000
0.0000	0.0000	1.0000	0.0000
0.0000	0.5000	0.0000	0.5000
1.0000	0.0000	0.0000	0.0000
>MA1433.1_msn-1
0.2382	0.4424	0.2312	0.0881
0.0050	0.9729	0.0050	0.0170
0.0000	0.9349	0.0000	0.0651
0.0000	0.9890	0.0000	0.0110
0.0050	0.8858	0.0000	0.1092
0.0220	0.0160	0.0110	0.9509
0.2465	0.0000	0.4479	0.3056
0.5475	0.0420	0.1471	0.2633
>MA0341.1_MSN2
0.6060	0.0707	0.3232	0.0000
0.0000	0.0000	1.0000	0.0000
0.0000	0.0000	1.0000	0.0000
0.0000	0.0000	1.0000	0.0000
0.0000	0.0000	1.0000	0.0000
>MA0342.1_MSN4
0.8384	0.0000	0.1616	0.0000
0.0000	0.0000	1.0000	0.0000
0.0000	0.0000	1.0000	0.0000
0.0000	0.0000	1.0000	0.0000
0.0000	0.0000	0.9900	0.0100
>MA0929.1_NCU00019
0.3257	0.2248	0.2248	0.2248
0.2248	0.2248	0.2248	0.3257
0.3200	0.1270	0.2300	0.3230
0.1499	0.0549	0.7403	0.0549
0.1110	0.0000	0.0000	0.8890
0.8030	0.1010	0.0000	0.0960
1.0000	0.0000	0.0000	0.0000
0.8989	0.0000	0.0000	0.1011
0.0260	0.5205	0.0260	0.4276
0.9221	0.0260	0.0260	0.0260
0.4380	0.2190	0.1240	0.2190
0.4126	0.1958	0.1958	0.1958
>MA1434.1_NCU02182
0.4695	0.0000	0.0000	0.5305
1.0000	0.0000	0.0000	0.0000
0.0270	0.9730	0.0000	0.0000
0.0000	1.0000	0.0000	0.0000
0.0000	1.0000	0.0000	0.0000
0.9730	0.0270	0.0000	0.0000
0.0120	0.3717	0.2695	0.3467
>MA0343.1_NDT80
0.2896	0.2826	0.1182	0.3096
0.1976	0.2768	0.1605	0.3651
0.1695	0.2136	0.1725	0.4443
0.2156	0.4042	0.1404	0.2397
0.2014	0.4309	0.1764	0.1914
0.0992	0.1142	0.4960	0.2906
0.1882	0.0200	0.6757	0.1161
0.4449	0.4840	0.0411	0.0301
0.0120	0.9499	0.0040	0.0341
0.9419	0.0070	0.0451	0.0060
0.0181	0.9699	0.0060	0.0060
0.9669	0.0040	0.0090	0.0200
0.9719	0.0050	0.0150	0.0080
0.9459	0.0030	0.0140	0.0370
0.7151	0.0241	0.2367	0.0241
0.4975	0.1785	0.0822	0.2417
0.1234	0.6319	0.0953	0.1494
0.1273	0.3297	0.4409	0.1022
0.3143	0.3303	0.2773	0.0781
0.3607	0.1774	0.2305	0.2315
0.4784	0.1926	0.1745	0.1545
>MA0344.1_NHP10
0.2000	0.1000	0.6000	0.1000
0.0784	0.7647	0.0784	0.0784
0.0000	1.0000	0.0000	0.0000
0.0000	0.0000	1.0000	0.0000
0.0000	0.0000	1.0000	0.0000
0.0000	0.0000	1.0000	0.0000
0.0000	0.0000	1.0000	0.0000
0.6667	0.0784	0.1765	0.0784
>MA0345.1_NHP6A
0.3063	0.2793	0.2142	0.2002
0.2425	0.2174	0.0832	0.4569
0.2365	0.1533	0.3116	0.2986
0.3808	0.2124	0.1513	0.2555
0.2856	0.3337	0.0992	0.2816
0.1042	0.5170	0.0491	0.3297
0.3397	0.1303	0.0711	0.4589
0.4920	0.2505	0.0641	0.1934
0.1141	0.0240	0.0060	0.8559
0.9057	0.0100	0.0261	0.0582
0.1263	0.0291	0.0080	0.8367
0.8487	0.0160	0.0431	0.0922
0.0571	0.0421	0.0281	0.8727
0.7475	0.0160	0.0200	0.2164
0.6506	0.0300	0.1532	0.1662
0.3778	0.1363	0.1373	0.3487
0.3761	0.1384	0.1384	0.3470
0.4168	0.1112	0.1723	0.2996
0.2866	0.1543	0.1242	0.4349
0.3136	0.1473	0.3146	0.2244
0.3297	0.2896	0.0962	0.2846
>MA0346.1_NHP6B
0.1822	0.3043	0.0991	0.4144
0.2172	0.2252	0.2162	0.3413
0.1354	0.1083	0.1073	0.6489
0.3771	0.2086	0.0772	0.3370
0.1954	0.3166	0.1112	0.3768
0.1543	0.3176	0.1433	0.3848
0.3938	0.0691	0.0261	0.5110
0.5797	0.0893	0.0512	0.2798
0.1692	0.0651	0.0160	0.7497
0.8086	0.0321	0.0671	0.0922
0.0922	0.0671	0.0321	0.8086
0.7497	0.0160	0.0651	0.1692
0.2798	0.0512	0.0893	0.5797
0.5110	0.0261	0.0691	0.3938
0.4619	0.0962	0.1212	0.3206
0.3727	0.1062	0.1112	0.4098
0.4659	0.0842	0.3367	0.1132
0.2024	0.1603	0.3026	0.3347
0.2876	0.1202	0.3397	0.2525
0.2876	0.2575	0.2525	0.2024
>MA1435.1_nit-4
0.2104	0.3106	0.2044	0.2745
0.0110	0.0701	0.0110	0.9078
0.0000	1.0000	0.0000	0.0000
0.0000	0.8849	0.0000	0.1151
0.0000	0.1151	0.8849	0.0000
0.0000	1.0000	0.0000	0.0000
0.0000	0.0000	1.0000	0.0000
0.0000	0.0000	1.0000	0.0000
0.3884	0.1812	0.3203	0.1101
0.2382	0.2382	0.2853	0.2382
>MA0347.1_NRG1
0.1812	0.4044	0.1431	0.2713
0.2432	0.2252	0.1992	0.3323
0.2936	0.2505	0.2786	0.1774
0.2595	0.2395	0.2625	0.2385
0.4198	0.1122	0.2695	0.1984
0.2132	0.2553	0.0921	0.4394
0.4559	0.4890	0.0090	0.0461
0.9610	0.0030	0.0360	0.0000
0.0020	0.0010	0.9930	0.0040
0.0020	0.0010	0.9950	0.0020
0.0110	0.0000	0.9880	0.0010
0.0711	0.0110	0.0020	0.9159
0.0040	0.9308	0.0020	0.0632
0.0030	0.8208	0.0030	0.1732
0.5040	0.0872	0.0391	0.3697
0.2457	0.2026	0.2397	0.3119
0.1242	0.3036	0.2695	0.3026
0.2244	0.0671	0.5491	0.1593
0.2066	0.4012	0.2287	0.1635
0.3257	0.1713	0.2335	0.2695
>MA0421.1_NSI1
0.0913	0.0000	0.1438	0.7648
0.0000	0.0000	0.0215	0.9785
0.0000	0.0546	0.0000	0.9454
1.0000	0.0000	0.0000	0.0000
0.0000	1.0000	0.0000	0.0000
0.0000	1.0000	0.0000	0.0000
0.0635	0.9365	0.0000	0.0000
0.0000	0.0000	1.0000	0.0000
0.0267	0.0000	0.9733	0.0000
0.3841	0.4147	0.0577	0.1435
>MA1436.1_nuc-1
0.2503	0.5495	0.0501	0.1502
0.0000	1.0000	0.0000	0.0000
0.9359	0.0641	0.0000	0.0000
0.0000	1.0000	0.0000	0.0000
0.0000	0.0000	1.0000	0.0000
0.0000	0.0000	0.0000	1.0000
0.0000	0.0000	1.0000	0.0000
0.2725	0.4549	0.0451	0.2275
>MA0348.1_OAF1
0.1100	0.3200	0.1100	0.4600
0.0000	1.0000	0.0000	0.0000
0.0000	0.0000	1.0000	0.0000
0.0000	0.0000	1.0000	0.0000
0.5656	0.0000	0.4343	0.0000
0.0700	0.0000	0.8600	0.0700
0.6733	0.0396	0.0396	0.2475
0.1414	0.0707	0.0707	0.7172
0.5714	0.1429	0.1429	0.1429
>MA0349.1_OPI1
0.1553	0.4977	0.1918	0.1553
0.0000	0.0000	1.0000	0.0000
0.9881	0.0119	0.0000	0.0000
1.0000	0.0000	0.0000	0.0000
0.0000	1.0000	0.0000	0.0000
0.0000	1.0000	0.0000	0.0000
0.2719	0.2673	0.4055	0.0553
>MA0352.1_PDR1
0.0808	0.2828	0.1515	0.4848
0.0000	1.0000	0.0000	0.0000
0.0000	1.0000	0.0000	0.0000
0.1300	0.0000	0.8700	0.0000
0.0200	0.8800	0.0800	0.0200
0.0800	0.0200	0.8800	0.0200
0.1010	0.0303	0.8384	0.0303
0.6200	0.0800	0.2200	0.0800
>MA0353.1_PDR3
0.0000	0.0000	0.0000	1.0000
0.0000	1.0000	0.0000	0.0000
0.0000	1.0000	0.0000	0.0000
0.0000	0.0000	1.0000	0.0000
0.0000	1.0000	0.0000	0.0000
0.0000	0.0000	1.0000	0.0000
0.0000	0.0000	1.0000	0.0000
1.0000	0.0000	0.0000	0.0000
>MA0354.1_PDR8
0.3838	0.1515	0.3838	0.0808
0.0000	1.0000	0.0000	0.0000
0.0000	0.0000	1.0000	0.0000
0.0000	0.0000	1.0000	0.0000
1.0000	0.0000	0.0000	0.0000
0.0792	0.0792	0.8416	0.0000
1.0000	0.0000	0.0000	0.0000
0.1300	0.0600	0.0600	0.7500
>MA0355.1_PHD1
0.3600	0.2700	0.1900	0.1800
0.0909	0.4343	0.3939	0.0808
0.3737	0.4444	0.1515	0.0303
0.0000	0.1010	0.0000	0.8990
0.0000	0.0000	1.0000	0.0000
0.0000	0.9900	0.0000	0.0100
0.9100	0.0100	0.0700	0.0100
0.0800	0.2200	0.3600	0.3400
0.2200	0.4200	0.2200	0.1400
0.3200	0.2800	0.2100	0.1900
>MA0356.1_PHO2
0.5148	0.0000	0.0792	0.4059
0.1200	0.0000	0.0000	0.8800
1.0000	0.0000	0.0000	0.0000
0.5600	0.0000	0.0000	0.4400
0.2300	0.0000	0.0000	0.7700
0.6300	0.0000	0.0000	0.3700
>MA0357.1_PHO4
0.0942	0.3938	0.5080	0.0040
0.0972	0.9018	0.0000	0.0010
0.9689	0.0010	0.0281	0.0020
0.0000	0.9137	0.0010	0.0853
0.0853	0.0010	0.9137	0.0000
0.0020	0.0281	0.0010	0.9689
0.0010	0.0000	0.9018	0.0972
0.0040	0.5080	0.3938	0.0942
>MA0358.1_PUT3
0.0909	0.7273	0.0909	0.0909
0.0200	0.9000	0.0200	0.0600
0.0000	1.0000	0.0000	0.0000
0.0000	0.0000	1.0000	0.0000
0.0000	0.0000	1.0000	0.0000
0.0000	0.0000	1.0000	0.0000
0.5148	0.1485	0.1881	0.1485
0.4554	0.1287	0.1683	0.2475
>MA0359.1_RAP1
0.1800	0.6900	0.1200	0.0100
0.9899	0.0000	0.0000	0.0101
0.0101	0.7576	0.0000	0.2323
0.0100	0.9700	0.0100	0.0100
0.0100	0.9000	0.0000	0.0900
0.7100	0.0000	0.2700	0.0200
0.1683	0.1089	0.0792	0.6435
0.7200	0.0000	0.1400	0.1400
0.0100	0.9800	0.0000	0.0100
0.8600	0.1300	0.0000	0.0100
>MA0360.1_RDR1
0.2475	0.1089	0.1089	0.5346
0.0000	0.0000	1.0000	0.0000
0.0000	1.0000	0.0000	0.0000
0.0000	0.0000	1.0000	0.0000
0.0000	0.0000	1.0000	0.0000
1.0000	0.0000	0.0000	0.0000
0.8600	0.0000	0.0000	0.1400
0.2673	0.4752	0.1287	0.1287
>MA0361.1_RDS1
0.0100	0.9100	0.0100	0.0700
0.0000	0.1100	0.8900	0.0000
0.0000	0.0000	1.0000	0.0000
0.0000	0.8400	0.1600	0.0000
0.0000	0.9500	0.0500	0.0000
0.0000	0.1100	0.8900	0.0000
0.3168	0.3168	0.3168	0.0495
>MA0362.1_RDS2
0.3434	0.3939	0.1818	0.0808
0.0000	0.0000	0.0000	1.0000
0.0000	1.0000	0.0000	0.0000
0.0000	0.0000	1.0000	0.0000
0.0000	0.0000	1.0000	0.0000
0.1200	0.0100	0.8600	0.0100
0.1683	0.0693	0.6931	0.0693
>MA0363.1_REB1
0.3000	0.1000	0.5000	0.1000
0.0000	0.0000	0.0000	1.0000
0.0000	0.0000	0.0000	1.0000
1.0000	0.0000	0.0000	0.0000
0.0000	1.0000	0.0000	0.0000
0.0000	1.0000	0.0000	0.0000
0.0000	1.0000	0.0000	0.0000
0.0000	0.0000	0.6000	0.4000
0.1500	0.1500	0.5500	0.1500
>MA0364.1_REI1
0.0000	0.9500	0.0000	0.0500
0.0500	0.9500	0.0000	0.0000
0.0000	1.0000	0.0000	0.0000
0.0000	1.0000	0.0000	0.0000
0.0000	0.0000	0.0000	1.0000
0.0000	0.0000	0.9500	0.0500
0.5600	0.0800	0.2300	0.1300
>MA0365.1_RFX1
0.1200	0.2700	0.4200	0.1900
0.0000	0.0000	1.0000	0.0000
0.0000	0.0000	0.0000	1.0000
0.0000	0.0000	0.0000	1.0000
0.3100	0.0000	0.6900	0.0000
0.0000	1.0000	0.0000	0.0000
0.0200	0.4800	0.0200	0.4800
0.8800	0.0400	0.0400	0.0400
>MA0366.1_RGM1
1.0000	0.0000	0.0000	0.0000
0.0000	0.0000	1.0000	0.0000
0.0000	0.0000	1.0000	0.0000
0.0000	0.0000	1.0000	0.0000
0.1100	0.1200	0.7700	0.0000
>MA0367.1_RGT1
0.4200	0.1300	0.2300	0.2200
0.3400	0.1000	0.3400	0.2200
0.3700	0.0000	0.0000	0.6300
0.2178	0.0198	0.0000	0.7624
0.2700	0.1500	0.1700	0.4100
0.3000	0.1800	0.0400	0.4800
0.0000	0.1200	0.0000	0.8800
0.0000	1.0000	0.0000	0.0000
0.0000	1.0000	0.0000	0.0000
0.0396	0.0000	0.8812	0.0792
0.3200	0.1300	0.3300	0.2200
>MA0368.1_RIM101
0.0900	0.4300	0.0900	0.3900
0.0000	0.0000	1.0000	0.0000
0.0000	1.0000	0.0000	0.0000
0.0000	1.0000	0.0000	0.0000
1.0000	0.0000	0.0000	0.0000
1.0000	0.0000	0.0000	0.0000
0.0000	0.0000	1.0000	0.0000
>MA0369.1_RLM1
0.2632	0.2632	0.2632	0.2105
0.3333	0.0476	0.3809	0.2381
0.2619	0.0000	0.0238	0.7142
0.0000	0.0000	0.1191	0.8809
0.0000	0.9999	0.0000	0.0000
0.0000	0.0000	0.0000	0.9999
0.9999	0.0000	0.0000	0.0000
0.3809	0.0000	0.0000	0.6190
0.5238	0.0000	0.0000	0.4762
0.5476	0.0000	0.0000	0.4524
0.7619	0.0000	0.0000	0.2381
0.0000	0.0000	0.0000	0.9999
0.9999	0.0000	0.0000	0.0000
0.0000	0.0000	0.9999	0.0000
0.6428	0.3333	0.0000	0.0238
0.0976	0.3658	0.0488	0.4878
0.1667	0.3809	0.0714	0.3809
0.2500	0.3250	0.2500	0.1750
>MA0370.1_RME1
0.0000	0.2842	0.0000	0.7158
0.0748	0.4486	0.1542	0.3224
0.0718	0.4484	0.2197	0.2601
1.0000	0.0000	0.0000	0.0000
0.7083	0.0000	0.1607	0.1310
0.8176	0.1706	0.0000	0.0118
0.0996	0.0000	0.9004	0.0000
0.1293	0.0000	0.8707	0.0000
0.4894	0.2074	0.1862	0.1170
0.7730	0.0000	0.1166	0.1104
>MA0371.1_ROX1
0.0001	0.4999	0.0001	0.4999
0.0001	0.7498	0.0001	0.2500
0.2500	0.4999	0.0001	0.2500
0.8747	0.1251	0.0001	0.0001
0.0001	0.0001	0.0001	0.9996
0.0001	0.0001	0.1251	0.8747
0.0001	0.0001	0.9996	0.0001
0.0001	0.0001	0.0001	0.9996
0.0001	0.0001	0.0001	0.9996
0.0001	0.6248	0.1251	0.2500
0.1251	0.0001	0.1251	0.7498
0.0001	0.6248	0.2500	0.1251
>MA0372.1_RPH1
0.5300	0.1400	0.1400	0.1900
0.0000	1.0000	0.0000	0.0000
0.0000	1.0000	0.0000	0.0000
0.0000	1.0000	0.0000	0.0000
0.0000	1.0000	0.0000	0.0000
0.0000	0.0000	0.0000	1.0000
0.6363	0.0101	0.0707	0.2828
0.7327	0.0693	0.0693	0.1287
>MA0373.1_RPN4
0.2323	0.0000	0.6768	0.0909
0.0000	0.0000	1.0000	0.0000
0.0000	0.0000	0.1200	0.8800
0.0000	0.0000	1.0000	0.0000
0.0000	0.0000	1.0000	0.0000
0.0000	1.0000	0.0000	0.0000
0.1300	0.0000	0.8700	0.0000
>MA0374.1_RSC3
0.0000	0.9100	0.0500	0.0400
0.0000	0.0000	1.0000	0.0000
0.0000	1.0000	0.0000	0.0000
0.0000	0.0000	1.0000	0.0000
0.0606	0.5555	0.1818	0.2020
0.1900	0.3000	0.3700	0.1400
0.2277	0.2574	0.3366	0.1782
>MA0375.1_RSC30
0.1900	0.5000	0.1900	0.1200
0.1515	0.3838	0.4646	0.0000
0.0000	0.9200	0.0800	0.0000
0.0000	0.0800	0.9200	0.0000
0.0000	0.9200	0.0800	0.0000
0.0000	0.0000	1.0000	0.0000
0.0000	0.8500	0.1500	0.0000
0.0000	0.3100	0.6900	0.0000
>MA1431.1_rst2
0.2565	0.1633	0.1934	0.3868
0.3922	0.1886	0.2046	0.2146
0.0220	0.9389	0.0130	0.0261
0.0070	0.8809	0.0040	0.1081
0.0000	0.9970	0.0020	0.0010
0.0060	0.9920	0.0000	0.0020
0.2084	0.0401	0.5301	0.2214
0.0561	0.8978	0.0020	0.0441
0.3828	0.2164	0.1313	0.2695
0.1653	0.3798	0.1413	0.3136
>MA0376.1_RTG3
0.3938	0.1453	0.3307	0.1303
0.2204	0.1473	0.2675	0.3647
0.3577	0.3226	0.2074	0.1122
0.1643	0.1764	0.2956	0.3637
0.1562	0.1211	0.2503	0.4725
0.5351	0.1132	0.2034	0.1483
0.0341	0.0271	0.6633	0.2756
0.0190	0.9549	0.0190	0.0070
0.9068	0.0050	0.0812	0.0070
0.0050	0.9509	0.0160	0.0281
0.0281	0.0160	0.9509	0.0050
0.0070	0.0812	0.0050	0.9068
0.0070	0.0190	0.9549	0.0190
0.2756	0.6633	0.0271	0.0341
0.1523	0.3327	0.1563	0.3587
0.1112	0.2705	0.1874	0.4309
0.3988	0.1222	0.2766	0.2024
0.2753	0.2573	0.2963	0.1712
0.3236	0.1653	0.0331	0.4780
0.2495	0.3968	0.1082	0.2455
>MA0377.1_SFL1
0.2723	0.1832	0.1301	0.4144
0.3687	0.2625	0.1242	0.2445
0.2816	0.2445	0.3327	0.1413
0.3824	0.2563	0.1171	0.2442
0.3146	0.0982	0.3497	0.2375
0.3684	0.2212	0.1982	0.2122
0.7277	0.0300	0.1241	0.1181
0.1271	0.1782	0.1081	0.5866
0.5065	0.2613	0.2262	0.0060
0.0180	0.0100	0.9619	0.0100
0.9579	0.0160	0.0050	0.0210
0.9609	0.0090	0.0210	0.0090
0.0220	0.0471	0.8076	0.1232
0.6166	0.1291	0.2182	0.0360
0.5972	0.1343	0.0361	0.2325
0.5361	0.2214	0.0481	0.1944
0.2565	0.1563	0.1463	0.4409
0.4930	0.0962	0.2174	0.1934
0.4319	0.0671	0.0992	0.4018
0.3697	0.1232	0.1463	0.3607
0.4102	0.1214	0.0722	0.3962
>MA0378.1_SFP1
0.4283	0.1595	0.1615	0.2508
0.2024	0.2936	0.1944	0.3096
0.2896	0.1743	0.1924	0.3437
0.2505	0.2174	0.2936	0.2385
0.3537	0.0772	0.2976	0.2715
0.5335	0.0420	0.3423	0.0821
0.7828	0.0731	0.0711	0.0731
0.8998	0.0361	0.0461	0.0180
0.9058	0.0090	0.0501	0.0351
0.8576	0.0140	0.0421	0.0863
0.5415	0.0340	0.0160	0.4084
0.0863	0.0421	0.0140	0.8576
0.0351	0.0501	0.0090	0.9058
0.0180	0.0461	0.0361	0.8998
0.0731	0.0711	0.0731	0.7828
0.1263	0.4058	0.0912	0.3768
0.0822	0.3547	0.1032	0.4599
0.3273	0.2012	0.1652	0.3063
0.1152	0.4289	0.1543	0.3016
0.2174	0.0832	0.3747	0.3246
0.2164	0.1693	0.4058	0.2084
>MA0380.1_SIP4
0.0792	0.4752	0.1287	0.3168
0.0000	0.2700	0.0000	0.7300
0.0000	0.9900	0.0000	0.0100
0.0000	1.0000	0.0000	0.0000
0.0000	0.0000	1.0000	0.0000
0.2300	0.0000	0.6300	0.1400
0.5816	0.1633	0.2551	0.0000
>MA0381.1_SKN7
0.0000	0.0000	1.0000	0.0000
0.0000	0.0000	1.0000	0.0000
0.0000	1.0000	0.0000	0.0000
0.0000	0.8400	0.1600	0.0000
0.4851	0.1485	0.3663	0.0000
0.2121	0.1818	0.2828	0.3232
>MA0382.1_SKO1
1.0000	0.0000	0.0000	0.0000
0.0000	1.0000	0.0000	0.0000
0.1003	0.0000	0.8997	0.0000
0.0000	0.0000	0.0000	1.0000
1.0000	0.0000	0.0000	0.0000
0.6192	0.0000	0.0000	0.3808
0.0000	0.0000	0.0000	1.0000
0.0000	0.0000	1.0000	0.0000
>MA0383.1_SMP1
0.1111	0.2442	0.2352	0.4094
0.1894	0.1884	0.2655	0.3567
0.5696	0.0971	0.1371	0.1962
0.0852	0.5551	0.1583	0.2014
0.1794	0.6242	0.0471	0.1493
0.1301	0.1471	0.0851	0.6376
0.4088	0.1283	0.1122	0.3507
0.0972	0.2345	0.0331	0.6353
0.7515	0.1253	0.0461	0.0772
0.8667	0.0180	0.0180	0.0972
0.0972	0.0180	0.0180	0.8667
0.0772	0.0461	0.1253	0.7515
0.6353	0.0331	0.2345	0.0972
0.4960	0.0411	0.0601	0.4028
0.6376	0.0851	0.1471	0.1301
0.1974	0.2625	0.1463	0.3938
0.1742	0.2753	0.2713	0.2793
0.5255	0.1041	0.1011	0.2693
0.1563	0.2906	0.4559	0.0972
0.2492	0.3814	0.2012	0.1682
0.3367	0.1723	0.2295	0.2615
>MA0384.1_SNT2
0.0000	0.0276	0.0972	0.8751
0.0000	0.0000	1.0000	0.0000
0.4138	0.0792	0.5069	0.0000
0.0000	0.0000	0.0000	1.0000
0.9889	0.0000	0.0111	0.0000
0.0022	0.0000	0.9978	0.0000
0.0000	1.0000	0.0000	0.0000
0.0000	0.0000	1.0000	0.0000
0.0025	0.9737	0.0238	0.0000
0.0536	0.9464	0.0000	0.0000
0.2752	0.0673	0.4857	0.1717
>MA0385.1_SOK2
0.4950	0.1881	0.1584	0.1584
0.1500	0.4900	0.1800	0.1800
0.4100	0.4700	0.0900	0.0300
0.0400	0.0100	0.0400	0.9100
0.0400	0.0100	0.9400	0.0100
0.0400	0.9100	0.0100	0.0400
0.9700	0.0100	0.0100	0.0100
0.0500	0.0500	0.5000	0.4000
0.1700	0.2100	0.5200	0.1000
0.2800	0.3200	0.2200	0.1800
0.3030	0.2323	0.2323	0.2323
>MA0386.1_SPT15
0.2778	0.2508	0.3872	0.0843
0.3377	0.1914	0.1473	0.3236
0.2533	0.3453	0.0881	0.3133
0.1603	0.2004	0.1543	0.4850
0.5461	0.1393	0.1543	0.1603
0.1152	0.0982	0.7024	0.0842
0.2876	0.1984	0.2665	0.2475
0.3327	0.1102	0.0271	0.5301
0.9088	0.0070	0.0251	0.0591
0.0120	0.0070	0.0231	0.9579
0.9820	0.0020	0.0040	0.0120
0.0381	0.0010	0.0050	0.9559
0.9719	0.0020	0.0060	0.0200
0.0441	0.0040	0.0030	0.9489
0.8848	0.0100	0.0240	0.0812
0.1862	0.0621	0.0941	0.6577
0.2645	0.1222	0.1293	0.4840
0.1373	0.3808	0.3697	0.1122
0.2663	0.2282	0.3844	0.1211
0.3503	0.1762	0.1722	0.3013
0.2487	0.1936	0.2708	0.2869
>MA0387.1_SPT2
0.6178	0.0000	0.0191	0.3631
0.3667	0.2444	0.0667	0.3222
0.0000	0.0000	0.0000	1.0000
0.0256	0.0000	0.0000	0.9743
0.7065	0.0000	0.2935	0.0000
0.6349	0.1217	0.2434	0.0000
0.3934	0.3128	0.2844	0.0095
0.0000	0.0000	0.5072	0.4927
1.0000	0.0000	0.0000	0.0000
0.6387	0.0000	0.3613	0.0000
>MA0388.1_SPT23
0.4439	0.0000	0.5561	0.0000
1.0000	0.0000	0.0000	0.0000
0.8563	0.0000	0.1317	0.0120
0.8535	0.0000	0.0000	0.1465
0.0058	0.2093	0.0000	0.7849
0.0000	0.5498	0.2669	0.1833
0.6033	0.2067	0.1006	0.0894
0.9632	0.0000	0.0368	0.0000
>MA0389.1_SRD1
0.6600	0.0900	0.1900	0.0600
0.0600	0.0200	0.9000	0.0200
0.9700	0.0000	0.0000	0.0300
0.1300	0.0000	0.0200	0.8500
0.0000	1.0000	0.0000	0.0000
0.0400	0.1900	0.0300	0.7400
0.4600	0.3000	0.1300	0.1100
0.2400	0.4200	0.1800	0.1600
>MA0390.1_STB3
0.0983	0.1685	0.5476	0.1856
0.1663	0.1733	0.2024	0.4579
0.1825	0.4162	0.0572	0.3440
0.1944	0.3798	0.1072	0.3186
