# JASPAR2018_nematodes motif database
# Retrieved from: http://jaspar.genereg.net/download/CORE/JASPAR2018_CORE_nematodes_non-redundant_pfms_jaspar.txt
# Date: 2018-10-17
>MA0260.1_che-1
0.0000	0.0000	0.9999	0.0000
0.9999	0.0000	0.0000	0.0000
0.9999	0.0000	0.0000	0.0000
0.5135	0.0000	0.4865	0.0000
0.0000	0.9999	0.0000	0.0000
0.0000	0.7027	0.2973	0.0000
>MA0261.1_lin-14
0.0000	0.0000	1.0000	0.0000
1.0000	0.0000	0.0000	0.0000
1.0000	0.0000	0.0000	0.0000
0.0000	1.0000	0.0000	0.0000
0.5283	0.0440	0.3522	0.0755
0.0380	0.5316	0.1835	0.2468
>MA0262.1_mab-3
0.7600	0.0300	0.1300	0.0800
0.8600	0.0000	0.0000	0.1400
0.0000	0.0100	0.0000	0.9900
0.0000	0.0000	1.0000	0.0000
0.0000	0.0000	0.0000	1.0000
0.0000	0.0000	0.0000	1.0000
0.0000	0.0000	1.0000	0.0000
0.0000	1.0000	0.0000	0.0000
0.1300	0.1900	0.6700	0.0100
0.6200	0.0000	0.1100	0.2700
0.5000	0.0000	0.0600	0.4400
0.2900	0.1300	0.2200	0.3600
0.0800	0.0800	0.1000	0.7400
>MA0263.1_ceh-10::ttx-3
0.9654	0.0000	0.0345	0.0000
0.0000	0.0000	0.0345	0.9654
0.0345	0.0000	0.0000	0.9654
0.3103	0.0000	0.6896	0.0000
0.0000	0.0000	0.9654	0.0345
0.0690	0.5517	0.0345	0.3448
0.1035	0.1724	0.0345	0.6896
0.0345	0.1724	0.0000	0.7930
0.4827	0.5172	0.0000	0.0000
0.1379	0.1035	0.7586	0.0000
0.0000	0.0000	0.0000	0.9999
0.0000	0.0690	0.0000	0.9309
0.8275	0.0345	0.0000	0.1379
0.5172	0.0000	0.3103	0.1724
>MA0264.1_ceh-22
0.3367	0.1531	0.3163	0.1939
0.0816	0.7245	0.1939	0.0000
0.0000	0.9081	0.0000	0.0918
0.9394	0.0101	0.0000	0.0505
0.0102	0.9898	0.0000	0.0000
0.0000	0.0000	0.0000	1.0000
0.0000	0.1616	0.0000	0.8384
0.0714	0.2755	0.6428	0.0102
0.9596	0.0000	0.0000	0.0404
0.4694	0.2959	0.2041	0.0306
0.5204	0.2041	0.1531	0.1225
>MA0537.1_blmp-1
0.5668	0.0000	0.4332	0.0000
0.9181	0.0000	0.0790	0.0030
0.8688	0.0000	0.1312	0.0000
0.9549	0.0000	0.0451	0.0000
0.2500	0.0000	0.6116	0.1384
0.3435	0.0995	0.1627	0.3943
0.0000	0.0000	1.0000	0.0000
1.0000	0.0000	0.0000	0.0000
0.6321	0.0000	0.3224	0.0454
0.9148	0.0000	0.0754	0.0098
0.5181	0.0380	0.4106	0.0333
>MA0538.1_daf-12
0.1410	0.1282	0.7243	0.0064
0.4551	0.0000	0.0833	0.4615
0.2115	0.0000	0.7884	0.0000
0.1474	0.3333	0.0385	0.4808
0.0000	0.0000	1.0000	0.0000
0.0000	0.3333	0.0000	0.6667
0.0000	0.0000	1.0000	0.0000
0.0962	0.1603	0.0897	0.6538
0.0000	0.1282	0.6218	0.2500
0.0064	0.0000	0.0000	0.9936
0.0000	0.0064	0.9872	0.0064
0.0000	0.5064	0.1026	0.3910
0.2051	0.0000	0.5385	0.2564
0.1090	0.1282	0.1795	0.5833
0.1090	0.2756	0.3590	0.2564
>MA0540.1_dpy-27
0.0000	0.2727	0.1364	0.5908
0.0909	0.3636	0.3636	0.1818
0.0455	0.0000	0.1364	0.8181
0.0455	0.8635	0.0000	0.0909
0.0000	0.9999	0.0000	0.0000
0.0000	0.9999	0.0000	0.0000
0.0000	0.0000	0.0000	0.9999
0.0000	0.0000	0.6363	0.3636
0.0455	0.8635	0.0455	0.0455
0.0000	0.0000	0.9999	0.0000
0.0000	0.9544	0.0000	0.0455
0.1364	0.1364	0.5908	0.1364
0.7272	0.0000	0.0000	0.2727
0.3636	0.0000	0.1364	0.5000
0.4091	0.0000	0.2727	0.3182
0.5454	0.0455	0.4091	0.0000
>MA0541.1_efl-1
0.3001	0.3345	0.0879	0.2774
0.2670	0.1772	0.3676	0.1881
0.2629	0.3622	0.0752	0.2996
0.1596	0.1423	0.3966	0.3015
0.0417	0.5213	0.4048	0.0322
0.0277	0.0100	0.9624	0.0000
0.0050	0.9937	0.0014	0.0000
0.0000	0.0000	1.0000	0.0000
0.0000	0.5616	0.4383	0.0000
0.0603	0.2847	0.6550	0.0000
0.9501	0.0249	0.0082	0.0168
0.9116	0.0118	0.0707	0.0059
0.6455	0.0621	0.0802	0.2121
0.3155	0.0970	0.0775	0.5100
0.1446	0.1763	0.1596	0.5195
>MA0542.1_elt-3
0.0000	0.1496	0.0000	0.8504
0.0000	0.5983	0.1717	0.2299
0.0000	0.0000	0.0000	1.0000
0.0000	0.0000	0.0000	1.0000
1.0000	0.0000	0.0000	0.0000
0.0000	0.0000	0.0000	1.0000
0.0000	1.0000	0.0000	0.0000
1.0000	0.0000	0.0000	0.0000
>MA0543.1_eor-1
0.3504	0.1349	0.3408	0.1740
0.3647	0.1061	0.3966	0.1325
0.7494	0.0710	0.1333	0.0463
0.1061	0.0016	0.8883	0.0040
0.9625	0.0008	0.0000	0.0367
0.0798	0.0000	0.8986	0.0215
0.9202	0.0096	0.0559	0.0144
0.2091	0.4765	0.2546	0.0599
0.3424	0.0351	0.5539	0.0686
0.1891	0.4366	0.3216	0.0527
0.9449	0.0327	0.0223	0.0000
0.0591	0.0223	0.9186	0.0000
0.9338	0.0024	0.0591	0.0048
0.1612	0.2682	0.5475	0.0231
0.7773	0.0208	0.1468	0.0551
>MA0544.1_snpc-4
0.2903	0.0226	0.5645	0.1226
0.0097	0.1097	0.0097	0.8710
0.0000	0.0000	1.0000	0.0000
0.0065	0.0065	0.0000	0.9871
0.0097	0.9839	0.0000	0.0065
0.0258	0.0387	0.8968	0.0387
0.0129	0.0065	0.9645	0.0161
0.0387	0.8258	0.0484	0.0871
0.0000	0.5774	0.0968	0.3258
0.0323	0.0000	0.9548	0.0129
0.0000	0.9452	0.0032	0.0516
0.1258	0.2097	0.1194	0.5452
>MA0545.1_hlh-1
0.1864	0.3648	0.3884	0.0604
0.8031	0.0577	0.1391	0.0000
0.7585	0.0394	0.1890	0.0131
0.0000	1.0000	0.0000	0.0000
1.0000	0.0000	0.0000	0.0000
0.1785	0.0341	0.7795	0.0079
0.0604	0.6929	0.0315	0.2152
0.0000	0.0079	0.0000	0.9921
0.0000	0.0000	1.0000	0.0000
0.2546	0.1969	0.2021	0.3465
0.0000	0.6850	0.0577	0.2572
>MA0546.1_pha-4
0.5792	0.0703	0.0000	0.3505
0.5287	0.0000	0.4663	0.0050
0.5317	0.0000	0.0782	0.3901
0.0406	0.0000	0.9594	0.0000
0.0000	0.4030	0.0000	0.5970
0.8535	0.1465	0.0000	0.0000
1.0000	0.0000	0.0000	0.0000
1.0000	0.0000	0.0000	0.0000
0.0000	0.6168	0.0000	0.3832
1.0000	0.0000	0.0000	0.0000
>MA0547.1_skn-1
0.5975	0.1352	0.1950	0.0723
0.7453	0.0377	0.1226	0.0943
0.6572	0.0755	0.1730	0.0943
0.8428	0.0000	0.0503	0.1069
0.1006	0.1132	0.0818	0.7044
0.0000	0.0535	0.9465	0.0000
0.8333	0.1101	0.0157	0.0409
0.0629	0.0000	0.0000	0.9371
0.0000	0.0000	1.0000	0.0000
1.0000	0.0000	0.0000	0.0000
0.0975	0.5629	0.0692	0.2704
0.7830	0.0000	0.0881	0.1289
0.7547	0.0000	0.0000	0.2453
0.4371	0.0503	0.0660	0.4465
0.2893	0.1164	0.1667	0.4277
>MA0918.1_unc-62
0.2168	0.2168	0.3496	0.2168
0.7180	0.0940	0.0940	0.0940
0.1390	0.3830	0.4320	0.0460
0.2530	0.6010	0.0240	0.1220
0.0000	0.0000	0.0000	1.0000
0.0000	0.0000	1.0000	0.0000
0.0000	0.0000	0.0000	1.0000
0.0940	0.9060	0.0000	0.0000
0.8052	0.0340	0.0340	0.1269
0.1562	0.2553	0.2442	0.3443
0.2048	0.2048	0.2048	0.3856
0.2268	0.2268	0.2268	0.3197
>MA0919.1_dsc-1
0.3303	0.1992	0.2963	0.1742
0.1141	0.4054	0.1461	0.3343
0.0629	0.1379	0.0130	0.7862
0.8178	0.0531	0.0661	0.0631
0.9600	0.0120	0.0160	0.0120
0.0120	0.0160	0.0120	0.9600
0.0631	0.0661	0.0531	0.8178
0.7862	0.0130	0.1379	0.0629
0.3343	0.1461	0.4054	0.1141
0.1742	0.2963	0.1992	0.3303
>MA0920.1_fkh-2
0.4164	0.0000	0.5415	0.0420
0.0290	0.0000	0.0000	0.9710
0.8280	0.1720	0.0000	0.0000
0.9429	0.0000	0.0000	0.0571
1.0000	0.0000	0.0000	0.0000
0.0570	0.9140	0.0000	0.0290
1.0000	0.0000	0.0000	0.0000
0.4344	0.2172	0.1311	0.2172
>MA0921.1_ceh-48
0.3950	0.1430	0.2680	0.1940
0.4420	0.1380	0.1960	0.2240
0.0540	0.3580	0.0540	0.5340
0.0949	0.7882	0.0549	0.0619
0.3864	0.0360	0.5115	0.0661
0.9310	0.0010	0.0000	0.0680
0.0260	0.0000	0.0000	0.9740
0.5345	0.1349	0.1279	0.2028
0.3423	0.2142	0.1822	0.2613
>MA0922.1_ces-2
0.9910	0.0030	0.0030	0.0030
0.0020	0.0020	0.0020	0.9940
0.1670	0.0020	0.0020	0.8290
0.9940	0.0020	0.0020	0.0020
0.0020	0.6633	0.0020	0.3327
0.4980	0.0020	0.4980	0.0020
0.0020	0.1670	0.0020	0.8290
0.9940	0.0020	0.0020	0.0020
0.9910	0.0030	0.0030	0.0030
>MA0923.1_lim-4
0.2740	0.2380	0.3120	0.1760
0.1120	0.4030	0.3040	0.1810
0.0220	0.2910	0.0060	0.6810
0.8520	0.1170	0.0200	0.0110
0.9790	0.0070	0.0120	0.0020
0.0070	0.0040	0.0030	0.9860
0.0100	0.1029	0.0490	0.8382
0.9390	0.0100	0.0130	0.0380
0.5140	0.0520	0.3310	0.1030
>MA0924.1_pal-1
0.0910	0.0010	0.9070	0.0010
0.0010	0.3077	0.0010	0.6903
0.9210	0.0770	0.0010	0.0010
0.9970	0.0010	0.0010	0.0010
0.0010	0.0010	0.0010	0.9970
0.5375	0.0010	0.0010	0.4605
0.9970	0.0010	0.0010	0.0010
0.8860	0.1120	0.0010	0.0010
>MA0925.1_sma-4
0.3310	0.2230	0.2230	0.2230
0.2730	0.2280	0.3000	0.1990
0.0330	0.0330	0.0330	0.9010
0.0000	0.0000	0.9170	0.0830
0.0830	0.0000	0.0000	0.9170
0.0000	1.0000	0.0000	0.0000
0.0000	0.0000	0.0000	1.0000
0.2150	0.0000	0.7850	0.0000
0.0270	0.0270	0.8360	0.1100
0.3600	0.2420	0.2560	0.1420
0.2170	0.3490	0.2170	0.2170
>MA0926.1_unc-86
0.4990	0.0010	0.2500	0.2500
0.0010	0.0010	0.0010	0.9970
0.9970	0.0010	0.0010	0.0010
0.0010	0.0010	0.0910	0.9070
0.0010	0.0010	0.9070	0.0910
0.0910	0.9070	0.0010	0.0010
0.9970	0.0010	0.0010	0.0010
0.0010	0.0010	0.0010	0.9970
>MA0927.1_vab-7
0.2120	0.6000	0.1530	0.0350
0.0180	0.1170	0.0000	0.8650
0.7870	0.1650	0.0320	0.0160
0.9920	0.0080	0.0000	0.0000
0.0000	0.0240	0.0080	0.9680
0.0080	0.0240	0.1360	0.8320
0.8940	0.0000	0.0970	0.0090
0.6130	0.2270	0.0530	0.1070
>MA0928.1_zfh-2
0.3220	0.2260	0.2260	0.2260
0.3453	0.2332	0.2663	0.1552
0.0610	0.2130	0.0610	0.6650
0.0000	0.0000	0.0000	1.0000
1.0000	0.0000	0.0000	0.0000
1.0000	0.0000	0.0000	0.0000
0.0000	0.0000	0.0000	1.0000
0.0000	0.0000	0.0000	1.0000
0.9280	0.0240	0.0240	0.0240
0.2018	0.0949	0.6084	0.0949
0.2703	0.1892	0.2703	0.2703
