>MA0002.2_RUNX1
0.143500213	0.248000004	0.347999804	0.260499979
0.117000265999	0.242500015	0.233500033	0.406999686001
0.0615003769992	0.535999428001	0.0745003509993	0.327999844
0.0285004429991	4.99999000002e-07	0.00350049299901	0.967998564003
4.99999000002e-07	0.0375004249992	0.935998628003	0.0265004469991
0.0435004129992	0.0635003729993	0.0350004299991	0.857998784002
4.99999000002e-07	4.99999000002e-07	0.993498513003	0.00650048699903
0.00850048299903	0.0210004579991	0.923998652003	0.0465004069992
0.00500048999902	0.2000001	0.125500249	0.669499161002
0.0655003689993	0.231500037	0.0405004189992	0.662499175002
0.25	0.0790003419993	0.144500211	0.526499447001
>MA0003.3_TFAP2A
0.321401604068	0.365297577018	0.0521855296266	0.261115289288
0.0249455390054	0.176256426616	0.790239956125	0.0085580782534
1.83553462883e-07	0.974485517999	0.0255141148942	1.83553462883e-07
1.78539419004e-07	0.947865954033	0.00196411214846	0.0501697552796
0.0062160435366	0.310039510236	0.123940573411	0.559803872817
0.108327160266	0.505274864149	0.303880893835	0.0825170817505
0.685627850346	0.187417639919	0.116406203499	0.010548306236
0.15462190703	0.0342247308023	0.811153209379	1.52788294705e-07
1.87265777329e-07	0.00580542636298	0.994194199105	1.87265777329e-07
0.00578376434047	0.881715946481	0.108582195088	0.00391809409097
0.351356366725	0.150339185879	0.243971368522	0.254333078875
>MA0004.1_Arnt
0.200009998	0.799890021996	4.99900019996e-05	4.99900019996e-05
0.949860027994	4.99900019996e-05	0.0500399920016	4.99900019996e-05
4.99900019996e-05	0.999850029994	4.99900019996e-05	4.99900019996e-05
4.99900019996e-05	4.99900019996e-05	0.999850029994	4.99900019996e-05
4.99900019996e-05	4.99900019996e-05	4.99900019996e-05	0.999850029994
4.99900019996e-05	4.99900019996e-05	0.999850029994	4.99900019996e-05
>MA0006.1_Ahr::Arnt
0.125020829862	0.333319446759	0.0833611064823	0.458298616897
4.16597233794e-05	4.16597233794e-05	0.95821529745	0.0417013831028
4.16597233794e-05	0.95821529745	4.16597233794e-05	0.0417013831028
4.16597233794e-05	4.16597233794e-05	0.95821529745	0.0417013831028
4.16597233794e-05	4.16597233794e-05	4.16597233794e-05	0.99987502083
4.16597233794e-05	4.16597233794e-05	0.99987502083	4.16597233794e-05
>MA0007.3_Ar
0.352675560702	0.0538364876383	0.501289166616	0.0921987850435
0.293804701121	0.00531945516964	0.694930607096	0.00594523661422
0.00207764001284	2.59672542537e-07	0.996363805387	0.00155829492776
0.443497304932	0.107817920981	0.0681736670268	0.38051110706
0.994948126817	0.00229613903372	0.00137786707462	0.00137786707462
0.00181863305703	0.994998645457	0.00227317768513	0.000909543800829
0.867882454789	0.00869229258185	0.118644296142	0.00478095648682
0.0806650495905	0.497770169809	0.132955195857	0.288609584743
0.209955149768	0.228667696605	0.37088305257	0.190494101057
0.261698423988	0.086655339126	0.579895556471	0.071750680415
0.0115914835385	0.097295613213	0.00281032271117	0.888302580537
2.76014048011e-07	0.00110433220609	0.998619101718	0.000276290062059
0.00787436238459	0.00143199508662	3.57909294332e-07	0.990693284619
0.454199613532	0.0425696806238	0.0874194794079	0.415811226437
0.00320998952776	0.993121058008	4.58504431904e-07	0.00366849395966
0.0133060069755	0.64116359058	0.000832015248207	0.344698387196
0.154787754085	0.393088346885	0.123470304578	0.328653594451
>MA0009.2_T
0.00730761253085	0.0219225565359	0.00309176329862	0.967678067635
0.260763318239	0.555969138483	0.153711936834	0.0295556064437
0.693439619524	0.00999472288227	0.257132468012	0.0394331895815
1.8996946051e-07	0.999619491171	1.8996946051e-07	0.00038012889048
0.966807234645	2.3540467476e-07	0.0331922945459	2.3540467476e-07
0.0373737100129	0.875021001186	0.0190298172263	0.0685754715752
0.248282630778	0.481735805589	0.181768648231	0.0882129154016
0.0785759757272	0.0763273822224	0.0267334032563	0.818363238794
0.801733678818	0.0233142402202	0.0946051293987	0.080346951563
0.0902625435182	0.169686733383	0.492717953355	0.247332769743
0.0785124776801	0.0159387173843	0.862337373158	0.0432114317774
1.43266393544e-07	0.0272207580397	0.00186260638246	0.970916492311
0.00157081069591	1.30889983827e-07	0.998428927524	1.30889983827e-07
0.0566293003913	0.264269656508	0.00775291786386	0.671348125237
0.0361259908471	0.119806345838	0.683583367135	0.16048429618
0.967524270448	0.00278380627807	0.0257482943648	0.00394362890872
>MA0014.2_PAX5
0.291294458507	0.254464265785	0.371651242628	0.0825900330802
0.351562046598	0.0658490363882	0.247767867108	0.334821049906
0.343749581475	0.0334831094504	0.609373395654	0.01339391342
0.273437395369	0.165178950094	0.374999441967	0.18638421257
1.11606644613e-06	0.188616345463	0.507811349056	0.303571189414
0.0435277074656	0.82142602042	1.11606644613e-06	0.135045156048
0.854908013804	0.0234385114352	0.0926346310954	0.0290188436659
0.169643215879	0.181919946786	0.594864531855	0.0535723054808
0.0100457140816	0.600444864085	0.0390634416811	0.350445980152
0.194196677693	0.467632956996	0.328124651229	0.0100457140816
0.60490912987	0.0089296476355	0.383927973536	0.00223324895871
0.599328797639	0.0189742456507	0.206473408601	0.175223548109
1.11606644613e-06	0.239955401985	0.75781023299	0.00223324895871
0.00334931540484	0.838167017112	0.0189742456507	0.139509421833
0.35379417949	0.0189742456507	0.602676996978	0.0245545778813
0.170759282325	0.0457598403579	0.172991415217	0.610489462101
0.251116066446	0.00669751474324	0.735488904067	0.00669751474324
0.655132119946	0.0368313087888	0.247767867108	0.0602687041576
0.169643215879	0.744417435636	0.0279027772197	0.0580365712653
>MA0017.2_NR2F1
0.204305657879	0.486980899084	0.139380549799	0.169332893238
0.602537406904	0.140310178187	0.0956132861387	0.161539128771
0.525211386561	0.0320949470576	0.403798257158	0.0388954092236
0.691462377647	8.13868051154e-08	0.308537459579	8.13868051154e-08
8.27198005725e-08	0.00248167673698	0.997518157823	8.27198005725e-08
8.29255882161e-08	8.29255882161e-08	0.999999751223	8.29255882161e-08
8.29255882161e-08	8.29255882161e-08	8.29255882161e-08	0.999999751223
8.29255882161e-08	0.999999751223	8.29255882161e-08	8.29255882161e-08
0.992510043618	8.23044996528e-08	0.00748979177291	8.23044996528e-08
0.424247392239	0.253337754926	0.134173684659	0.188241168176
0.267766807275	0.245957377574	0.364458043135	0.121817772015
0.271664309921	0.204826285819	0.322248918733	0.201260485526
0.116123636309	0.0595233384143	0.753505539143	0.0708474861332
>MA0018.2_CREB1
9.08760450745e-05	0.0909669211196	0.0909669211196	0.817975281716
9.08760450745e-05	0.0909669211196	0.90885132679	9.08760450745e-05
0.999727371865	9.08760450745e-05	9.08760450745e-05	9.08760450745e-05
9.08760450745e-05	0.817975281716	0.181842966194	9.08760450745e-05
0.0909669211196	9.08760450745e-05	0.90885132679	9.08760450745e-05
9.08760450745e-05	0.272719011269	9.08760450745e-05	0.727099236641
0.181842966194	0.636223191567	0.0909669211196	0.0909669211196
0.727099236641	9.08760450745e-05	0.0909669211196	0.181842966194
>MA0019.1_Ddit3::Cebpa
0.358963183263	0.17949441083	0.307686391139	0.153856014768
0.282047995077	0.17949441083	0.358963183263	0.17949441083
0.461516767511	0.0769408265819	0.384601579325	0.0769408265819
2.56383960619e-05	0.025664034458	2.56383960619e-05	0.97428468875
2.56383960619e-05	2.56383960619e-05	0.97428468875	0.025664034458
0.102579222644	0.84609270844	2.56383960619e-05	0.0513024305199
0.97428468875	0.025664034458	2.56383960619e-05	2.56383960619e-05
0.923007896626	0.0513024305199	0.025664034458	2.56383960619e-05
2.56383960619e-05	0.153856014768	2.56383960619e-05	0.84609270844
0.358963183263	0.435878371449	0.128217618706	0.0769408265819
0.102579222644	0.589708747821	0.230771202954	0.0769408265819
2.56383960619e-05	0.666623936007	0.153856014768	0.17949441083
>MA0024.3_E2F1
0.248289351752	0.11241500522	0.0869996598254	0.552295983202
0.23512200928	0.0448788492533	0.0975615704914	0.622437570975
0.204724587698	0.0354339156145	0.142716957807	0.61712453888
0.0532552139834	0.0700204338444	0.875737176579	0.000987175592996
1.01832579093e-06	0.0325874436357	0.967410519713	1.01832579093e-06
1.66388243672e-06	0.996667243479	1.66388243672e-06	0.00332942875588
9.90095088732e-07	0.000991085183821	0.999006934626	9.90095088732e-07
0.00329651863909	0.96869378126	0.0280080526652	1.64743560174e-06
1.48587526969e-06	0.857351516484	0.0683517482808	0.0742952493596
0.628295547743	0.205036186877	0.0239818993674	0.142686366013
0.61445607491	0.0963862824757	0.0698803861186	0.219277256495
0.558322499105	0.0668184968585	0.126840875013	0.248018129023
>MA0025.1_NFIL3
0.0435141714484	4.34707007477e-05	4.34707007477e-05	0.95639888715
4.34707007477e-05	4.34707007477e-05	0.0869848721961	0.912928186402
0.95639888715	4.34707007477e-05	4.34707007477e-05	0.0435141714484
4.34707007477e-05	0.347809076682	4.34707007477e-05	0.652103981916
0.0869848721961	4.34707007477e-05	0.912928186402	4.34707007477e-05
4.34707007477e-05	4.34707007477e-05	4.34707007477e-05	0.999869587898
0.999869587898	4.34707007477e-05	4.34707007477e-05	4.34707007477e-05
0.95639888715	4.34707007477e-05	0.0435141714484	4.34707007477e-05
4.34707007477e-05	0.478221178925	0.173926273692	0.347809076682
0.304338375935	0.217396974439	0.304338375935	0.173926273692
0.217396974439	0.217396974439	0.130455572944	0.434750478178
>MA0027.2_EN1
0.147699899412	0.406087642909	0.264614300084	0.181598157595
0.0346785132664	0.442814014253	0.0016675536278	0.520839918853
0.944461686427	0.0323426562004	0.0231953306824	3.26690197073e-07
0.990406659258	0.00959265557704	3.42582606944e-07	3.42582606944e-07
3.45900593704e-07	3.45900593704e-07	3.45900593704e-07	0.999998962298
0.0158644410081	0.134428183214	0.045087898594	0.804619477184
0.946936525468	3.27546246255e-07	0.00982671493388	0.0432364320518
0.238408320542	0.236332198848	0.420761009327	0.104498471282
>MA0028.2_ELK1
0.681307051117	0.0409019370615	0.19274474565	0.0850462661721
0.0249702675555	0.939862063288	0.0303254314641	0.00484223769197
0.00776285449441	0.990507223067	0.00127580752707	0.000454114911204
2.18083463333e-08	0.000457997081345	0.998974942297	0.000567038813012
8.59228960874e-05	0.00088051103786	0.983721616345	0.0153119497209
0.993062566994	0.00505129273083	0.00134413672304	0.000542003551759
0.947110456147	0.00688516432253	0.00124058709889	0.0447637924314
0.0585881496105	0.0458642685524	0.889836385265	0.00571119657242
0.0169144295511	0.116498948094	0.0207367910083	0.845849831347
0.289781034359	0.14567643411	0.377082094258	0.187460437273
>MA0029.1_Mecom
0.51847874389	0.0741001333136	0.222226336839	0.185194785958
0.740668049178	0.0370685824322	0.0741001333136	0.148163235076
3.70315508814e-05	0.0370685824322	0.925825803585	0.0370685824322
0.999888905347	3.70315508814e-05	3.70315508814e-05	3.70315508814e-05
0.0370685824322	0.370352540364	3.70315508814e-05	0.592541845652
0.999888905347	3.70315508814e-05	3.70315508814e-05	3.70315508814e-05
0.962857354466	3.70315508814e-05	0.0370685824322	3.70315508814e-05
3.70315508814e-05	3.70315508814e-05	0.999888905347	3.70315508814e-05
0.999888905347	3.70315508814e-05	3.70315508814e-05	3.70315508814e-05
3.70315508814e-05	0.111131684195	3.70315508814e-05	0.888794252703
0.888794252703	0.0370685824322	3.70315508814e-05	0.0741001333136
0.851762701822	3.70315508814e-05	0.148163235076	3.70315508814e-05
0.222226336839	0.25925788772	0.25925788772	0.25925788772
0.555510294771	0.222226336839	0.111131684195	0.111131684195
>MA0030.1_FOXF2
0.0370685824322	0.370352540364	0.25925788772	0.333320989483
0.370352540364	0.25925788772	0.185194785958	0.185194785958
0.629573396534	0.148163235076	0.0741001333136	0.148163235076
0.464255106413	0.178581631196	0.178581631196	0.178581631196
0.136384293765	0.499954553718	0.363615706235	4.54462824941e-05
0.25925788772	3.70315508814e-05	0.740668049178	3.70315508814e-05
3.70315508814e-05	3.70315508814e-05	3.70315508814e-05	0.999888905347
0.999888905347	3.70315508814e-05	3.70315508814e-05	3.70315508814e-05
0.999888905347	3.70315508814e-05	3.70315508814e-05	3.70315508814e-05
0.999888905347	3.70315508814e-05	3.70315508814e-05	3.70315508814e-05
3.70315508814e-05	0.925825803585	3.70315508814e-05	0.0741001333136
0.999888905347	3.70315508814e-05	3.70315508814e-05	3.70315508814e-05
0.592541845652	0.148163235076	0.0741001333136	0.185194785958
0.25925788772	0.148163235076	0.222226336839	0.370352540364
>MA0031.1_FOXD1
0.0500399920016	0.0500399920016	0.849880023995	0.0500399920016
4.99900019996e-05	4.99900019996e-05	4.99900019996e-05	0.999850029994
0.949860027994	0.0500399920016	4.99900019996e-05	4.99900019996e-05
0.999850029994	4.99900019996e-05	4.99900019996e-05	4.99900019996e-05
0.899870025995	0.0500399920016	0.0500399920016	4.99900019996e-05
0.0500399920016	0.899870025995	4.99900019996e-05	0.0500399920016
0.999850029994	4.99900019996e-05	4.99900019996e-05	4.99900019996e-05
0.349980003999	0.100029994001	0.150019996001	0.399970005999
>MA0032.2_FOXC1
0.329755682356	0.0394562425726	0.0155372042242	0.615250870847
0.69523847105	0.0353347016775	0.202155035256	0.0672717920163
0.344386736876	0.0876129259369	0.105676538125	0.462323799062
0.257363846712	0.017800430642	0.72213382663	0.0027018960157
0.108394518019	0.0717418992067	0.0169366800822	0.802926902692
0.706925258545	0.28951764171	0.00113182406212	0.00242527568304
0.991154553199	0.00578969533833	5.36077938013e-08	0.00305569785447
0.983561924979	0.00297909288667	0.00750084955828	0.0059581325762
0.00649736241202	0.46769979918	0.00878739760614	0.517015440802
0.966340727259	0.00141122638139	0.0226311038246	0.00961694253553
0.316819501405	0.0736504067977	0.0523305658825	0.557199525915
>MA0033.2_FOXL1
0.426109729487	0.00263551377619	0.542874281067	0.0283804756696
0.00192105115555	0.0799079293831	1.92085906964e-07	0.918170827375
0.874656450389	0.114913182131	0.0104301844976	1.82982482721e-07
0.989033114808	0.00786281161778	2.06910650188e-07	0.00310386666347
0.973126446965	0.0166940010635	0.0101793483882	2.03582896105e-07
2.09204845854e-07	0.778869850318	2.09204845854e-07	0.221129731272
0.985363236147	0.0111319223814	2.06142893306e-07	0.0035046353291
>MA0035.3_Gata1
0.113338933258	0.240657200633	0.140907849422	0.505096016687
0.0281816144402	0.356780817203	0.155499881816	0.459537686541
5.56947801293e-08	0.828125741437	0.0243386746113	0.147535528257
5.56947801293e-08	0.0388193174449	5.56947801293e-08	0.961180571166
5.56947801293e-08	5.56947801293e-08	5.56947801293e-08	0.999999832916
0.999999832916	5.56947801293e-08	5.56947801293e-08	5.56947801293e-08
5.56947801293e-08	5.56947801293e-08	5.56947801293e-08	0.999999832916
5.56947801293e-08	0.999999832916	5.56947801293e-08	5.56947801293e-08
0.120634949455	5.56947801293e-08	5.56947801293e-08	0.879364939156
0.139348395578	0.343414069972	0.372431050419	0.144806484031
0.105040411019	0.28248398051	0.0890003143413	0.52347529413
>MA0036.2_GATA2
0.358219079252	0.129452164884	0.172146189821	0.340182566043
0.256849308813	0.175342533934	0.390182520381	0.177625636872
0.355022735139	0.166438432476	0.278538786723	0.200000045662
0.239954347074	0.119863132545	0.0974887237546	0.542693796627
0.00730615771127	0.241324208836	0.174657603052	0.5767120304
0.00205502095432	0.688355764059	0.208675836826	0.100913378161
2.28310293781e-07	0.0438358047162	2.28310293781e-07	0.956163738663
0.0116440532931	2.28310293781e-07	2.28310293781e-07	0.988355490086
0.999999315069	2.28310293781e-07	2.28310293781e-07	2.28310293781e-07
2.28310293781e-07	2.28310293781e-07	2.28310293781e-07	0.999999315069
2.28310293781e-07	0.999999315069	2.28310293781e-07	2.28310293781e-07
0.279680338191	2.28310293781e-07	2.28310293781e-07	0.720319205188
0.0237444988635	0.402967896833	0.449086576177	0.124201028127
0.286757957299	0.27054792644	0.0511417341171	0.391552382144
>MA0037.2_GATA3
0.999999351772	2.16075872017e-07	2.16075872017e-07	2.16075872017e-07
2.16075872017e-07	2.16075872017e-07	0.999999351772	2.16075872017e-07
0.999999351772	2.16075872017e-07	2.16075872017e-07	2.16075872017e-07
2.16075872017e-07	2.16075872017e-07	2.16075872017e-07	0.999999351772
0.999999351772	2.16075872017e-07	2.16075872017e-07	2.16075872017e-07
0.999999351772	2.16075872017e-07	2.16075872017e-07	2.16075872017e-07
0.278738090978	2.16075872017e-07	0.72126147687	2.16075872017e-07
0.604148354237	0.153846236952	0.242005192735	2.16075872017e-07
>MA0038.1_Gfi1
0.169817372274	0.37734887933	0.169817372274	0.283016376123
0.528280884462	0.301882876764	0.132084370991	0.0377518677836
0.999943400498	1.88665006415e-05	1.88665006415e-05	1.88665006415e-05
0.999943400498	1.88665006415e-05	1.88665006415e-05	1.88665006415e-05
0.0188853671421	1.88665006415e-05	0.0188853671421	0.962210399215
0.0188853671421	0.981076899857	1.88665006415e-05	1.88665006415e-05
0.584880386386	0.132084370991	0.0377518677836	0.24528337484
0.150950871632	0.528280884462	0.207550373557	0.113217870349
0.358482378688	0.207550373557	0.0377518677836	0.396215379971
0.132084370991	0.24528337484	0.528280884462	0.0943513697079
>MA0039.2_Klf4
0.338560803911	0.018681025202	0.235701120202	0.407057050685
0.0202767094224	0.00207396122216	0.976266611736	0.00138271761962
0.00322306333051	0.00299286096422	0.990791214741	0.00299286096422
0.00322083899624	0.00828179592197	0.984816439092	0.00368092598949
0.0636929742994	0.44194049948	0.00252954469575	0.491836981525
0.00506468226088	0.00345326569681	0.983654941386	0.00782711065644
0.00967095586373	0.0184206599856	0.501726685032	0.470181699119
0.0608717446422	0.0106066307525	0.899699654416	0.0288219701896
0.0284001123065	0.0300163657203	0.874855114426	0.0667284075471
0.0587420825698	0.660961691987	0.0647550279787	0.215541197464
>MA0040.1_Foxq1
0.22222839369	0.22222839369	0.166685181071	0.388858031549
0.722117307265	0.055598755832	0.166685181071	0.055598755832
0.27777160631	0.111141968451	5.55432126194e-05	0.611030882026
0.166685181071	5.55432126194e-05	5.55432126194e-05	0.833203732504
5.55432126194e-05	5.55432126194e-05	0.999833370362	5.55432126194e-05
5.55432126194e-05	5.55432126194e-05	5.55432126194e-05	0.999833370362
5.55432126194e-05	5.55432126194e-05	5.55432126194e-05	0.999833370362
5.55432126194e-05	5.55432126194e-05	5.55432126194e-05	0.999833370362
0.944290157743	5.55432126194e-05	0.055598755832	5.55432126194e-05
5.55432126194e-05	0.055598755832	0.22222839369	0.722117307265
0.333314818929	5.55432126194e-05	0.166685181071	0.499944456787
>MA0041.1_Foxd3
0.234043911156	0.0638456301591	0.553165688027	0.148944770658
0.638264828525	0.0425708450345	2.12747851247e-05	0.319143051655
0.510616117777	0.0212960599098	2.12747851247e-05	0.468066547528
0.0212960599098	0.0851204152838	2.12747851247e-05	0.893562250021
0.255318696281	2.12747851247e-05	0.723363969024	0.0212960599098
2.12747851247e-05	2.12747851247e-05	2.12747851247e-05	0.999936175645
0.0212960599098	2.12747851247e-05	2.12747851247e-05	0.97866139052
0.106395200408	2.12747851247e-05	0.212769126032	0.680814398775
0.297868266531	2.12747851247e-05	0.446791762403	0.255318696281
0.127669985533	0.148944770658	2.12747851247e-05	0.723363969024
0.0212960599098	0.0425708450345	0.0851204152838	0.851012679772
2.12747851247e-05	0.255318696281	2.12747851247e-05	0.744638754149
>MA0042.2_FOXI1
0.105967176977	0.00668740967942	0.887345241876	1.71467646456e-07
0.0138474821501	0.0112277236319	0.00654958342097	0.968375210797
0.89968661357	0.0938804979969	0.00643271458087	1.73852452119e-07
0.995574647499	0.00442496773762	1.92381537221e-07	1.92381537221e-07
0.977705854747	0.00434554744338	0.00547911922984	0.0124694785796
0.02536363466	0.83602546945	0.00775459918927	0.1308562967
0.992900427551	0.00230256922289	0.00479681136085	1.91864779843e-07
>MA0043.2_HLF
0.200654909907	0.343779057476	0.177268611284	0.278297421333
0.387129195244	0.239892196911	0.333220912101	0.0397576957443
0.00326234247466	0.0004664483384	4.65982356044e-07	0.996270743205
0.00246954326001	0.015638245863	0.102057856695	0.879834354182
0.865936628697	4.05021620054e-07	0.125557107238	0.00850585904276
0.00503726657184	0.717930869132	0.0117531742738	0.265278690022
0.439280170635	0.0237383570831	0.534232599468	0.00274887281472
0.0184094916159	0.236193141795	0.00277908610061	0.742618280489
0.879834354182	0.116049603211	0.00164649934733	0.00246954326001
0.994417219689	4.65115413739e-07	0.00232604218411	0.00325627301159
0.0499020826686	0.486836562929	0.110019866373	0.353241488029
0.301215993983	0.344714509421	0.168381817808	0.185687678788
>MA0046.2_HNF1A
0.368153192974	0.172521048125	0.246660542325	0.212665216576
0.459276260717	0.0273026901835	0.471578889058	0.0418421600415
0.0228045189703	0.0642892250633	0.0547671507115	0.858139105255
0.147342893797	0.109723444461	0.0275067447021	0.71542691704
0.981751115251	0.000208229195607	0.0170691737249	0.00097148182862
0.933680695874	0.0417712044949	0.000527979272013	0.0240201203589
0.0803633809718	0.0266827031646	0.000441619771243	0.892512296092
0.236075774364	0.265055127211	0.320893392453	0.177975705972
0.934050519131	0.000594203698388	0.0223792520784	0.0429760250922
0.0452348148022	0.00082714064712	0.053760070299	0.900177974252
0.00291208405683	0.0158081492593	0.000277404069222	0.981002362615
0.814987485747	0.0136513418233	0.0770117327316	0.0943494396983
0.878110686251	0.0431329254309	0.0679575949959	0.0107987933225
0.0864814979701	0.822329286916	0.0380681650429	0.0531210500707
0.280726544427	0.242207932092	0.160788773542	0.316276749939
>MA0047.2_Foxa2
0.00123885525319	0.00123885525319	0.00123885525319	0.99628343424
0.27317664684	0.0037094995822	0.719404353996	0.0037094995822
0.00123732391929	0.00123732391929	0.00123732391929	0.996288028242
0.00123732391929	0.0037094995822	0.0445003980203	0.950552778478
0.00123427258065	0.00123427258065	0.215783152734	0.781748302105
0.908638722772	0.00493948178034	0.0827168754722	0.0037049199757
0.00247035817107	0.895058542921	0.00247035817107	0.100000740737
0.41779892312	0.09517999911	0.0037094995822	0.483311578187
0.0618056276607	0.327564511424	0.0716943303123	0.538935530603
0.516727302467	0.00743614653707	0.0297408686946	0.446095682301
0.162531451457	0.065757738175	0.598013161225	0.173697649143
0.160648016697	0.242839388098	0.361145149962	0.235367445243
>MA0048.2_NHLH1
0.242760329316	0.667282295401	0.055761175895	0.0341961993885
0.156377331917	0.0607193884404	0.734734756127	0.0481685235163
0.00138358435485	0.998615493563	4.61041104581e-07	4.61041104581e-07
0.99815530294	0.00138294675955	0.000461289472277	4.60828643634e-07
3.87446125616e-07	0.116621671257	0.839208695531	0.0441692457664
0.0402350540904	0.907794370839	0.0519701559595	4.19110781038e-07
4.59980754405e-07	0.00184038299838	0.00184038299838	0.996318774022
0.000920845060571	0.00184122992871	0.996777272384	0.000460652626502
0.101578789871	0.743307490312	0.0350037268308	0.120109992986
0.065546017837	0.156629149496	0.460948958545	0.316875874121
>MA0050.2_IRF1
0.232011800259	0.234948649196	0.195301188543	0.337738362002
0.184288005028	0.208517008761	0.184288005028	0.422906981184
0.127019450751	0.237885498134	0.155653727889	0.479441323227
0.101322022549	0.315711994972	0.108664144892	0.474301837586
0.539646726441	0.0741561698791	0.265051350804	0.121145752876
0.017621827836	0.581496823798	0.371512124781	0.0293692235852
0.00881128102414	7.34212234325e-07	7.34212234325e-07	0.991187250551
7.34212234325e-07	0.0227613134763	7.34212234325e-07	0.977237218099
7.34212234325e-07	0.0411166193345	0.00293758314954	0.955945063304
7.34212234325e-07	0.917031814885	7.34212234325e-07	0.082966716691
0.670336504151	0.0286350113509	0.174743245982	0.126285238516
0.0146849788987	0.577825762626	0.253303955054	0.154185303421
0.0117481299614	0.00073494644656	7.34212234325e-07	0.98751618938
0.00514021985251	0.0102797054928	0.00367179538386	0.980908279271
0.00807706878981	0.0425850438031	7.34212234325e-07	0.949337153195
0.0124823421958	0.751099849927	0.0205586767733	0.215859131104
0.376651610421	0.179882731622	0.19309855184	0.250367106117
0.160059001295	0.340675210939	0.213656494401	0.285609293365
0.106461508189	0.136564209797	0.0837009289253	0.673273353089
0.145374756609	0.141703695437	0.0726877454104	0.640233802544
0.12187996511	0.243024983774	0.110866781595	0.524228269521
>MA0051.1_IRF2
8.33055648117e-05	0.333305564812	0.583222259247	0.0833888703765
0.166694435188	8.33055648117e-05	0.833138953682	8.33055648117e-05
0.999750083306	8.33055648117e-05	8.33055648117e-05	8.33055648117e-05
0.916444518494	8.33055648117e-05	8.33055648117e-05	0.0833888703765
0.999750083306	8.33055648117e-05	8.33055648117e-05	8.33055648117e-05
0.166694435188	8.33055648117e-05	0.833138953682	8.33055648117e-05
8.33055648117e-05	0.499916694435	8.33055648117e-05	0.499916694435
8.33055648117e-05	8.33055648117e-05	0.999750083306	8.33055648117e-05
0.999750083306	8.33055648117e-05	8.33055648117e-05	8.33055648117e-05
0.999750083306	8.33055648117e-05	8.33055648117e-05	8.33055648117e-05
0.999750083306	8.33055648117e-05	8.33055648117e-05	8.33055648117e-05
8.33055648117e-05	0.499916694435	0.499916694435	8.33055648117e-05
8.33055648117e-05	0.583222259247	0.166694435188	0.25
0.416611129623	0.166694435188	0.25	0.166694435188
0.499916694435	8.33055648117e-05	0.166694435188	0.333305564812
0.499916694435	0.0833888703765	0.0833888703765	0.333305564812
0.416611129623	0.166694435188	0.0833888703765	0.333305564812
0.25	0.499916694435	0.0833888703765	0.166694435188
>MA0052.3_MEF2A
0.135732180761	0.0703194756518	0.388388754248	0.405559589339
0.0473985226821	0.902413931547	0.00278902308913	0.0473985226821
1.02040399835e-06	0.00918465638916	1.02040399835e-06	0.990813302803
0.992839497589	0.00306849460738	1.02249070556e-06	0.00409098531294
0.531345194881	1.02774500413e-06	0.00205651775327	0.466597259621
0.860813436832	0.00177392987968	8.86521679001e-07	0.137411746767
0.95009510726	9.78469751586e-07	9.78469751586e-07	0.0499029358006
0.957590897077	0.00394574380377	9.86189403592e-07	0.0384623729295
1.02774500413e-06	0.00205651775327	1.02774500413e-06	0.997941426757
0.996916850444	0.00205440634741	1.02668982879e-06	0.00102771651862
0.143105314466	0.00433736569864	0.842148856379	0.0104084634572
0.544714382243	0.332429693118	0.0370378065481	0.0858181180917
>MA0056.1_MZF1
0.150019996001	0.25	0.200009998	0.399970005999
4.99900019996e-05	4.99900019996e-05	0.949860027994	0.0500399920016
0.100029994001	4.99900019996e-05	0.899870025995	4.99900019996e-05
4.99900019996e-05	4.99900019996e-05	0.949860027994	0.0500399920016
4.99900019996e-05	4.99900019996e-05	0.999850029994	4.99900019996e-05
0.899870025995	4.99900019996e-05	0.100029994001	4.99900019996e-05
>MA0057.1_MZF1(var.2)
0.0625468632842	0.25	0.437453136716	0.25
0.125031242189	6.24843789053e-05	0.437453136716	0.437453136716
0.937328167958	0.0625468632842	6.24843789053e-05	6.24843789053e-05
6.24843789053e-05	6.24843789053e-05	0.687390652337	0.312484378905
6.24843789053e-05	6.24843789053e-05	0.937328167958	0.0625468632842
6.24843789053e-05	0.125031242189	0.874843789053	6.24843789053e-05
6.24843789053e-05	6.24843789053e-05	0.874843789053	0.125031242189
0.187515621095	0.0625468632842	0.499937515621	0.25
0.624906273432	6.24843789053e-05	0.25	0.125031242189
0.499937515621	0.125031242189	0.25	0.125031242189
>MA0058.3_MAX
0.480878155662	0.226261465022	0.188308891488	0.104551487828
0.278545437937	0.408581725916	0.220218199146	0.0926546370009
0.00564005458276	0.994359656191	1.44613076146e-07	1.44613076146e-07
0.98214498949	1.42836656e-07	0.0124269319086	0.00542793576464
1.4060734499e-07	0.96681624476	0.000984392022277	0.0321992226101
0.0452981989271	0.00536981667641	0.946715849255	0.00261613514188
0.00968570483677	0.0223190497928	0.00280755036072	0.96518769501
1.44112901506e-07	0.00389119245356	0.990920454866	0.00518820856711
0.195054577423	0.356363574479	0.238254552288	0.21032729581
0.163176315779	0.323589253293	0.14339738604	0.369837044888
>MA0059.1_MAX::MYC
0.33331746334	0.0476575890307	0.428537421444	0.190487526185
0.714197295753	0.0476575890307	0.190487526185	0.0476575890307
0.0952675680823	0.428537421444	0.428537421444	0.0476575890307
0.0476575890307	0.952247191011	4.76099790516e-05	4.76099790516e-05
0.999857170063	4.76099790516e-05	4.76099790516e-05	4.76099790516e-05
4.76099790516e-05	0.952247191011	4.76099790516e-05	0.0476575890307
0.0476575890307	4.76099790516e-05	0.952247191011	4.76099790516e-05
4.76099790516e-05	0.0476575890307	4.76099790516e-05	0.952247191011
4.76099790516e-05	4.76099790516e-05	0.999857170063	4.76099790516e-05
0.0476575890307	0.0476575890307	0.857027232908	0.0476575890307
0.142877547134	0.238097505237	4.76099790516e-05	0.61897733765
>MA0060.2_NFYA
0.536952423836	0.172787443984	0.112112289182	0.178147842998
0.135378701926	0.112568493354	0.52235389035	0.229698914371
0.404653214118	0.257299266743	0.247262774971	0.0907847441675
0.137203518612	0.339073864474	0.453695162548	0.070027454367
0.208257318313	0.267335758515	0.0356980904662	0.488708832706
0.0218979142801	0.0951186837962	0.546076507264	0.336906894659
0.0270302112088	0.842153014529	0.0548586656667	0.0759581085958
0.0018249307368	0.113252799611	0.0276004664231	0.857321803229
0.0253194455659	0.116104075682	0.819000652828	0.0395758259234
0.975706785718	0.000228216136763	0.01710777048	0.0069572276655
0.000570369265342	0.00593076827976	0.000912522393922	0.992586340061
0.00114062447964	0.000570369265342	0.000570369265342	0.99771863699
0.00330759429398	0.00114062447964	0.99452520779	0.00102657343678
0.00136872656536	0.00798368705124	0.990305319204	0.000342267179623
0.0429973572092	0.305314755787	0.00171087969394	0.64997700731
0.0524635937666	0.449703376048	0.213617717328	0.284215312858
0.175296566927	0.476277269034	0.2539917865	0.0944343775391
0.485971607677	0.12956209874	0.308736287073	0.07573000651
>MA0062.2_Gabpa
0.0323567953214	0.776539831993	0.190091243311	0.0010121293746
0.0707792890625	0.924163097419	0.00404548414364	0.0010121293746
1.00907766265e-06	1.00907766265e-06	0.998987895104	0.00101008674032
1.00907766265e-06	1.00907766265e-06	0.999996972767	1.00907766265e-06
0.997982888286	0.00100805233413	0.00100805233413	1.00704528884e-06
0.995968797709	0.00201509762297	1.00704528884e-06	0.00201509762297
0.0947586904892	0.0322589425043	0.872981358946	1.00806045137e-06
0.0565093581862	0.26337027903	0.0373368825958	0.642783480188
0.155555937148	0.138384289356	0.609089458224	0.0969703152715
0.266666599327	0.264646405469	0.419191235591	0.0494957596131
0.235353594531	0.360605613715	0.226262722171	0.177778069584
>MA0063.1_Nkx2-5
0.411726652552	5.88096918372e-05	0.0588685015291	0.529346036227
5.88096918372e-05	0.235297577041	5.88096918372e-05	0.764584803576
0.999823570924	5.88096918372e-05	5.88096918372e-05	5.88096918372e-05
0.999823570924	5.88096918372e-05	5.88096918372e-05	5.88096918372e-05
5.88096918372e-05	5.88096918372e-05	0.411726652552	0.588155728064
0.235297577041	0.117678193366	5.88096918372e-05	0.646965419901
0.117678193366	0.0588685015291	0.646965419901	0.176487885203
>MA0065.2_Pparg::Rxra
0.109685602401	0.369894422897	0.373394989988	0.147024984714
0.117716234423	0.193473457	0.148019123454	0.540791185123
0.45348742564	0.0267452244408	0.427906149274	0.0918612006456
0.116144640443	0.00348546580504	0.77932390558	0.101045988172
0.16125331205	0.0174024714502	0.78190008399	0.0394441325098
0.168213836595	0.149652437808	0.458235692642	0.223898032956
0.0822719245797	0.633833678639	0.207416188106	0.0764782086757
0.949011823815	0.0243347655399	0.0173823064551	0.00927110418955
0.604865099119	0.0556208314214	0.312861817558	0.0266522519015
0.825228818385	0.00578816764737	0.158565238124	0.0104177758436
0.0950180995685	0.00231864510477	0.888757178414	0.0139060769127
0.0475096291558	0.0104298473703	0.803010183035	0.139050340439
0.0254935087207	0.114716733642	0.304750615293	0.555039142345
0.0626458809936	0.643849680512	0.167053749171	0.126450689324
0.784220258839	0.0672862306903	0.0545252690243	0.0939682414467
>MA0066.1_PPARG
0.107163262391	0.285709184402	0.499964290816	0.107163262391
0.107163262391	3.57091844022e-05	3.57091844022e-05	0.89276531924
0.678510212827	3.57091844022e-05	0.321418368804	3.57091844022e-05
3.57091844022e-05	0.0357448935866	0.964183688045	3.57091844022e-05
0.0357448935866	3.57091844022e-05	0.928474503642	0.0357448935866
3.57091844022e-05	0.0357448935866	0.142872446793	0.821346950436
0.0714540779889	0.821346950436	0.107163262391	3.57091844022e-05
0.928474503642	0.0357448935866	3.57091844022e-05	0.0357448935866
0.178581631196	0.535673475218	0.142872446793	0.142872446793
0.178581631196	0.25	0.357127553207	0.214290815598
0.142872446793	0.0714540779889	0.642801028425	0.142872446793
0.0357448935866	3.57091844022e-05	0.0714540779889	0.89276531924
0.0714540779889	0.178581631196	0.714219397229	0.0357448935866
0.785637766033	0.178581631196	3.57091844022e-05	0.0357448935866
0.0357448935866	0.964183688045	3.57091844022e-05	3.57091844022e-05
3.57091844022e-05	0.89276531924	3.57091844022e-05	0.107163262391
0.107163262391	0.428545922011	3.57091844022e-05	0.464255106413
0.785637766033	0.178581631196	3.57091844022e-05	0.0357448935866
0.178581631196	0.428545922011	0.214290815598	0.178581631196
0.25	3.57091844022e-05	0.0357448935866	0.714219397229
>MA0067.1_Pax2
0.322571281125	0.225809572958	0.161301767514	0.290317378403
0.225809572958	0.032286156625	0.67736421107	0.0645400593472
0.0967939620694	0.0645400593472	3.22539027222e-05	0.838633724681
3.22539027222e-05	0.903141530125	0.032286156625	0.0645400593472
0.838633724681	0.032286156625	0.0967939620694	0.032286156625
0.0645400593472	0.548348600181	0.032286156625	0.354825183847
0.0645400593472	3.22539027222e-05	0.612856405625	0.322571281125
0.032286156625	0.354825183847	0.354825183847	0.258063475681
>MA0068.2_PAX4
0.0708825986008	0.637928061854	0.0900395399269	0.201149799618
0.107209928208	0.0554543034802	0.221811668675	0.615524099637
0.985198400019	0.00592004828345	2.95854486929e-06	0.00887859315274
0.999990991099	3.00296693133e-06	3.00296693133e-06	3.00296693133e-06
2.95854486929e-06	2.95854486929e-06	0.0147956828913	0.985198400019
0.0483892646316	0.0295722626638	0.0268841195256	0.895154353179
0.748310127549	0.200000449434	0.0247211261022	0.0269682969142
0.243111876098	0.15072997906	0.539706387641	0.0664517572009
>MA0069.1_Pax6
0.0465305552972	0.0930378569435	0.0930378569435	0.767393730816
0.0465305552972	0.0465305552972	2.32536508232e-05	0.906915635755
0.0930378569435	0.604618175053	0.023276904474	0.279067063529
0.906915635755	0.0465305552972	0.023276904474	0.023276904474
0.0697842061204	0.790647381639	0.023276904474	0.116291507767
0.023276904474	2.32536508232e-05	0.953422937401	0.023276904474
0.023276904474	0.860408334108	0.0930378569435	0.023276904474
0.488349920938	0.0465305552972	0.0465305552972	0.418588968468
0.023276904474	0.0930378569435	0.023276904474	0.860408334108
0.0465305552972	0.325574365175	0.58136452423	0.0465305552972
0.837154683285	2.32536508232e-05	0.13954515859	0.023276904474
0.255813412706	0.255813412706	0.302320714352	0.186052460236
0.023276904474	0.116291507767	0.0697842061204	0.790647381639
0.023276904474	2.32536508232e-05	0.395335317645	0.58136452423
>MA0070.1_PBX1
0.27777160631	0.333314818929	0.111141968451	0.27777160631
0.166685181071	0.499944456787	0.166685181071	0.166685181071
0.888746945123	0.055598755832	0.055598755832	5.55432126194e-05
0.055598755832	0.055598755832	5.55432126194e-05	0.888746945123
5.55432126194e-05	0.999833370362	5.55432126194e-05	5.55432126194e-05
0.944290157743	0.055598755832	5.55432126194e-05	5.55432126194e-05
0.944290157743	5.55432126194e-05	5.55432126194e-05	0.055598755832
5.55432126194e-05	5.55432126194e-05	0.055598755832	0.944290157743
5.55432126194e-05	0.999833370362	5.55432126194e-05	5.55432126194e-05
0.888746945123	0.055598755832	5.55432126194e-05	0.055598755832
0.666574094646	5.55432126194e-05	0.055598755832	0.27777160631
0.444401244168	0.111141968451	0.111141968451	0.333314818929
>MA0071.1_RORA
0.599944008959	0.0400335946249	0.0800271956487	0.279995200768
0.359982402816	0.0400335946249	3.99936010238e-05	0.599944008959
0.240001599744	0.479963205887	0.160014397696	0.120020796673
0.439969604863	0.0800271956487	0.20000799872	0.279995200768
0.839905615102	3.99936010238e-05	0.160014397696	3.99936010238e-05
3.99936010238e-05	3.99936010238e-05	0.999880019197	3.99936010238e-05
3.99936010238e-05	3.99936010238e-05	0.999880019197	3.99936010238e-05
3.99936010238e-05	3.99936010238e-05	3.99936010238e-05	0.999880019197
3.99936010238e-05	0.999880019197	3.99936010238e-05	3.99936010238e-05
0.999880019197	3.99936010238e-05	3.99936010238e-05	3.99936010238e-05
>MA0072.1_RORA(var.2)
0.25	0.222225308299	0.222225308299	0.305549383402
0.472197533607	0.0555771580935	0.194450616598	0.277774691701
0.416648150206	2.77746917009e-05	0.0833518497945	0.499972225308
0.972141984224	0.0278024663926	2.77746917009e-05	2.77746917009e-05
0.638845683813	2.77746917009e-05	2.77746917009e-05	0.361098766804
0.0555771580935	0.333324075103	0.361098766804	0.25
2.77746917009e-05	2.77746917009e-05	2.77746917009e-05	0.999916675925
0.777719142318	2.77746917009e-05	0.222225308299	2.77746917009e-05
2.77746917009e-05	2.77746917009e-05	0.999916675925	2.77746917009e-05
2.77746917009e-05	2.77746917009e-05	0.999916675925	2.77746917009e-05
2.77746917009e-05	2.77746917009e-05	2.77746917009e-05	0.999916675925
2.77746917009e-05	0.999916675925	2.77746917009e-05	2.77746917009e-05
0.999916675925	2.77746917009e-05	2.77746917009e-05	2.77746917009e-05
0.416648150206	0.166675924897	0.277774691701	0.138901233196
>MA0073.1_RREB1
0.272719011269	0.727099236641	9.08760450745e-05	9.08760450745e-05
0.0909669211196	0.90885132679	9.08760450745e-05	9.08760450745e-05
0.272719011269	0.727099236641	9.08760450745e-05	9.08760450745e-05
9.08760450745e-05	0.999727371865	9.08760450745e-05	9.08760450745e-05
0.636223191567	0.363595056343	9.08760450745e-05	9.08760450745e-05
0.817975281716	0.181842966194	9.08760450745e-05	9.08760450745e-05
0.727099236641	0.272719011269	9.08760450745e-05	9.08760450745e-05
0.363595056343	0.545347146492	9.08760450745e-05	0.0909669211196
9.08760450745e-05	0.999727371865	9.08760450745e-05	9.08760450745e-05
0.999727371865	9.08760450745e-05	9.08760450745e-05	9.08760450745e-05
0.363595056343	0.636223191567	9.08760450745e-05	9.08760450745e-05
0.0909669211196	0.90885132679	9.08760450745e-05	9.08760450745e-05
0.272719011269	0.727099236641	9.08760450745e-05	9.08760450745e-05
0.363595056343	0.545347146492	0.0909669211196	9.08760450745e-05
0.181842966194	0.817975281716	9.08760450745e-05	9.08760450745e-05
0.363595056343	0.454471101418	9.08760450745e-05	0.181842966194
0.363595056343	0.454471101418	0.0909669211196	0.0909669211196
0.363595056343	0.545347146492	9.08760450745e-05	0.0909669211196
0.0909669211196	0.636223191567	0.272719011269	9.08760450745e-05
0.363595056343	0.363595056343	0.181842966194	0.0909669211196
>MA0074.1_RXRA::VDR
0.299980007997	9.99600159936e-05	0.699820071971	9.99600159936e-05
9.99600159936e-05	9.99600159936e-05	0.999700119952	9.99600159936e-05
9.99600159936e-05	9.99600159936e-05	0.899740103958	0.10005997601
9.99600159936e-05	9.99600159936e-05	9.99600159936e-05	0.999700119952
9.99600159936e-05	0.899740103958	9.99600159936e-05	0.10005997601
0.899740103958	9.99600159936e-05	0.10005997601	9.99600159936e-05
0.39994002399	0.200019992003	9.99600159936e-05	0.39994002399
0.200019992003	0.39994002399	0.200019992003	0.200019992003
0.200019992003	9.99600159936e-05	0.799780087965	9.99600159936e-05
0.499900039984	9.99600159936e-05	0.499900039984	9.99600159936e-05
9.99600159936e-05	9.99600159936e-05	0.999700119952	9.99600159936e-05
9.99600159936e-05	9.99600159936e-05	9.99600159936e-05	0.999700119952
0.10005997601	9.99600159936e-05	9.99600159936e-05	0.899740103958
9.99600159936e-05	0.899740103958	9.99600159936e-05	0.10005997601
0.699820071971	0.10005997601	0.200019992003	9.99600159936e-05
>MA0075.2_Prrx2
0.167272813223	0.395324524338	0.185714352505	0.251688309934
0.090324154173	0.455392627259	0.0554817527903	0.398801465778
0.782316640393	0.0733741273381	0.0837399725691	0.0605692596998
0.900350268678	0.0542691889879	0.0290060547312	0.0163744876028
0.00333786563505	0.00564851794761	0.00282438734338	0.988189229074
0.0921314020313	0.0996442470192	0.0472520385512	0.760972312398
0.858002132856	0.0441374996545	0.00869392893988	0.0891664385498
0.32060268059	0.228111220461	0.268900993608	0.182385105342
>MA0076.2_ELK4
0.0869567120435	0.425444790844	0.258535151987	0.229063345126
