# JASPAR2020_insects motif database
# Retrieved from:
#     * http://jaspar.genereg.net/download/CORE/JASPAR2020_CORE_insects_non-redundant_pfms_transfac.txt
#     * http://jaspar.genereg.net/download/collections/JASPAR2020_UNVALIDATED_insects_pfms_transfac.txt
# Note: this file also contains the unvalidated motifs from JASPAR.
#       These have not been confirmed by orthogonal evidence and have 
#       a motif id that starts with UN.
# Date: 2019-10-18
>MA0206.1_abd-A
0.0556	0.1667	0.0001	0.7777
0.0001	0.0001	0.0001	0.9998
0.8887	0.0001	0.0001	0.1111
0.9998	0.0001	0.0001	0.0001
0.0556	0.0001	0.0001	0.9443
0.0001	0.0001	0.3333	0.6666
0.8332	0.0556	0.1111	0.0001
>MA0165.1_Abd-B
0.0477	0.0000	0.0000	0.9522
0.0000	0.0000	0.0000	0.9999
0.2381	0.0000	0.0000	0.7618
0.9999	0.0000	0.0000	0.0000
0.0000	0.1429	0.0000	0.8570
0.1429	0.0000	0.5238	0.3333
0.6190	0.0000	0.2381	0.1429
>MA0207.1_achi
0.0000	0.0000	0.0000	0.9999
0.0000	0.0000	0.9999	0.0000
0.9999	0.0000	0.0000	0.0000
0.0000	0.9564	0.0000	0.0435
0.9999	0.0000	0.0000	0.0000
0.1765	0.0001	0.7058	0.1177
>MA0208.1_al
0.0000	0.0000	0.0000	0.9999
0.9999	0.0000	0.0000	0.0000
0.9999	0.0000	0.0000	0.0000
0.0000	0.0000	0.0000	0.9999
0.0000	0.0000	0.0000	0.9999
0.8499	0.0000	0.1500	0.0000
0.8999	0.0000	0.1000	0.0000
>MA0166.1_Antp
0.0625	0.0625	0.0001	0.8748
0.0001	0.0001	0.0001	0.9998
0.9998	0.0001	0.0001	0.0001
0.9998	0.0001	0.0001	0.0001
0.0001	0.0001	0.0001	0.9998
0.0001	0.0001	0.5624	0.4375
0.9373	0.0001	0.0625	0.0001
>MA0209.1_ap
0.1053	0.5263	0.0001	0.3684
0.0527	0.0001	0.0001	0.9472
0.9998	0.0001	0.0001	0.0001
0.9998	0.0001	0.0001	0.0001
0.0001	0.0001	0.0001	0.9998
0.0001	0.0001	0.3158	0.6841
0.8420	0.0001	0.1579	0.0001
>MA0210.1_ara
0.4117	0.0000	0.1471	0.4412
0.6764	0.0000	0.0000	0.3235
0.9999	0.0000	0.0000	0.0000
0.0000	0.9999	0.0000	0.0000
0.9999	0.0000	0.0000	0.0000
>MA0167.1_Awh
0.0750	0.4000	0.0000	0.5250
0.0250	0.0000	0.0000	0.9749
0.8249	0.0000	0.1750	0.0000
0.9999	0.0000	0.0000	0.0000
0.0000	0.0000	0.0250	0.9749
0.0000	0.0000	0.2000	0.7999
0.8499	0.0000	0.1000	0.0500
>MA0168.1_B-H1
0.1905	0.1905	0.0000	0.6190
0.0000	0.0000	0.0000	0.9999
0.9999	0.0000	0.0000	0.0000
0.9999	0.0000	0.0000	0.0000
0.3809	0.0000	0.0000	0.6190
0.0477	0.3333	0.0000	0.6190
0.0477	0.0000	0.9522	0.0000
>MA0169.1_B-H2
0.2857	0.0953	0.0477	0.5714
0.0000	0.0000	0.0000	0.9999
0.9999	0.0000	0.0000	0.0000
0.9999	0.0000	0.0000	0.0000
0.2381	0.0000	0.0000	0.7618
0.1429	0.0477	0.0953	0.7142
0.0000	0.0000	0.9999	0.0000
>MA0211.1_bap
0.0000	0.0000	0.0435	0.9564
0.0000	0.0000	0.0000	0.9999
0.9999	0.0000	0.0000	0.0000
0.9999	0.0000	0.0000	0.0000
0.0000	0.0000	0.9999	0.0000
0.0435	0.0000	0.0000	0.9564
0.3043	0.0000	0.6956	0.0000
>MA0212.1_bcd
0.0000	0.0000	0.0000	0.9999
0.9090	0.0000	0.0000	0.0909
0.9999	0.0000	0.0000	0.0000
0.0000	0.0000	0.0455	0.9544
0.0000	0.9999	0.0000	0.0000
0.0000	0.9544	0.0000	0.0455
>MA0529.2_BEAF-32
0.3221	0.1905	0.2828	0.2047
0.2930	0.3317	0.1292	0.2461
0.0980	0.0836	0.0176	0.8008
0.9362	0.0093	0.0174	0.0371
0.0178	0.0204	0.0144	0.9475
0.0047	0.9856	0.0024	0.0073
0.0073	0.0024	0.9856	0.0047
0.9475	0.0144	0.0204	0.0178
0.0371	0.0174	0.0093	0.9362
0.8008	0.0176	0.0836	0.0980
0.2461	0.1292	0.3317	0.2930
0.2047	0.2828	0.1905	0.3221
>MA0242.1_Bgb::run
0.4138	0.0690	0.0000	0.5172
0.9309	0.0000	0.0345	0.0345
0.9654	0.0000	0.0345	0.0000
0.0000	0.9999	0.0000	0.0000
0.0000	0.9654	0.0345	0.0000
0.1724	0.0345	0.7930	0.0000
0.0000	0.9999	0.0000	0.0000
0.9654	0.0000	0.0000	0.0345
0.6896	0.0000	0.3103	0.0000
>MA0010.1_br
0.3333	0.1112	0.4444	0.1112
0.1112	0.1112	0.1112	0.6665
0.5554	0.2222	0.1112	0.1112
0.7775	0.0001	0.1112	0.1112
0.3333	0.0001	0.0001	0.6665
0.6665	0.0001	0.0001	0.3333
0.4444	0.1112	0.4444	0.0001
0.7775	0.0001	0.1112	0.1112
0.1112	0.8886	0.0001	0.0001
0.9997	0.0001	0.0001	0.0001
0.8886	0.0001	0.1112	0.0001
0.5554	0.0001	0.3333	0.1112
0.4444	0.0001	0.0001	0.5554
0.2222	0.3333	0.2222	0.2222
>MA0011.1_br(var.2)
0.2500	0.0834	0.0834	0.5832
0.4166	0.1667	0.0834	0.3333
0.0001	0.8331	0.0001	0.1667
0.0001	0.0834	0.0001	0.9164
0.9998	0.0001	0.0001	0.0001
0.0834	0.0834	0.1667	0.6665
0.1667	0.0001	0.0834	0.7498
0.0834	0.1667	0.0834	0.6665
>MA0012.1_br(var.3)
0.2500	0.0834	0.0834	0.5832
0.7498	0.1667	0.0834	0.0001
0.8331	0.0001	0.0001	0.1667
0.9998	0.0001	0.0001	0.0001
0.0001	0.8331	0.0834	0.0834
0.3333	0.0001	0.0001	0.6665
0.8331	0.0001	0.0001	0.1667
0.4999	0.0001	0.3333	0.1667
0.4999	0.0834	0.1667	0.2500
0.3333	0.2500	0.1667	0.2500
0.1667	0.2500	0.4166	0.1667
>MA0013.1_br(var.4)
0.1667	0.1667	0.0002	0.6664
0.6664	0.0002	0.0002	0.3333
0.3333	0.0002	0.6664	0.0002
0.1667	0.0002	0.0002	0.8329
0.8329	0.0002	0.1667	0.0002
0.9995	0.0002	0.0002	0.0002
0.8329	0.0002	0.1667	0.0002
0.1667	0.4998	0.1667	0.1667
0.4998	0.0002	0.1667	0.3333
0.8329	0.0002	0.0002	0.1667
0.4998	0.1667	0.0002	0.3333
>MA0213.1_brk
0.1001	0.4999	0.3999	0.0001
0.0001	0.3999	0.0001	0.5999
0.0001	0.0001	0.9997	0.0001
0.0001	0.0001	0.9997	0.0001
0.0001	0.9997	0.0001	0.0001
0.1001	0.0001	0.8997	0.0001
0.1001	0.7998	0.0001	0.1001
0.0001	0.4999	0.1001	0.3999
>MA0214.1_bsh
0.0625	0.1875	0.1250	0.6249
0.0001	0.0001	0.0001	0.9998
0.9998	0.0001	0.0001	0.0001
0.9998	0.0001	0.0001	0.0001
0.0001	0.0625	0.0001	0.9373
0.0001	0.1875	0.3750	0.4375
0.4375	0.0001	0.5624	0.0001
>MA0443.1_btd
0.4666	0.1000	0.2333	0.2000
0.3333	0.0000	0.6666	0.0000
0.1333	0.0000	0.6000	0.2667
0.0667	0.0000	0.9332	0.0000
0.0000	0.0000	0.9999	0.0000
0.0000	0.0000	0.9999	0.0000
0.0667	0.9332	0.0000	0.0000
0.0000	0.0000	0.9999	0.0000
0.0000	0.0000	0.6666	0.3333
0.5000	0.0334	0.3333	0.1333
>MA0215.1_btn
0.2174	0.0435	0.1739	0.5652
0.0000	0.0000	0.0000	0.9999
0.9564	0.0000	0.0435	0.0000
0.9999	0.0000	0.0000	0.0000
0.0000	0.0435	0.0000	0.9564
0.0000	0.0000	0.6521	0.3478
0.8260	0.0000	0.1305	0.0435
>MA0170.1_C15
0.0527	0.0527	0.0001	0.8946
0.0001	0.0001	0.0001	0.9998
0.8946	0.0001	0.0001	0.1053
0.9998	0.0001	0.0001	0.0001
0.3158	0.1053	0.0001	0.5789
0.0001	0.1579	0.3158	0.5263
0.5263	0.0001	0.4736	0.0001
>MA0216.2_cad
0.3708	0.0000	0.4963	0.1329
0.2497	0.1481	0.6023	0.0000
0.0000	0.6431	0.0000	0.3569
0.3235	0.6405	0.0000	0.0360
0.9192	0.0000	0.0808	0.0000
0.0000	0.0413	0.0000	0.9587
0.9709	0.0000	0.0000	0.0291
1.0000	0.0000	0.0000	0.0000
1.0000	0.0000	0.0000	0.0000
0.7108	0.0499	0.0638	0.1754
0.4542	0.3278	0.0000	0.2180
>MA0217.1_caup
0.2105	0.0527	0.1053	0.6315
0.7367	0.0001	0.1053	0.1579
0.9998	0.0001	0.0001	0.0001
0.0001	0.9998	0.0001	0.0001
0.9998	0.0001	0.0001	0.0001
>MA0015.1_Cf2
0.3125	0.1625	0.5000	0.0250
0.0125	0.0250	0.0125	0.9500
0.9250	0.0250	0.0500	0.0000
0.0000	0.1125	0.0500	0.8375
0.9750	0.0250	0.0000	0.0000
0.0125	0.0500	0.0125	0.9250
0.5125	0.0250	0.4500	0.0125
0.0250	0.1125	0.0125	0.8500
0.6625	0.0375	0.2500	0.0500
0.1500	0.3625	0.1875	0.3000
>MA0171.1_CG11085
0.0001	0.2308	0.0001	0.7691
0.0001	0.0001	0.0001	0.9998
0.9998	0.0001	0.0001	0.0001
0.9998	0.0001	0.0001	0.0001
0.0770	0.0001	0.0001	0.9229
0.1539	0.0770	0.1539	0.6153
0.0770	0.0001	0.9229	0.0001
>MA0172.1_CG11294
0.0001	0.2000	0.0001	0.7999
0.0001	0.1334	0.0001	0.8665
0.9998	0.0001	0.0001	0.0001
0.9998	0.0001	0.0001	0.0001
0.0001	0.0001	0.0001	0.9998
0.0001	0.0001	0.0001	0.9998
0.9998	0.0001	0.0001	0.0001
>MA0173.1_CG11617
0.0589	0.0001	0.0001	0.9410
0.0001	0.0001	0.0001	0.9998
0.5882	0.0001	0.1765	0.2353
0.9998	0.0001	0.0001	0.0001
0.0001	0.9998	0.0001	0.0001
0.9998	0.0001	0.0001	0.0001
0.0001	0.0001	0.0001	0.9998
>MA0176.1_CG15696-RA
0.0625	0.0938	0.0938	0.7499
0.0625	0.0938	0.0000	0.8437
0.6562	0.0000	0.1875	0.1563
0.9999	0.0000	0.0000	0.0000
0.0000	0.0000	0.0000	0.9999
0.0000	0.0000	0.0625	0.9374
0.5000	0.0000	0.5000	0.0000
>MA0177.1_CG18599
0.1600	0.4000	0.0400	0.4000
0.0000	0.0000	0.0000	0.9999
0.9999	0.0000	0.0000	0.0000
0.9999	0.0000	0.0000	0.0000
0.0000	0.0000	0.0000	0.9999
0.0000	0.0400	0.3200	0.6399
0.9199	0.0000	0.0800	0.0000
>MA0178.1_CG32105
0.1053	0.2105	0.0001	0.6841
0.1053	0.0001	0.0001	0.8946
0.8946	0.0001	0.0001	0.1053
0.9998	0.0001	0.0001	0.0001
0.0001	0.0001	0.0527	0.9472
0.0001	0.0001	0.0527	0.9472
0.7894	0.0001	0.2105	0.0001
>MA0179.1_CG32532
0.0870	0.2609	0.0870	0.5652
0.0000	0.0000	0.0000	0.9999
0.9999	0.0000	0.0000	0.0000
0.9999	0.0000	0.0000	0.0000
0.0000	0.0000	0.0000	0.9999
0.0000	0.0000	0.0870	0.9129
0.5217	0.0000	0.4348	0.0435
>MA0444.1_CG34031
0.0000	0.0400	0.0400	0.9199
0.0000	0.0000	0.0000	0.9999
0.8799	0.0000	0.0000	0.1200
0.9999	0.0000	0.0000	0.0000
0.0800	0.0000	0.0000	0.9199
0.2800	0.0000	0.0400	0.6799
0.1200	0.0000	0.8799	0.0000
>MA0182.1_CG4328-RA
0.4000	0.0667	0.1000	0.4333
0.2333	0.0334	0.0000	0.7333
0.4333	0.0000	0.0000	0.5666
0.9999	0.0000	0.0000	0.0000
0.0000	0.0000	0.0000	0.9999
0.0000	0.0000	0.2000	0.7999
0.5000	0.0000	0.5000	0.0000
>MA0184.1_CG9876
0.1000	0.4500	0.1500	0.3000
0.0000	0.0000	0.0000	0.9999
0.8999	0.0000	0.0000	0.1000
0.9999	0.0000	0.0000	0.0000
0.0000	0.0000	0.0000	0.9999
0.0000	0.0000	0.0500	0.9499
0.6999	0.0000	0.3000	0.0000
>MA1700.1_Clamp
0.1252	0.0943	0.7122	0.0683
0.4040	0.1716	0.1426	0.2818
0.0713	0.0660	0.8216	0.0411
0.2690	0.4987	0.1335	0.0988
0.0279	0.0109	0.9551	0.0060
0.9468	0.0121	0.0162	0.0249
0.0234	0.0041	0.9664	0.0060
0.1226	0.7537	0.0656	0.0581
0.0117	0.0045	0.9808	0.0030
0.9246	0.0106	0.0585	0.0064
0.0268	0.0136	0.9495	0.0102
0.7688	0.1252	0.0445	0.0615
0.0883	0.1894	0.5715	0.1509
0.4719	0.1233	0.3621	0.0426
>MA0530.1_cnc::maf-S
0.2996	0.2384	0.3354	0.1266
0.7173	0.0422	0.2405	0.0000
0.0000	0.0000	0.0000	1.0000
0.0000	0.0000	1.0000	0.0000
0.8586	0.0970	0.0443	0.0000
0.0000	0.6160	0.1688	0.2152
0.1688	0.0000	0.3565	0.4747
0.1646	0.4536	0.1899	0.1920
0.2869	0.0696	0.3439	0.2996
0.0506	0.0000	0.8903	0.0591
0.0000	1.0000	0.0000	0.0000
0.7764	0.0000	0.2236	0.0000
0.2806	0.2700	0.2089	0.2405
0.4662	0.1329	0.0000	0.4008
0.4515	0.0253	0.0000	0.5232
>MA0218.1_ct
0.0000	0.3000	0.0000	0.6999
0.0500	0.1000	0.0000	0.8499
0.4500	0.0000	0.5499	0.0000
0.9999	0.0000	0.0000	0.0000
0.8499	0.0000	0.0500	0.1000
0.0000	0.9499	0.0500	0.0000
>MA0531.1_CTCF
0.1609	0.4606	0.2119	0.1667
0.1646	0.6030	0.1151	0.1172
0.2403	0.2014	0.4343	0.1241
0.3554	0.4122	0.1840	0.0484
0.1351	0.3754	0.0457	0.4437
0.8065	0.0005	0.1009	0.0920
0.1062	0.0000	0.8938	0.0000
0.5189	0.0000	0.4795	0.0016
0.0011	0.0021	0.1635	0.8333
0.0000	0.0000	1.0000	0.0000
0.0011	0.0000	0.8686	0.1304
0.0652	0.8649	0.0016	0.0683
0.0005	0.0000	0.9501	0.0494
0.0415	0.7960	0.0042	0.1583
0.1215	0.4064	0.0757	0.3964
>MA0445.1_D
0.0345	0.2759	0.2414	0.4482
0.0000	0.8620	0.0000	0.1379
0.0000	0.5862	0.0000	0.4138
0.6896	0.0000	0.0000	0.3103
0.0000	0.0000	0.0000	0.9999
0.0000	0.0000	0.1035	0.8965
0.0690	0.0000	0.9309	0.0000
0.0000	0.0000	0.0000	0.9999
0.0345	0.0690	0.1379	0.7586
0.1379	0.3448	0.2069	0.3103
0.2069	0.0345	0.0345	0.7241
>MA0174.1_Dbx
0.1250	0.0001	0.0001	0.8748
0.1250	0.0001	0.0001	0.8748
0.3750	0.0001	0.1250	0.4999
0.9998	0.0001	0.0001	0.0001
0.0001	0.0001	0.0001	0.9998
0.0001	0.1250	0.3750	0.4999
0.8124	0.0001	0.1875	0.0001
>MA0185.1_Deaf1
0.0001	0.3000	0.0001	0.6998
0.0001	0.0001	0.0001	0.9997
0.0001	0.9997	0.0001	0.0001
0.0001	0.0001	0.9997	0.0001
0.0001	0.0001	0.4999	0.4999
0.1001	0.3000	0.3999	0.2000
>MA0186.1_Dfd
0.0417	0.1667	0.1250	0.6666
0.0000	0.0000	0.0000	0.9999
0.9999	0.0000	0.0000	0.0000
0.9999	0.0000	0.0000	0.0000
0.0000	0.0000	0.0000	0.9999
0.0417	0.0000	0.7916	0.1667
0.8749	0.0000	0.1250	0.0000
>MA0022.1_dl
0.0001	0.3846	0.4615	0.1539
0.0001	0.0001	0.9229	0.0770
0.0001	0.0770	0.8460	0.0770
0.0001	0.0001	0.7691	0.2308
0.0770	0.0770	0.2308	0.6153
0.0770	0.0001	0.1539	0.7691
0.0770	0.0001	0.0001	0.9229
0.0001	0.0001	0.0001	0.9998
0.0001	0.2308	0.0001	0.7691
0.0770	0.6922	0.0001	0.2308
0.0770	0.6922	0.0770	0.1539
0.2308	0.3846	0.3846	0.0001
>MA0023.1_dl(var.2)
0.0001	0.1112	0.7775	0.1112
0.0001	0.0001	0.7775	0.2222
0.0001	0.0001	0.9997	0.0001
0.0001	0.0001	0.8886	0.1112
0.4444	0.1112	0.0001	0.4444
0.2222	0.1112	0.0001	0.6665
0.0001	0.0001	0.0001	0.9997
0.0001	0.1112	0.0001	0.8886
0.0001	0.9997	0.0001	0.0001
0.1112	0.8886	0.0001	0.0001
>MA0187.1_Dll
0.0435	0.0000	0.0000	0.9564
0.9564	0.0000	0.0435	0.0000
0.9999	0.0000	0.0000	0.0000
0.0000	0.0000	0.0000	0.9999
0.1305	0.0000	0.1305	0.7390
0.4348	0.0000	0.3913	0.1739
0.0435	0.5217	0.1739	0.2609
>MA1455.1_dmrt99B
0.2893	0.1502	0.1151	0.4454
0.2244	0.2014	0.1423	0.4319
0.0922	0.0381	0.8096	0.0601
0.3417	0.2886	0.0090	0.3607
0.3487	0.0852	0.0391	0.5271
0.9810	0.0040	0.0080	0.0070
0.0100	0.9569	0.0100	0.0230
0.8577	0.0080	0.0100	0.1242
0.9349	0.0260	0.0390	0.0000
0.1373	0.0210	0.0110	0.8307
0.0411	0.0120	0.9349	0.0120
0.0030	0.0040	0.0020	0.9910
0.6192	0.0351	0.0661	0.2796
0.3567	0.0110	0.2605	0.3717
0.0632	0.8275	0.0271	0.0822
0.4800	0.1553	0.2004	0.1643
0.5301	0.1172	0.1283	0.2244
>MA0188.1_Dr
0.0477	0.6190	0.2857	0.0477
0.0000	0.7618	0.0000	0.2381
0.9999	0.0000	0.0000	0.0000
0.9999	0.0000	0.0000	0.0000
0.0000	0.0000	0.0000	0.9999
0.0000	0.0000	0.0000	0.9999
0.9999	0.0000	0.0000	0.0000
>MA1456.1_Dref
0.2616	0.1967	0.3519	0.1899
0.2542	0.3303	0.1147	0.3008
0.0000	0.0000	0.0000	1.0000
1.0000	0.0000	0.0000	0.0000
0.0000	0.0000	0.0000	1.0000
0.0000	1.0000	0.0000	0.0000
0.0000	0.0000	1.0000	0.0000
1.0000	0.0000	0.0000	0.0000
0.1179	0.0533	0.0392	0.7895
0.5864	0.0604	0.1475	0.2057
>MA0915.1_dve
0.2760	0.3790	0.1380	0.2070
0.0000	0.0000	0.0000	1.0000
1.0000	0.0000	0.0000	0.0000
1.0000	0.0000	0.0000	0.0000
0.0000	0.0000	0.0000	1.0000
0.0000	1.0000	0.0000	0.0000
0.0000	0.9710	0.0000	0.0290
0.3480	0.2170	0.3480	0.0870
>MA0189.1_E5
0.1163	0.3488	0.1395	0.3953
0.0698	0.0000	0.0000	0.9302
0.9999	0.0000	0.0000	0.0000
0.9767	0.0000	0.0000	0.0233
0.0233	0.0000	0.0233	0.9534
0.1163	0.0000	0.3721	0.5116
0.7906	0.0000	0.2093	0.0000
>MA0534.1_EcR::usp
0.2788	0.3462	0.3750	0.0000
0.5769	0.1154	0.3077	0.0000
0.1827	0.0962	0.7211	0.0000
0.0481	0.0289	0.3365	0.5865
0.0865	0.0000	0.0000	0.9134
0.1154	0.6346	0.0000	0.2500
0.7115	0.0000	0.2885	0.0000
0.3269	0.1058	0.0481	0.5192
0.0000	0.0000	0.0000	1.0000
0.0000	0.0000	1.0000	0.0000
0.6346	0.3173	0.0000	0.0481
0.4711	0.5288	0.0000	0.0000
0.2019	0.5481	0.0000	0.2500
0.0000	0.3269	0.0000	0.6731
0.2308	0.2692	0.0000	0.5000
>MA0026.1_Eip74EF
0.1177	0.7058	0.1177	0.0589
0.2941	0.7058	0.0001	0.0001
0.0001	0.0001	0.9998	0.0001
0.0001	0.0001	0.9998	0.0001
0.9998	0.0001	0.0001	0.0001
0.9998	0.0001	0.0001	0.0001
0.2941	0.0589	0.5882	0.0589
>MA0219.1_ems
0.1500	0.3500	0.0500	0.4500
0.1500	0.0000	0.0000	0.8499
0.9499	0.0000	0.0000	0.0500
0.9499	0.0000	0.0500	0.0000
0.0000	0.0000	0.0000	0.9999
0.0000	0.0500	0.5000	0.4500
0.6999	0.0000	0.3000	0.0000
>MA0220.1_en
0.0870	0.3478	0.0870	0.4782
0.0000	0.0000	0.0000	0.9999
0.9999	0.0000	0.0000	0.0000
0.9999	0.0000	0.0000	0.0000
0.0000	0.0000	0.0000	0.9999
0.0000	0.0000	0.0870	0.9129
0.5652	0.0000	0.4348	0.0000
>MA0916.1_Ets21C
0.0010	0.9970	0.0010	0.0010
0.0010	0.9970	0.0010	0.0010
0.0010	0.0010	0.9970	0.0010
0.0010	0.0010	0.9970	0.0010
0.9970	0.0010	0.0010	0.0010
0.8970	0.0010	0.0010	0.1010
0.3330	0.0010	0.6650	0.0010
0.0010	0.2860	0.0010	0.7120
>MA0221.1_eve
0.1364	0.4545	0.0000	0.4091
0.0455	0.0000	0.0000	0.9544
0.9999	0.0000	0.0000	0.0000
0.9999	0.0000	0.0000	0.0000
0.0000	0.0909	0.0455	0.8635
0.0000	0.0909	0.5000	0.4091
0.7726	0.0000	0.1818	0.0455
>MA0222.1_exd
0.2353	0.2353	0.2353	0.2941
0.0589	0.0001	0.1177	0.8234
0.0001	0.0001	0.0001	0.9998
0.0001	0.0001	0.0001	0.9998
0.0001	0.0001	0.9998	0.0001
0.9998	0.0001	0.0001	0.0001
0.0001	0.7058	0.0001	0.2941
0.6470	0.0001	0.3529	0.0001
>MA0224.1_exex
0.0000	0.3043	0.4348	0.2609
0.0000	0.0000	0.0000	0.9999
0.9999	0.0000	0.0000	0.0000
0.9999	0.0000	0.0000	0.0000
0.0000	0.0000	0.0000	0.9999
0.0435	0.0435	0.0000	0.9129
0.8695	0.0000	0.1305	0.0000
>MA0446.1_fkh
0.1111	0.0000	0.0000	0.8888
0.1852	0.0000	0.8147	0.0000
0.0000	0.0000	0.0000	0.9999
0.0000	0.0000	0.0000	0.9999
0.0000	0.0000	0.0371	0.9629
0.4814	0.0000	0.5185	0.0000
0.1482	0.4814	0.0741	0.2963
0.2222	0.2593	0.1111	0.4074
0.0000	0.4074	0.0741	0.5185
0.8518	0.0000	0.0371	0.1111
0.5555	0.1482	0.1482	0.1482
>MA0225.1_ftz
0.0556	0.1111	0.0001	0.8332
0.0556	0.0001	0.0001	0.9443
0.9998	0.0001	0.0001	0.0001
0.9998	0.0001	0.0001	0.0001
0.0001	0.0001	0.0001	0.9998
0.0001	0.0001	0.4999	0.4999
0.7777	0.0001	0.2222	0.0001
>MA0917.1_gcm2
0.7300	0.1110	0.1590	0.0000
0.0000	0.0120	0.0000	0.9880
0.2350	0.0240	0.7410	0.0000
0.0470	0.8000	0.1410	0.0120
0.0709	0.0000	0.7522	0.1768
0.0000	0.0000	1.0000	0.0000
0.0000	0.0000	1.0000	0.0000
0.0559	0.3516	0.0929	0.4995
>MA1457.1_grh
0.3511	0.2191	0.2650	0.1648
0.5747	0.1432	0.1606	0.1215
0.9274	0.0081	0.0267	0.0378
0.9637	0.0060	0.0171	0.0132
0.0087	0.9799	0.0054	0.0060
0.0561	0.8478	0.0597	0.0363
0.5744	0.0582	0.2515	0.1158
0.0060	0.0171	0.9667	0.0102
0.0147	0.0102	0.0069	0.9682
0.0174	0.0288	0.0069	0.9469
0.1074	0.1708	0.1221	0.5996
0.1639	0.2359	0.2455	0.3547
0.2263	0.2800	0.2350	0.2587
>MA0190.1_Gsc
0.0000	0.0000	0.0000	0.9999
0.9999	0.0000	0.0000	0.0000
0.9999	0.0000	0.0000	0.0000
0.0000	0.0000	0.0000	0.9999
0.0000	0.9999	0.0000	0.0000
0.0000	0.6363	0.0909	0.2727
>MA0447.1_gt
0.4667	0.0833	0.4167	0.0333
0.0000	0.0000	0.0000	1.0000
0.0167	0.0167	0.0500	0.9166
0.9000	0.0000	0.1000	0.0000
0.0000	0.8833	0.0000	0.1167
0.1167	0.0000	0.8833	0.0000
0.0000	0.1000	0.0000	0.9000
0.9166	0.0500	0.0167	0.0167
1.0000	0.0000	0.0000	0.0000
0.0333	0.4167	0.0833	0.4667
>MA0449.1_h
0.0294	0.0588	0.8823	0.0294
0.0883	0.2059	0.5000	0.2059
0.0294	0.9117	0.0294	0.0294
0.6470	0.0294	0.2941	0.0294
0.0294	0.8823	0.0294	0.0588
0.0588	0.0294	0.8823	0.0294
0.0294	0.2941	0.0294	0.6470
0.0294	0.0294	0.9117	0.0294
0.2059	0.5000	0.2059	0.0883
0.0294	0.8823	0.0588	0.0294
>MA0448.1_H2.0
0.1875	0.0938	0.1250	0.5937
0.0625	0.0313	0.0000	0.9062
0.5000	0.0313	0.0313	0.4375
0.9687	0.0000	0.0000	0.0313
0.0000	0.0000	0.0000	0.9999
0.2500	0.0000	0.2812	0.4687
0.7499	0.0000	0.2188	0.0313
>MA0049.1_hb
0.0625	0.3125	0.4999	0.1250
0.3750	0.4999	0.1250	0.0001
0.5624	0.1875	0.2500	0.0001
0.2500	0.1875	0.0625	0.4999
0.8124	0.0625	0.0001	0.1250
0.9998	0.0001	0.0001	0.0001
0.9998	0.0001	0.0001	0.0001
0.8748	0.0001	0.1250	0.0001
0.9373	0.0625	0.0001	0.0001
0.5624	0.1250	0.1250	0.1875
>MA0226.1_hbn
0.1177	0.1177	0.1177	0.6470
0.0001	0.0001	0.0001	0.9998
0.9998	0.0001	0.0001	0.0001
0.9998	0.0001	0.0001	0.0001
0.0001	0.0001	0.0001	0.9998
0.0001	0.0001	0.0001	0.9998
0.5293	0.0001	0.4117	0.0589
>MA0191.1_HGTX
0.2000	0.1000	0.1500	0.5499
0.0000	0.0000	0.0000	0.9999
0.9999	0.0000	0.0000	0.0000
0.9999	0.0000	0.0000	0.0000
0.0000	0.0000	0.0000	0.9999
0.0500	0.0000	0.3000	0.6499
0.7499	0.0000	0.2500	0.0000
>MA0183.1_HHEX
0.2692	0.1154	0.0769	0.5384
0.0000	0.2692	0.0000	0.7307
0.0000	0.2308	0.2692	0.5000
0.8076	0.0000	0.0769	0.1154
0.9999	0.0000	0.0000	0.0000
0.0000	0.1154	0.1154	0.7692
0.2692	0.0000	0.0385	0.6922
0.8461	0.0000	0.1539	0.0000
>MA0450.1_hkb
0.0938	0.0000	0.5625	0.3437
0.2500	0.0000	0.7499	0.0000
0.0000	0.0000	0.9999	0.0000
0.0000	0.0000	0.9999	0.0000
0.0000	0.9999	0.0000	0.0000
0.0000	0.0000	0.9999	0.0000
0.0000	0.0000	0.0938	0.9062
0.0000	0.0000	0.9687	0.0313
0.7499	0.0938	0.0625	0.0938
>MA0192.1_Hmx
0.0500	0.1500	0.0000	0.7999
0.0000	0.0000	0.0000	0.9999
0.9999	0.0000	0.0000	0.0000
0.9999	0.0000	0.0000	0.0000
0.0500	0.0000	0.0000	0.9499
0.0000	0.1500	0.0000	0.8499
0.2000	0.0000	0.7999	0.0000
>MA1458.1_Hsf
0.3049	0.1725	0.1993	0.3233
0.2512	0.2092	0.1984	0.3412
0.0349	0.0269	0.0203	0.9180
0.0203	0.0179	0.0231	0.9387
0.0052	0.9755	0.0104	0.0090
0.0254	0.6112	0.1315	0.2319
0.9336	0.0240	0.0231	0.0193
0.0156	0.0174	0.9595	0.0075
0.9406	0.0311	0.0137	0.0146
0.9123	0.0193	0.0236	0.0448
0.3148	0.2116	0.2210	0.2526
0.3101	0.2088	0.1810	0.3002
>MA0227.1_hth
0.0001	0.0001	0.0001	0.9998
0.0001	0.0001	0.9998	0.0001
0.9998	0.0001	0.0001	0.0001
0.0001	0.9998	0.0001	0.0001
0.8234	0.0001	0.1765	0.0001
0.0001	0.0001	0.6665	0.3333
>MA0228.1_ind
0.0000	0.5714	0.0000	0.4285
0.0000	0.0000	0.0000	0.9999
0.9999	0.0000	0.0000	0.0000
0.9999	0.0000	0.0000	0.0000
0.0000	0.0000	0.0477	0.9522
0.0000	0.0000	0.3809	0.6190
0.9046	0.0000	0.0953	0.0000
>MA0229.1_inv
0.2500	0.0001	0.1875	0.5624
0.0625	0.5624	0.0001	0.3750
0.0001	0.0001	0.0001	0.9998
0.9998	0.0001	0.0001	0.0001
0.9998	0.0001	0.0001	0.0001
0.0001	0.0001	0.0001	0.9998
0.0001	0.0001	0.0001	0.9998
0.6874	0.0001	0.3125	0.0001
>MA0451.1_kni
0.7307	0.0385	0.0769	0.1539
0.9614	0.0385	0.0000	0.0000
0.6153	0.0000	0.0000	0.3846
0.1923	0.3461	0.2308	0.2308
0.0000	0.1539	0.0385	0.8076
0.8076	0.0000	0.1923	0.0000
0.0000	0.0000	0.9999	0.0000
0.6538	0.0000	0.3077	0.0385
0.0385	0.1154	0.6922	0.1539
0.0000	0.9999	0.0000	0.0000
0.9614	0.0000	0.0385	0.0000
0.1923	0.4615	0.2692	0.0769
>MA0452.2_Kr
0.1381	0.3256	0.1836	0.3526
0.1582	0.1458	0.1682	0.5278
0.1165	0.2978	0.0563	0.5293
0.9630	0.0000	0.0000	0.0370
0.8333	0.1667	0.0000	0.0000
0.0085	0.9028	0.0000	0.0887
0.0000	0.9082	0.0000	0.0918
0.0000	1.0000	0.0000	0.0000
0.0000	0.1559	0.0000	0.8441
0.0000	0.0000	0.0000	1.0000
0.0000	0.0872	0.0000	0.9128
0.0872	0.3079	0.1782	0.4267
0.2454	0.2485	0.2199	0.2863
0.1628	0.3349	0.1690	0.3333
>MA0230.1_lab
0.0625	0.1875	0.0001	0.7499
0.0001	0.0001	0.0001	0.9998
0.9998	0.0001	0.0001	0.0001
0.9998	0.0001	0.0001	0.0001
0.0625	0.0001	0.0001	0.9373
0.0001	0.0001	0.3750	0.6249
0.9998	0.0001	0.0001	0.0001
>MA0231.1_lbe
0.0000	0.0000	0.0000	0.9999
0.9999	0.0000	0.0000	0.0000
0.9999	0.0000	0.0000	0.0000
0.0455	0.4545	0.0909	0.4091
0.1818	0.2273	0.1364	0.4545
0.8635	0.0000	0.1364	0.0000
>MA0232.1_lbl
0.0000	0.0000	0.0000	0.9999
0.9999	0.0000	0.0000	0.0000
0.9999	0.0000	0.0000	0.0000
0.0000	0.2174	0.0000	0.7825
0.0435	0.1305	0.3043	0.5217
0.7390	0.0000	0.2609	0.0000
>MA0194.1_Lim1
0.0001	0.1111	0.0001	0.8887
0.0001	0.0001	0.0001	0.9998
0.9998	0.0001	0.0001	0.0001
0.9998	0.0001	0.0001	0.0001
0.0001	0.0001	0.0001	0.9998
0.0001	0.0001	0.0001	0.9998
0.9443	0.0001	0.0556	0.0001
>MA0195.1_Lim3
0.1500	0.3500	0.1000	0.4000
0.2000	0.0000	0.0000	0.7999
0.7999	0.0000	0.1500	0.0500
0.9999	0.0000	0.0000	0.0000
0.0000	0.0000	0.0000	0.9999
0.0000	0.1000	0.2000	0.6999
0.7999	0.0000	0.2000	0.0000
>MA0175.1_lms
0.0953	0.3333	0.0477	0.5238
0.0000	0.0000	0.0000	0.9999
0.9999	0.0000	0.0000	0.0000
0.9999	0.0000	0.0000	0.0000
0.0000	0.0000	0.0000	0.9999
0.1429	0.0000	0.1905	0.6666
0.3809	0.0000	0.6190	0.0000
>MA1459.1_M1BP
0.2546	0.2854	0.2998	0.1602
0.3087	0.3018	0.2964	0.0931
0.2341	0.2211	0.1417	0.4031
0.4641	0.2368	0.2122	0.0869
0.0370	0.5660	0.0370	0.3600
0.0246	0.0034	0.9665	0.0055
0.0041	0.0021	0.9781	0.0157
0.0014	0.1129	0.0418	0.8439
0.0472	0.9391	0.0034	0.0103
0.9459	0.0199	0.0116	0.0226
0.0007	0.9473	0.0027	0.0493
0.8953	0.0103	0.0123	0.0821
0.0007	0.9535	0.0014	0.0445
0.0397	0.0890	0.0082	0.8631
0.1992	0.0493	0.6427	0.1088
0.2601	0.3292	0.2047	0.2060
0.2498	0.2683	0.1930	0.2888
0.2519	0.3135	0.2088	0.2259
>MA0535.1_Mad
0.0000	0.4706	0.4608	0.0686
0.3431	0.2549	0.1275	0.2745
0.0000	0.1373	0.8627	0.0000
0.3431	0.0000	0.5490	0.1078
0.0000	1.0000	0.0000	0.0000
0.0000	0.0000	1.0000	0.0000
0.2255	0.6372	0.0000	0.1373
0.0000	0.6961	0.3039	0.0000
0.2843	0.0000	0.7157	0.0000
0.2843	0.3823	0.3333	0.0000
0.1078	0.5196	0.2451	0.1275
0.2843	0.0000	0.7157	0.0000
0.1177	0.4706	0.2647	0.1471
0.3137	0.3333	0.1569	0.1961
0.1078	0.2745	0.6176	0.0000
>MA0233.1_mirr
0.4878	0.0244	0.0244	0.4634
0.7073	0.0000	0.0488	0.2439
0.9999	0.0000	0.0000	0.0000
0.0000	0.9999	0.0000	0.0000
0.9999	0.0000	0.0000	0.0000
>MA0196.1_NK7.1
0.1429	0.1429	0.0286	0.6857
0.0000	0.0000	0.0000	0.9999
0.9428	0.0000	0.0572	0.0000
0.9999	0.0000	0.0000	0.0000
0.1143	0.0000	0.1429	0.7428
0.1714	0.0000	0.2000	0.6285
0.3714	0.0000	0.6285	0.0000
>MA0197.2_nub
0.0690	0.0345	0.0345	0.8620
0.9999	0.0000	0.0000	0.0000
0.0000	0.0000	0.0000	0.9999
0.0000	0.0000	0.8620	0.1379
0.0000	0.6551	0.0345	0.3103
0.8275	0.0000	0.0000	0.1724
0.9654	0.0000	0.0345	0.0000
0.9654	0.0000	0.0000	0.0345
0.1379	0.0345	0.0000	0.8275
0.2069	0.1724	0.2759	0.3448
0.6551	0.1724	0.0345	0.1379
0.1379	0.1035	0.5172	0.2414
>MA0234.1_oc
0.0001	0.0001	0.0001	0.9998
0.9998	0.0001	0.0001	0.0001
0.9998	0.0001	0.0001	0.0001
0.0001	0.0001	0.1053	0.8946
0.0001	0.9998	0.0001	0.0001
0.0001	0.8946	0.0527	0.0527
>MA0454.1_odd
0.4666	0.3333	0.0001	0.2000
0.6666	0.3333	0.0001	0.0001
0.0001	0.9332	0.0667	0.0001
0.7999	0.0001	0.2000	0.0001
0.0001	0.0001	0.9998	0.0001
0.0001	0.0001	0.0001	0.9998
0.9998	0.0001	0.0001	0.0001
0.0001	0.0001	0.9998	0.0001
0.0001	0.9998	0.0001	0.0001
0.7332	0.2000	0.0667	0.0001
0.3333	0.2667	0.4000	0.0001
>MA0198.1_OdsH
0.0000	0.5000	0.1818	0.3182
0.0000	0.0000	0.0000	0.9999
0.9999	0.0000	0.0000	0.0000
0.9999	0.0000	0.0000	0.0000
0.0000	0.0000	0.0000	0.9999
0.0000	0.0000	0.0000	0.9999
0.5908	0.0000	0.3636	0.0455
>MA0235.1_onecut
0.0667	0.1334	0.0001	0.7999
0.0001	0.0001	0.0001	0.9998
0.0001	0.0001	0.9998	0.0001
0.9998	0.0001	0.0001	0.0001
0.0001	0.0001	0.0001	0.9998
0.0001	0.0001	0.0001	0.9998
0.3333	0.0001	0.2667	0.4000
>MA0456.1_opa
0.0001	0.0556	0.8332	0.1111
0.5555	0.3889	0.0556	0.0001
0.0556	0.8887	0.0001	0.0556
0.0556	0.8332	0.0556	0.0556
0.0001	0.8887	0.0556	0.0556
0.0001	0.9998	0.0001	0.0001
0.0001	0.9998	0.0001	0.0001
0.0001	0.7777	0.0001	0.2222
0.2222	0.0001	0.7221	0.0556
0.0001	0.7777	0.1111	0.1111
0.1667	0.0556	0.2222	0.5555
0.1111	0.0001	0.8887	0.0001
>MA0199.1_Optix
0.0000	0.1852	0.0000	0.8147
0.0000	0.0000	0.9999	0.0000
0.9999	0.0000	0.0000	0.0000
0.0000	0.0000	0.0000	0.9999
0.9629	0.0000	0.0371	0.0000
>MA0236.1_otp
0.0500	0.3000	0.1000	0.5499
0.0000	0.0500	0.0000	0.9499
0.9999	0.0000	0.0000	0.0000
0.9999	0.0000	0.0000	0.0000
0.0000	0.0000	0.0000	0.9999
0.0000	0.0500	0.2000	0.7499
0.7499	0.0000	0.1500	0.1000
>MA0126.1_ovo
0.4761	0.1905	0.0000	0.3333
0.0477	0.1905	0.6666	0.0953
0.1905	0.0953	0.0953	0.6190
0.9522	0.0000	0.0000	0.0477
0.9999	0.0000	0.0000	0.0000
0.0000	0.9999	0.0000	0.0000
0.3333	0.2381	0.1429	0.2857
0.0000	0.0000	0.9999	0.0000
0.2381	0.1905	0.0953	0.4761
>MA0237.2_pan
0.0000	0.0000	0.4789	0.5211
0.0000	1.0000	0.0000	0.0000
0.0000	0.0000	1.0000	0.0000
0.0000	0.2817	0.5634	0.1549
0.0986	0.6056	0.0423	0.2535
0.1549	0.1409	0.2676	0.4366
0.0986	0.5634	0.0000	0.3380
0.0000	0.4225	0.2113	0.3662
0.0000	0.0000	0.0000	1.0000
0.0000	0.0000	0.0000	1.0000
0.0000	0.0000	0.1549	0.8450
0.1549	0.1268	0.5774	0.1409
0.4789	0.0000	0.2958	0.2254
0.3099	0.0000	0.0000	0.6901
>MA0238.1_pb
0.1667	0.3750	0.0000	0.4583
0.0000	0.0000	0.0000	0.9999
0.9999	0.0000	0.0000	0.0000
0.9999	0.0000	0.0000	0.0000
0.0000	0.0000	0.0000	0.9999
0.0000	0.0000	0.4583	0.5416
0.9999	0.0000	0.0000	0.0000
>MA1702.1_Pdp1
0.3048	0.1576	0.2369	0.3007
0.3837	0.1588	0.2828	0.1746
0.0262	0.0096	0.0133	0.9510
0.0228	0.0102	0.0247	0.9423
0.9277	0.0073	0.0453	0.0197
0.0226	0.0706	0.0154	0.8914
0.0687	0.0158	0.8765	0.0390
0.0320	0.6815	0.0164	0.2701
0.9547	0.0183	0.0147	0.0123
0.9564	0.0125	0.0141	0.0170
0.1898	0.2623	0.1441	0.4039
0.2922	0.2456	0.1665	0.2957
>MA0457.1_PHDP
0.2353	0.3529	0.0001	0.4117
0.0001	0.0001	0.0001	0.9998
0.9410	0.0001	0.0001	0.0589
0.9998	0.0001	0.0001	0.0001
0.0001	0.0001	0.0001	0.9998
0.0589	0.0001	0.0589	0.8822
0.4705	0.0589	0.2353	0.2353
>MA1460.1_pho
0.3299	0.2500	0.1836	0.2365
0.3246	0.1700	0.2949	0.2105
0.8907	0.0427	0.0386	0.0281
0.0150	0.0222	0.0178	0.9450
0.0206	0.0457	0.9068	0.0269
0.0167	0.0216	0.9374	0.0243
0.0430	0.8747	0.0394	0.0429
0.0489	0.7533	0.1328	0.0650
0.0716	0.0258	0.8625	0.0401
0.2685	0.3461	0.1777	0.2077
0.1906	0.3612	0.2158	0.2323
>MA0536.1_pnr
0.0944	0.2071	0.0058	0.6927
0.9229	0.0000	0.0000	0.0771
0.0000	0.0368	0.0012	0.9620
0.0000	1.0000	0.0000	0.0000
0.0000	0.0000	1.0000	0.0000
1.0000	0.0000	0.0000	0.0000
0.0000	0.0000	0.0000	1.0000
0.6674	0.0000	0.1001	0.2325
0.1415	0.0000	0.6099	0.2486
0.0667	0.3199	0.2232	0.3901
0.1047	0.3142	0.1266	0.4545
>MA0200.1_Pph13
0.2857	0.3809	0.1429	0.1905
0.0000	0.0000	0.0000	0.9999
0.9999	0.0000	0.0000	0.0000
0.9999	0.0000	0.0000	0.0000
0.0000	0.0000	0.0000	0.9999
0.0000	0.0477	0.0000	0.9522
0.6190	0.0477	0.2857	0.0477
>MA0239.1_prd
0.4761	0.1905	0.0000	0.3333
0.0477	0.1905	0.6666	0.0953
0.1905	0.0953	0.0953	0.6190
0.9522	0.0000	0.0000	0.0477
0.9999	0.0000	0.0000	0.0000
0.0000	0.9999	0.0000	0.0000
0.3333	0.2381	0.1429	0.2857
0.0000	0.0000	0.9999	0.0000
0.2381	0.1905	0.0953	0.4761
>MA0201.1_Ptx1
0.0000	0.2500	0.0500	0.6999
0.0000	0.0000	0.0000	0.9999
0.9999	0.0000	0.0000	0.0000
0.9999	0.0000	0.0000	0.0000
0.0000	0.0000	0.0000	0.9999
0.0000	0.9999	0.0000	0.0000
0.0000	0.9499	0.0000	0.0500
>MA0240.1_repo
0.0357	0.1429	0.1429	0.6785
0.0357	0.0000	0.0000	0.9642
0.9642	0.0000	0.0000	0.0357
0.9999	0.0000	0.0000	0.0000
0.0000	0.0000	0.0000	0.9999
0.0000	0.0000	0.0000	0.9999
0.7499	0.0000	0.2500	0.0000
>MA0241.1_ro
0.0435	0.5217	0.1305	0.3043
0.0000	0.0000	0.0000	0.9999
0.9999	0.0000	0.0000	0.0000
0.9999	0.0000	0.0000	0.0000
0.0000	0.0000	0.0000	0.9999
0.0000	0.0000	0.1305	0.8695
0.8260	0.0000	0.1739	0.0000
>MA0202.1_Rx
0.1111	0.4814	0.0000	0.4074
0.0000	0.0000	0.0000	0.9999
0.9999	0.0000	0.0000	0.0000
0.9999	0.0000	0.0000	0.0000
0.0000	0.0000	0.0000	0.9999
0.0000	0.0000	0.0000	0.9999
0.6296	0.0000	0.3704	0.0000
>MA0193.1_schlank
0.0001	0.9998	0.0001	0.0001
0.0001	0.4736	0.0001	0.5263
0.8946	0.1053	0.0001	0.0001
0.0527	0.9472	0.0001	0.0001
0.0001	0.6315	0.0001	0.3684
0.9472	0.0001	0.0527	0.0001
0.6315	0.0001	0.2105	0.1579
>MA0203.1_Scr
0.1200	0.2800	0.0000	0.5999
0.0000	0.0000	0.0000	0.9999
0.9999	0.0000	0.0000	0.0000
0.9999	0.0000	0.0000	0.0000
0.0000	0.0000	0.0000	0.9999
0.0000	0.0000	0.7199	0.2800
0.9199	0.0000	0.0800	0.0000
>MA0243.1_sd
0.2143	0.0001	0.5713	0.2143
0.5713	0.0715	0.0715	0.2857
0.2857	0.5713	0.0715	0.0715
0.9998	0.0001	0.0001	0.0001
0.0715	0.0715	0.0001	0.8570
0.2143	0.0001	0.0715	0.7142
0.0001	0.5713	0.0001	0.4285
0.2143	0.3571	0.2143	0.2143
0.2857	0.0715	0.1429	0.4999
0.3571	0.4285	0.2143	0.0001
0.3571	0.0715	0.4999	0.0715
0.2857	0.2143	0.2857	0.2143
>MA0204.1_Six4
0.0000	0.0000	0.0000	0.9999
0.0000	0.0000	0.9999	0.0000
0.9999	0.0000	0.0000	0.0000
0.0000	0.3500	0.2000	0.4500
0.9999	0.0000	0.0000	0.0000
0.0500	0.9499	0.0000	0.0000
>MA0244.1_slbo
0.7498	0.0834	0.0834	0.0834
0.0001	0.0834	0.0001	0.9164
0.0001	0.0001	0.2500	0.7498
0.2500	0.1667	0.5832	0.0001
0.1667	0.8331	0.0001	0.0001
0.5832	0.1667	0.1667	0.0834
0.4999	0.4166	0.0834	0.0001
0.9164	0.0834	0.0001	0.0001
>MA0245.1_slou
0.1364	0.2273	0.0455	0.5908
0.0000	0.0455	0.0000	0.9544
0.9999	0.0000	0.0000	0.0000
0.9544	0.0000	0.0455	0.0000
0.0000	0.0000	0.0000	0.9999
0.0909	0.0455	0.2273	0.6363
0.5000	0.0000	0.5000	0.0000
>MA0458.1_slp1
0.1951	0.0732	0.3415	0.3902
0.0000	0.0000	0.0000	0.9999
0.0732	0.0000	0.9268	0.0000
0.0000	0.0000	0.0000	0.9999
0.0000	0.0000	0.0244	0.9755
0.0000	0.0000	0.0488	0.9512
0.6585	0.0000	0.0976	0.2439
0.0244	0.5366	0.1707	0.2683
0.4146	0.1951	0.3658	0.0244
0.0976	0.3171	0.0732	0.5122
0.3658	0.0732	0.0976	0.4634
>MA0086.2_sna
0.2410	0.2000	0.3090	0.2500
0.1280	0.3240	0.2640	0.2840
0.4540	0.0570	0.3870	0.1020
0.8350	0.0070	0.1140	0.0440
0.0050	0.9840	0.0060	0.0050
0.9840	0.0040	0.0070	0.0050
0.0870	0.0040	0.9030	0.0060
0.0050	0.0040	0.9860	0.0050
0.0050	0.0040	0.0070	0.9840
0.0100	0.0050	0.9750	0.0100
0.0420	0.4550	0.1840	0.3190
0.5350	0.1390	0.1470	0.1790
0.2900	0.2440	0.2300	0.2360
>MA0246.1_so
0.0000	0.0000	0.0371	0.9629
0.0000	0.0000	0.9999	0.0000
0.9999	0.0000	0.0000	0.0000
0.0000	0.0000	0.0371	0.9629
0.9999	0.0000	0.0000	0.0000
0.0001	0.7691	0.0001	0.2308
>MA0532.1_Stat92E
0.1271	0.4237	0.2034	0.2458
0.2034	0.1864	0.5000	0.1102
0.2288	0.2966	0.3475	0.1271
0.7712	0.0085	0.1441	0.0763
0.3983	0.0000	0.2288	0.3729
0.0000	0.0085	0.0085	0.9830
0.0000	0.0509	0.0000	0.9491
0.0000	0.8983	0.0000	0.1017
0.0000	0.5678	0.1186	0.3136
0.3220	0.1780	0.2542	0.2458
0.3475	0.0170	0.5932	0.0424
0.0000	0.0085	0.9915	0.0000
0.9576	0.0000	0.0170	0.0254
1.0000	0.0000	0.0000	0.0000
0.5339	0.0763	0.0848	0.3051
>MA0085.1_Su(H)
0.1001	0.3000	0.3000	0.3000
0.0001	0.3999	0.0001	0.5999
0.0001	0.0001	0.9997	0.0001
0.0001	0.0001	0.0001	0.9997
0.0001	0.0001	0.9997	0.0001
0.3000	0.0001	0.6998	0.0001
0.0001	0.0001	0.9997	0.0001
0.9997	0.0001	0.0001	0.0001
0.9997	0.0001	0.0001	0.0001
0.4999	0.4999	0.0001	0.0001
0.1001	0.6998	0.1001	0.1001
0.1001	0.2000	0.3999	0.3000
0.3999	0.2000	0.2000	0.2000
0.3000	0.1001	0.3999	0.2000
0.3999	0.3000	0.2000	0.1001
0.2000	0.1001	0.2000	0.4999
>MA0533.1_su(Hw)
0.0709	0.2392	0.5928	0.0971
0.0513	0.8689	0.0074	0.0724
0.1642	0.6335	0.0488	0.1535
0.1805	0.3124	0.2062	0.3008
0.5841	0.1237	0.1953	0.0969
0.7258	0.0439	0.1117	0.1186
0.8902	0.0196	0.0623	0.0279
0.8241	0.0040	0.0667	0.1051
0.0866	0.0496	0.7935	0.0703
0.0036	0.0931	0.0203	0.8830
0.9027	0.0044	0.0201	0.0728
0.0015	0.0023	0.2407	0.7555
0.0420	0.0011	0.9555	0.0015
0.0245	0.9698	0.0013	0.0044
0.5955	0.0868	0.0017	0.3160
0.7161	0.0625	0.1505	0.0709
0.1104	0.5130	0.0403	0.3363
0.5351	0.0747	0.2974	0.0927
0.3832	0.2711	0.1626	0.1832
0.4710	0.0944	0.0728	0.3618
0.4214	0.0800	0.0741	0.4245
>MA1461.1_sv
0.1874	0.3146	0.2385	0.2595
0.0020	0.2735	0.4449	0.2796
0.0581	0.7355	0.0040	0.2024
0.6459	0.0150	0.3129	0.0261
0.1523	0.2846	0.3838	0.1794
0.0010	0.3236	0.0050	0.6703
0.0020	0.6406	0.3564	0.0010
0.9349	0.0020	0.0591	0.0040
0.3758	0.0291	0.0681	0.5271
0.0010	0.1291	0.8689	0.0010
0.0010	0.9840	0.0030	0.0120
0.1062	0.0010	0.8918	0.0010
0.0040	0.0020	0.0080	0.9860
0.1283	0.0010	0.8697	0.0010
0.9469	0.0020	0.0130	0.0381
0.0250	0.9720	0.0020	0.0010
0.0711	0.2134	0.6703	0.0451
>MA0247.2_tin
0.2641	0.1049	0.1553	0.4757
0.0000	0.3650	0.2660	0.3689
0.0000	0.0990	0.0000	0.9010
0.0000	0.8252	0.0660	0.1087
0.6330	0.0000	0.3670	0.0000
1.0000	0.0000	0.0000	0.0000
0.0000	0.0000	1.0000	0.0000
0.0000	0.0000	0.0000	1.0000
0.0000	0.0000	1.0000	0.0000
0.0252	0.3049	0.5845	0.0854
>MA0459.1_tll
0.6060	0.1212	0.1212	0.1515
0.8787	0.0000	0.1212	0.0000
0.9999	0.0000	0.0000	0.0000
0.9393	0.0303	0.0303	0.0000
0.0000	0.0000	0.9999	0.0000
0.0000	0.0606	0.0000	0.9393
0.0000	0.9999	0.0000	0.0000
0.9999	0.0000	0.0000	0.0000
0.9393	0.0000	0.0303	0.0303
0.5151	0.3030	0.0606	0.1212
>MA0205.2_Trl
0.3223	0.1939	0.3918	0.0920
0.3817	0.1966	0.2875	0.1341
0.5989	0.0871	0.2773	0.0367
0.9643	0.0069	0.0064	0.0225
0.0133	0.0079	0.9529	0.0260
0.9832	0.0031	0.0064	0.0073
0.0015	0.0055	0.9891	0.0039
0.9628	0.0265	0.0066	0.0041
0.0206	0.0042	0.9679	0.0073
0.7444	0.1232	0.0722	0.0602
0.2753	0.0906	0.5541	0.0801
0.4351	0.1269	0.3177	0.1203
>MA0460.1_ttk
0.4545	0.3636	0.1364	0.0455
0.9999	0.0000	0.0000	0.0000
0.0000	0.0000	0.9999	0.0000
0.0000	0.0000	0.9999	0.0000
0.9999	0.0000	0.0000	0.0000
0.0000	0.2273	0.0000	0.7726
0.9544	0.0000	0.0000	0.0455
0.9999	0.0000	0.0000	0.0000
0.0455	0.2273	0.1364	0.5908
>MA0248.1_tup
0.2500	0.1250	0.0625	0.5624
0.0625	0.0001	0.0001	0.9373
0.9998	0.0001	0.0001	0.0001
0.9998	0.0001	0.0001	0.0001
0.0001	0.0001	0.1250	0.8748
0.0625	0.0001	0.4375	0.4999
0.1250	0.0001	0.8124	0.0625
>MA0249.2_twi
0.3646	0.1792	0.2766	0.1796
0.2396	0.2780	0.1844	0.2980
0.8919	0.0573	0.0238	0.0269
0.0052	0.9682	0.0083	0.0183
0.9820	0.0090	0.0038	0.0052
0.0055	0.6992	0.0532	0.2421
0.9403	0.0197	0.0287	0.0114
0.0107	0.0238	0.0159	0.9496
0.0473	0.0186	0.9223	0.0117
0.1053	0.1792	0.2086	0.5069
0.3201	0.2030	0.2479	0.2289
>MA0094.2_Ubx
0.1500	0.2500	0.1500	0.4500
0.0000	0.0000	0.0000	0.9999
0.0000	0.0000	0.0000	0.9999
0.8499	0.0000	0.0000	0.1500
0.9999	0.0000	0.0000	0.0000
0.0000	0.0000	0.0000	0.9999
0.0000	0.0000	0.3000	0.6999
0.6999	0.0000	0.3000	0.0000
>MA0250.1_unc-4
0.0477	0.2381	0.0953	0.6190
0.0000	0.0000	0.0000	0.9999
0.9999	0.0000	0.0000	0.0000
0.9999	0.0000	0.0000	0.0000
0.0000	0.0000	0.0000	0.9999
0.0477	0.0000	0.0000	0.9522
0.2857	0.0477	0.6666	0.0000
>MA0251.1_unpg
0.0477	0.2857	0.1905	0.4761
0.0477	0.0000	0.0000	0.9522
0.9999	0.0000	0.0000	0.0000
0.9999	0.0000	0.0000	0.0000
0.0000	0.0000	0.0000	0.9999
0.0000	0.0000	0.0953	0.9046
0.6666	0.0000	0.3333	0.0000
>MA0016.1_usp
0.0000	0.0263	0.9736	0.0000
0.0263	0.0000	0.9473	0.0263
0.0000	0.0000	0.9999	0.0000
0.0000	0.0000	0.9999	0.0000
0.0000	0.0000	0.0000	0.9999
0.0000	0.9473	0.0263	0.0263
0.9210	0.0000	0.0790	0.0000
0.1316	0.6579	0.0790	0.1316
0.1316	0.2105	0.5789	0.0790
0.1579	0.2632	0.4210	0.1579
>MA1462.1_vfl
0.2539	0.2649	0.2312	0.2501
0.2493	0.2350	0.2336	0.2821
0.1946	0.1665	0.4427	0.1962
0.0044	0.9094	0.0153	0.0708
0.9748	0.0024	0.0139	0.0090
0.0037	0.0049	0.9890	0.0024
0.0078	0.0045	0.9841	0.0036
0.0079	0.0587	0.0032	0.9302
0.9769	0.0107	0.0080	0.0044
0.1827	0.1488	0.5850	0.0835
0.2787	0.2445	0.2821	0.1947
0.2691	0.2701	0.2015	0.2592
>MA0252.1_vis
0.0000	0.0000	0.0000	0.9999
0.0000	0.0000	0.9999	0.0000
0.9999	0.0000	0.0000	0.0000
0.0000	0.9999	0.0000	0.0000
0.9999	0.0000	0.0000	0.0000
0.1250	0.2500	0.4999	0.1250
>MA0253.1_vnd
0.2105	0.0001	0.1053	0.6841
0.0527	0.4210	0.0527	0.4736
0.0001	0.0001	0.0001	0.9998
0.0001	0.7894	0.1053	0.1053
0.9998	0.0001	0.0001	0.0001
0.9998	0.0001	0.0001	0.0001
0.0001	0.0001	0.9998	0.0001
0.1053	0.0001	0.0001	0.8946
0.4736	0.0001	0.5263	0.0001
>MA0181.1_Vsx1
0.0455	0.3636	0.0455	0.5454
0.0000	0.0000	0.0000	0.9999
0.9999	0.0000	0.0000	0.0000
0.9999	0.0000	0.0000	0.0000
0.0000	0.0000	0.0000	0.9999
0.0909	0.0000	0.1364	0.7726
0.6817	0.0000	0.2727	0.0455
>MA0180.1_Vsx2
0.0770	0.0770	0.3846	0.4615
0.1539	0.1539	0.0001	0.6922
0.0001	0.0001	0.0001	0.9998
0.9998	0.0001	0.0001	0.0001
0.9998	0.0001	0.0001	0.0001
0.0001	0.0001	0.0001	0.9998
0.0001	0.0001	0.0001	0.9998
0.7691	0.0001	0.2308	0.0001
0.0770	0.1539	0.7691	0.0001
>MA0254.1_vvl
0.0001	0.1818	0.0001	0.8180
0.9997	0.0001	0.0001	0.0001
0.1818	0.1818	0.0001	0.6362
0.0001	0.0001	0.5453	0.4545
0.2727	0.7271	0.0001	0.0001
0.9997	0.0001	0.0001	0.0001
>MA0255.1_z
0.2683	0.0732	0.1220	0.5366
0.0244	0.1707	0.0732	0.7317
0.0244	0.0000	0.9755	0.0000
0.9999	0.0000	0.0000	0.0000
0.0244	0.0000	0.9755	0.0000
0.1951	0.2439	0.0000	0.5609
0.0488	0.1464	0.7073	0.0976
0.4390	0.1707	0.2683	0.1220
0.2439	0.1220	0.2927	0.3415
0.3415	0.1464	0.0488	0.4634
>MA0256.1_zen
0.1250	0.5624	0.0001	0.3125
0.0001	0.0001	0.0001	0.9998
0.9998	0.0001	0.0001	0.0001
0.9998	0.0001	0.0001	0.0001
0.0001	0.0001	0.0001	0.9998
0.0001	0.0001	0.6874	0.3125
0.9998	0.0001	0.0001	0.0001
>MA0257.1_zen2
0.1154	0.2692	0.1923	0.4231
0.0385	0.0000	0.0000	0.9614
0.9999	0.0000	0.0000	0.0000
0.9999	0.0000	0.0000	0.0000
0.0000	0.0385	0.0000	0.9614
0.0000	0.0000	0.3846	0.6153
0.8461	0.0000	0.1539	0.0000
>UN0107.1_Cp190
0.2315	0.4802	0.0755	0.2128
0.0861	0.2045	0.5900	0.1194
0.0356	0.8680	0.0329	0.0635
0.0948	0.7419	0.0489	0.1144
0.1463	0.3695	0.1709	0.3133
0.6196	0.1111	0.1969	0.0725
0.8184	0.0319	0.0702	0.0795
0.9335	0.0143	0.0356	0.0166
0.9165	0.0113	0.0382	0.0339
0.0599	0.0343	0.8716	0.0343
0.0120	0.0353	0.0043	0.9485
0.9418	0.0126	0.0339	0.0116
0.0106	0.0083	0.1417	0.8394
0.0356	0.0130	0.9381	0.0133
0.0143	0.9528	0.0103	0.0226
0.6561	0.0722	0.0126	0.2591
0.7739	0.0446	0.1250	0.0565
0.1117	0.4958	0.0535	0.3389
0.4992	0.0811	0.3103	0.1094
>UN0108.1_Dsp1
0.3655	0.2013	0.1020	0.3312
0.0872	0.1262	0.7338	0.0529
0.3692	0.3692	0.1447	0.1169
0.0547	0.0083	0.9295	0.0074
0.9768	0.0065	0.0093	0.0074
0.0622	0.0111	0.9211	0.0056
0.1549	0.7032	0.0770	0.0649
0.0195	0.0056	0.9712	0.0037
0.8952	0.0083	0.0928	0.0037
0.0148	0.0037	0.9750	0.0065
0.9527	0.0195	0.0148	0.0130
0.0529	0.3970	0.3748	0.1753
0.2338	0.0622	0.6855	0.0186
0.0770	0.0557	0.8488	0.0186
0.3785	0.3850	0.1698	0.0668
0.2199	0.1874	0.4555	0.1373
0.4397	0.2152	0.2430	0.1020
>UN0109.1_trx
0.4421	0.2075	0.1927	0.1577
0.2026	0.1131	0.5850	0.0993
0.6631	0.0833	0.1698	0.0838
0.0057	0.0030	0.9793	0.0121
0.9724	0.0071	0.0140	0.0064
0.0025	0.0015	0.9867	0.0094
0.9719	0.0067	0.0187	0.0027
0.0086	0.0069	0.9805	0.0039
0.0678	0.8260	0.0803	0.0259
0.2134	0.1257	0.5720	0.0890
0.3637	0.1725	0.2772	0.1865
0.2225	0.1974	0.4320	0.1481
