# RSAT non-redundant insects motif database
# Retrieved from: http://pedagogix-tagc.univ-mrs.fr/rsat/data/published_data/Castro_2016_matrix-clustering/Application_4/Insects/cor0.8_Ncor0.65/All_insect_motifs_cluster_root_motifs.tf
# Date: 2018-10-26
>4938_EcR_usp_DrosophilaTF_1_1__cluster_202
0.2647	0.2598	0.4755	0.0000
0.6225	0.0784	0.2990	0.0000
0.1810	0.0952	0.7238	0.0000
0.0245	0.0147	0.5784	0.3823
0.0857	0.0000	0.0000	0.9142
0.0588	0.7108	0.0000	0.2304
0.7143	0.0000	0.2857	0.0000
0.4755	0.0931	0.0637	0.3676
0.0000	0.0392	0.0196	0.9411
0.0196	0.0000	0.9804	0.0000
0.6667	0.2255	0.0637	0.0441
0.3431	0.6568	0.0000	0.0000
0.2059	0.6470	0.0000	0.1471
0.0196	0.3529	0.0196	0.6078
0.1373	0.5049	0.0196	0.3382
>4949_bcd_DrosophilaTF_1_1__cluster_206
0.2500	0.3800	0.2550	0.1150
0.2150	0.4900	0.2200	0.0750
0.2350	0.3350	0.3150	0.1150
0.1300	0.5200	0.1300	0.2200
0.0396	0.0792	0.0000	0.8811
0.9970	0.0010	0.0010	0.0010
0.9970	0.0010	0.0010	0.0010
0.0400	0.0000	0.1600	0.8000
0.0495	0.8316	0.0396	0.0792
0.0550	0.8650	0.0400	0.0400
0.1250	0.3300	0.3650	0.1800
0.2200	0.3000	0.1800	0.3000
0.2100	0.1900	0.1900	0.4100
>4951_br-Z1_DrosophilaTF_1_1__cluster_208
0.3333	0.1112	0.4443	0.1112
0.1001	0.1001	0.1001	0.6996
0.5997	0.2000	0.1001	0.1001
0.7996	0.0002	0.1001	0.1001
0.4862	0.0000	0.0000	0.5137
0.5137	0.0000	0.0000	0.4862
0.4954	0.0092	0.4954	0.0000
0.7996	0.0002	0.1001	0.1001
0.1001	0.8995	0.0002	0.0002
0.9994	0.0002	0.0002	0.0002
0.8995	0.0002	0.1001	0.0002
0.5046	0.0000	0.4862	0.0092
0.4954	0.0000	0.0000	0.5046
0.2222	0.3333	0.2222	0.2222
>4953_br-Z3_DrosophilaTF_1_1__cluster_227
0.4732	0.0089	0.0089	0.5089
0.7689	0.1539	0.0770	0.0002
0.8458	0.0002	0.0002	0.1539
0.9995	0.0002	0.0002	0.0002
0.0002	0.8458	0.0770	0.0770
0.4821	0.0000	0.0000	0.5178
0.5357	0.0000	0.0000	0.4643
0.5000	0.0000	0.4821	0.0179
0.5000	0.0089	0.0179	0.4732
0.3333	0.2500	0.1667	0.2500
0.1667	0.2500	0.4166	0.1667
>4961_dl-B_DrosophilaTF_1_1__cluster_148
0.1018	0.1218	0.5436	0.2327
0.0982	0.0127	0.8836	0.0055
0.0067	0.0000	0.8447	0.1486
0.6341	0.0133	0.2594	0.0931
0.7527	0.0400	0.0618	0.1455
0.2564	0.0055	0.0836	0.6545
0.0881	0.2244	0.0313	0.6562
0.0390	0.9479	0.0001	0.0130
0.0001	0.9998	0.0001	0.0001
0.0000	0.9374	0.0085	0.0540
0.0982	0.6208	0.0452	0.2358
>4991_usp_DrosophilaTF_1_1__cluster_123
0.2245	0.2143	0.4030	0.1582
0.1862	0.2766	0.1968	0.3404
0.0308	0.2263	0.6736	0.0693
0.0611	0.0243	0.8656	0.0490
0.0267	0.0261	0.0050	0.9423
0.0615	0.0098	0.9285	0.0002
0.9864	0.0002	0.0132	0.0002
0.0166	0.9803	0.0002	0.0029
0.0139	0.9858	0.0002	0.0002
0.0110	0.6987	0.0122	0.2781
0.0877	0.8106	0.0366	0.0651
>AbdB_Cell_FBgn0000015_cluster_36
0.1490	0.1015	0.3154	0.4342
0.2103	0.0117	0.3407	0.4373
0.1826	0.0724	0.0533	0.6917
0.0090	0.0015	0.0022	0.9873
0.0054	0.0006	0.0021	0.9919
0.0450	0.0044	0.0010	0.9496
0.9523	0.0006	0.0403	0.0069
0.0006	0.0806	0.0006	0.9183
0.0459	0.0025	0.6301	0.3215
0.3848	0.0005	0.6059	0.0087
0.0026	0.5895	0.1544	0.2535
0.1301	0.4928	0.0062	0.3709
>Achi_Cell_FBgn0033749_cluster_184
0.2170	0.2157	0.1950	0.3724
0.2158	0.1239	0.2080	0.4523
0.0092	0.0127	0.0046	0.9735
0.0000	0.0000	0.9912	0.0088
0.9939	0.0000	0.0061	0.0000
0.0505	0.7039	0.0158	0.2298
0.7166	0.0100	0.2231	0.0504
0.2569	0.0979	0.3455	0.2997
>Adf1_FlyReg_FBgn0000054_cluster_37
0.1405	0.8594	0.0000	0.0000
0.0000	0.0000	0.9999	0.0000
0.7107	0.0000	0.2893	0.0000
0.0000	0.8594	0.0000	0.1405
0.0000	0.5702	0.0000	0.4297
0.0000	0.0000	0.9999	0.0000
0.0000	0.9999	0.0000	0.0000
0.2893	0.0000	0.7107	0.0000
>Adf1_SANGER_5_FBgn0000054_cluster_92
0.0910	0.4545	0.0001	0.4545
0.6362	0.2727	0.0910	0.0001
0.1818	0.5453	0.1818	0.0910
0.3636	0.6362	0.0001	0.0001
0.2727	0.0001	0.7271	0.0001
0.0001	0.0001	0.9089	0.0910
0.0001	0.9997	0.0001	0.0001
0.9997	0.0001	0.0001	0.0001
0.0001	0.0910	0.9089	0.0001
0.7271	0.0910	0.1818	0.0001
0.0001	0.0001	0.9997	0.0001
0.6362	0.2727	0.0910	0.0001
0.3636	0.3636	0.0001	0.2727
0.4545	0.1818	0.2727	0.0910
0.6362	0.3636	0.0001	0.0001
>Antp_cluster_212
0.5524	0.0002	0.0002	0.4472
0.0001	0.0001	0.0001	0.9996
0.0001	0.0751	0.0001	0.9246
0.9996	0.0001	0.0001	0.0001
0.0001	0.0001	0.0001	0.9996
0.0000	0.7142	0.1975	0.0883
>Atf-2_SANGER_5_FBgn0050420_cluster_73
0.1772	0.1203	0.4304	0.2722
0.7161	0.0726	0.1735	0.0379
0.0000	0.0506	0.0000	0.9493
0.0127	0.0127	0.8317	0.1429
0.9968	0.0000	0.0000	0.0032
0.0127	0.8860	0.0380	0.0633
0.0535	0.0346	0.7924	0.1195
0.1104	0.0915	0.0442	0.7539
0.2893	0.3711	0.2736	0.0660
0.5968	0.1143	0.1651	0.1238
0.0000	0.3760	0.0000	0.6239
>Bcd_SOLEXA_FBgn0000166_cluster_42
0.2369	0.2916	0.3494	0.1220
0.1880	0.3345	0.1146	0.3630
0.0345	0.0151	0.0081	0.9424
0.9723	0.0074	0.0081	0.0123
0.9769	0.0116	0.0089	0.0026
0.0056	0.0051	0.0625	0.9268
0.0108	0.9370	0.0075	0.0446
0.0351	0.7615	0.0446	0.1587
0.2502	0.2640	0.3370	0.1489
0.2101	0.2899	0.2001	0.2999
>BtbVII_SANGER_5_FBgn0012049_cluster_95
0.4000	0.5000	0.1000	0.0000
0.0500	0.2500	0.2500	0.4500
0.0000	0.1500	0.0000	0.8499
0.9999	0.0000	0.0000	0.0000
0.0000	0.0000	0.0000	0.9999
0.2500	0.0000	0.6499	0.1000
0.0000	0.0000	0.0000	0.9999
0.7999	0.0000	0.2000	0.0000
0.1000	0.4500	0.0000	0.4500
0.6999	0.1500	0.0000	0.1500
>CG10267_SOLEXA_5_FBgn0037446_cluster_205
0.0920	0.6196	0.1043	0.1841
0.3707	0.2341	0.1951	0.2000
0.2045	0.2156	0.3085	0.2714
0.2045	0.4907	0.1078	0.1970
0.3420	0.1524	0.1041	0.4015
0.5836	0.0409	0.1152	0.2602
0.5539	0.2491	0.0149	0.1822
0.0372	0.5836	0.0074	0.3717
0.9814	0.0000	0.0037	0.0149
0.8290	0.1078	0.0000	0.0632
0.1301	0.7881	0.0260	0.0558
0.8253	0.1636	0.0037	0.0074
0.0967	0.9033	0.0000	0.0000
0.0149	0.0037	0.0000	0.9814
0.7732	0.0000	0.2230	0.0037
0.0855	0.4349	0.3978	0.0818
0.3420	0.3494	0.1599	0.1487
0.4944	0.2639	0.0744	0.1673
0.3160	0.1673	0.1338	0.3829
0.1504	0.2143	0.1504	0.4850
>CG11071_SANGER_5_FBgn0030532_cluster_112
0.2542	0.3792	0.1950	0.1716
0.2281	0.3283	0.1341	0.3094
0.3891	0.3787	0.2149	0.0173
0.4783	0.2192	0.2186	0.0839
0.0075	0.0121	0.9759	0.0046
0.0098	0.9824	0.0016	0.0062
0.0091	0.9814	0.0062	0.0033
0.0082	0.0571	0.0121	0.9227
0.9034	0.0881	0.0046	0.0039
0.1084	0.2379	0.0447	0.6090
0.4478	0.1655	0.1599	0.2268
0.0636	0.1501	0.5999	0.1864
0.4062	0.4323	0.0747	0.0868
0.2294	0.4466	0.1397	0.1842
0.3347	0.3109	0.1468	0.2076
>CG11617_Cell_FBgn0031232_cluster_116
0.4104	0.0000	0.1791	0.4104
0.1194	0.0000	0.0597	0.8208
0.0597	0.0000	0.0000	0.9402
0.0000	0.0000	0.0000	0.9999
0.5852	0.0000	0.1778	0.2370
0.9999	0.0000	0.0000	0.0000
0.0000	0.9999	0.0000	0.0000
0.9999	0.0000	0.0000	0.0000
>CG12236-PB_SANGER_2_5_FBgn0029822_cluster_114
0.0000	0.0000	0.0000	0.9999
0.0000	0.0000	0.9999	0.0000
0.0000	0.0000	0.9999	0.0000
0.9999	0.0000	0.0000	0.0000
0.9999	0.0000	0.0000	0.0000
0.3305	0.0000	0.6694	0.0000
>CG12236_SANGER_10_FBgn0029822_cluster_216
0.0477	0.1429	0.7617	0.0477
0.1772	0.2070	0.3702	0.2456
0.1910	0.0997	0.5266	0.1827
0.1924	0.2129	0.2192	0.3754
0.0931	0.0110	0.8864	0.0095
0.0284	0.0000	0.0032	0.9684
0.0063	0.0000	0.0000	0.9937
0.0110	0.9811	0.0000	0.0079
0.9968	0.0016	0.0016	0.0000
0.0095	0.1798	0.0032	0.8076
0.0110	0.5710	0.0016	0.4164
0.1025	0.4006	0.3375	0.1593
0.1388	0.1798	0.4369	0.2445
0.1672	0.2003	0.3975	0.2350
0.1422	0.2281	0.2992	0.3306
0.1470	0.2213	0.3412	0.2905
>CG12605_SOLEXA_5_FBgn0035481_cluster_185
0.4785	0.1316	0.2153	0.1746
0.5048	0.2392	0.2103	0.0457
0.2049	0.6353	0.1059	0.0539
0.0723	0.8649	0.0189	0.0439
0.9625	0.0101	0.0093	0.0181
0.0033	0.9911	0.0017	0.0039
0.0054	0.9563	0.0025	0.0359
0.0082	0.0017	0.0043	0.9858
0.0008	0.0025	0.9732	0.0235
0.0536	0.1094	0.0025	0.8345
0.1117	0.1964	0.0915	0.6004
0.2898	0.1570	0.4835	0.0697
0.2980	0.4437	0.1265	0.1317
0.2998	0.2865	0.2310	0.1827
0.2392	0.3773	0.1836	0.1999
0.2375	0.4231	0.1627	0.1766
>CG13897_SANGER_5_FBgn0035160_cluster_96
0.0000	0.2910	0.4701	0.2388
0.0000	0.0000	0.0000	0.9999
0.0000	0.0000	0.9999	0.0000
0.0000	0.0000	0.0000	0.9999
0.0000	0.9999	0.0000	0.0000
0.0000	0.0000	0.0000	0.9999
0.0000	0.2388	0.7611	0.0000
0.0597	0.4104	0.0000	0.5298
0.0597	0.4701	0.0000	0.4701
0.0000	0.4104	0.4701	0.1194
0.4701	0.0000	0.2388	0.2910
>CG14962_SANGER_5_FBgn0035407_cluster_168
0.4464	0.2893	0.1893	0.0750
0.9607	0.0107	0.0000	0.0286
0.6321	0.0857	0.0893	0.1929
0.2064	0.1815	0.5658	0.0463
0.2679	0.0000	0.0714	0.6607
0.0000	0.0643	0.0000	0.9357
0.0000	0.0464	0.9428	0.0107
0.9571	0.0000	0.0357	0.0072
0.9214	0.0322	0.0464	0.0000
0.6050	0.0285	0.2064	0.1601
0.0357	0.9571	0.0000	0.0072
0.9000	0.0036	0.0822	0.0143
0.0433	0.7292	0.0722	0.1552
>CG16778_SANGER_5_FBgn0003715_cluster_193
0.3137	0.5979	0.0589	0.0295
0.8798	0.1200	0.0001	0.0001
0.0001	0.9998	0.0001	0.0001
0.9998	0.0001	0.0001	0.0001
0.0191	0.4547	0.0191	0.5071
0.7975	0.0572	0.1453	0.0001
0.0001	0.2714	0.0191	0.7094
0.0191	0.0358	0.8903	0.0548
>CG3065_F1-3_SOLEXA_2_5_FBgn0034946_cluster_190
0.3142	0.2462	0.2791	0.1606
0.3527	0.1509	0.3328	0.1635
0.2364	0.0844	0.5505	0.1287
0.1285	0.0213	0.3769	0.4733
0.1123	0.0004	0.8643	0.0231
0.0065	0.0000	0.9643	0.0292
0.0018	0.0018	0.9650	0.0314
0.0357	0.8801	0.0036	0.0805
0.0058	0.0000	0.9762	0.0181
0.0043	0.0188	0.2375	0.7393
0.0791	0.0123	0.8397	0.0690
0.1007	0.0588	0.7061	0.1343
0.0752	0.6162	0.0370	0.2716
0.1886	0.3606	0.1901	0.2608
0.1756	0.2280	0.3612	0.2353
>CG31670_SANGER_5_FBgn0031375_cluster_85
0.2103	0.4022	0.1292	0.2583
0.4345	0.3099	0.1470	0.1086
0.9448	0.0064	0.0340	0.0149
0.9639	0.0021	0.0106	0.0234
0.8404	0.0170	0.1340	0.0085
0.5626	0.0064	0.0064	0.4246
0.0191	0.0064	0.9681	0.0064
0.6624	0.2166	0.0977	0.0234
0.1486	0.0786	0.7219	0.0510
0.0191	0.9384	0.0085	0.0340
0.9511	0.0319	0.0170	0.0000
0.7097	0.0318	0.1059	0.1525
0.1104	0.6391	0.0043	0.2463
0.2121	0.4485	0.2152	0.1242
0.3891	0.2764	0.2833	0.0512
>CG31782_F9-11_SANGER_5_FBgn0051782_cluster_162
0.7167	0.0000	0.1416	0.1416
0.0000	0.2895	0.5701	0.1404
0.1009	0.5090	0.2434	0.1467
0.2374	0.1077	0.0731	0.5818
0.0158	0.7851	0.0094	0.1898
0.7892	0.0536	0.0000	0.1572
0.0000	1.0000	0.0000	0.0000
0.0000	0.9996	0.0000	0.0004
0.6709	0.2181	0.0101	0.1008
0.1650	0.5793	0.1144	0.1414
0.1767	0.3882	0.1084	0.3267
0.5176	0.1313	0.1643	0.1868
0.5666	0.1822	0.1635	0.0877
0.8301	0.0000	0.0000	0.1698
>CG32830_SANGER_10_FBgn0052830_cluster_158
0.4532	0.3669	0.1799	0.0000
0.0432	0.0000	0.9568	0.0000
0.0000	0.0432	0.9568	0.0000
0.9999	0.0000	0.0000	0.0000
0.9999	0.0000	0.0000	0.0000
0.0288	0.0000	0.8776	0.0935
0.0000	0.0935	0.0935	0.8129
0.5071	0.1643	0.3214	0.0072
>CG32830_SOLEXA_5_FBgn0052830_cluster_198
0.2178	0.1942	0.3307	0.2572
0.1913	0.2186	0.2969	0.2933
0.2022	0.1785	0.2787	0.3406
0.1293	0.1967	0.3078	0.3661
0.0929	0.2240	0.3424	0.3406
0.2131	0.1821	0.2823	0.3224
0.1311	0.1730	0.3479	0.3479
0.4791	0.0383	0.2423	0.2404
0.0000	0.0109	0.0000	0.9891
0.0000	0.0000	0.0000	1.0000
0.9982	0.0018	0.0000	0.0000
0.9745	0.0255	0.0000	0.0000
0.0000	0.2095	0.0000	0.7905
0.0729	0.6284	0.1730	0.1257
0.4353	0.0583	0.3588	0.1475
0.1803	0.2077	0.3115	0.3005
0.2277	0.2077	0.2495	0.3151
0.2368	0.1931	0.2750	0.2951
0.1785	0.2022	0.2823	0.3370
0.1020	0.2113	0.3661	0.3206
0.1494	0.2313	0.3479	0.2714
0.2040	0.2058	0.3097	0.2805
0.2055	0.2330	0.3211	0.2404
0.1691	0.2509	0.3420	0.2379
>CG33557_da_SANGER_5_FBgn0053557_cluster_76
0.0597	0.0000	0.1194	0.8208
0.0979	0.0979	0.4266	0.3776
0.1145	0.1747	0.2229	0.4879
0.2909	0.0909	0.1758	0.4424
0.2909	0.1333	0.4000	0.1758
0.1576	0.0000	0.1758	0.6666
0.1566	0.2651	0.3554	0.2229
0.0783	0.0000	0.4337	0.4879
0.0783	0.3494	0.2651	0.3072
0.1145	0.3554	0.2651	0.2651
0.2485	0.0000	0.4424	0.3091
0.0000	0.3373	0.1747	0.4879
0.2470	0.1325	0.3976	0.2229
0.3373	0.4879	0.1325	0.0422
0.1145	0.7951	0.0000	0.0904
0.9151	0.0424	0.0424	0.0000
0.0000	0.0000	0.2470	0.7530
0.1576	0.5333	0.3091	0.0000
0.0000	0.1145	0.0422	0.8433
0.0000	0.0000	0.9999	0.0000
0.0000	0.1145	0.5783	0.3072
>CG3407_SOLEXA_2_5_FBgn0031573_cluster_191
0.4457	0.1236	0.1386	0.2921
0.3034	0.0749	0.0000	0.6217
0.0000	0.0000	0.9775	0.0225
0.0000	0.0187	0.0150	0.9663
0.0112	0.9738	0.0000	0.0150
1.0000	0.0000	0.0000	0.0000
0.9925	0.0000	0.0000	0.0075
0.0375	0.3558	0.4682	0.1386
0.2734	0.3933	0.0749	0.2584
0.2322	0.3670	0.2959	0.1049
0.2360	0.3670	0.1611	0.2360
0.3333	0.2584	0.1461	0.2622
0.5281	0.2097	0.1536	0.1086
0.4607	0.2097	0.1948	0.1348
0.3333	0.3408	0.1386	0.1873
0.3371	0.2996	0.1685	0.1948
0.3071	0.2285	0.2434	0.2210
0.2584	0.2509	0.2547	0.2360
0.3895	0.2547	0.1611	0.1948
0.3109	0.3184	0.2097	0.1611
0.2846	0.3371	0.1685	0.2097
0.2884	0.2472	0.2472	0.2172
0.3408	0.3408	0.2022	0.1161
0.3664	0.3473	0.2061	0.0802
0.3711	0.2227	0.2148	0.1914
>CG4360_F1-3_SANGER_2_5_FBgn0038787_cluster_108
0.3560	0.2452	0.1974	0.2015
0.5545	0.1917	0.1561	0.0976
0.1008	0.4664	0.0834	0.3494
0.3551	0.1348	0.1376	0.3725
0.8206	0.1213	0.0532	0.0049
0.0127	0.9787	0.0030	0.0056
0.9869	0.0004	0.0041	0.0086
0.9494	0.0022	0.0479	0.0004
0.0052	0.9940	0.0004	0.0004
0.9966	0.0015	0.0008	0.0011
0.9929	0.0015	0.0037	0.0019
0.0625	0.9318	0.0008	0.0049
0.8820	0.0532	0.0067	0.0581
0.6159	0.1700	0.0532	0.1610
0.2623	0.4979	0.1825	0.0573
0.3091	0.5454	0.0682	0.0773
0.0001	0.6238	0.3760	0.0001
>CG4854_SOLEXA_5_FBgn0038766_cluster_195
0.4137	0.1871	0.1835	0.2158
0.1392	0.3038	0.1962	0.3608
0.0867	0.2526	0.4286	0.2321
0.1173	0.1837	0.4209	0.2781
0.3648	0.1352	0.3929	0.1071
0.1454	0.2168	0.3444	0.2934
0.1097	0.1633	0.3342	0.3929
0.1403	0.2781	0.3265	0.2551
0.2908	0.2730	0.2500	0.1862
0.3393	0.1607	0.3010	0.1990
0.1480	0.0842	0.4796	0.2883
0.0791	0.1990	0.5000	0.2219
0.0536	0.1913	0.1071	0.6480
0.3367	0.0485	0.4796	0.1352
0.0944	0.0077	0.8648	0.0332
0.0408	0.0026	0.0102	0.9464
0.0791	0.0051	0.0230	0.8929
0.0740	0.0000	0.9209	0.0051
0.0357	0.0128	0.9413	0.0102
0.0536	0.8673	0.0000	0.0791
0.9668	0.0179	0.0026	0.0128
0.9643	0.0128	0.0179	0.0051
0.0051	0.8163	0.0026	0.1760
0.3775	0.0612	0.3367	0.2245
0.1562	0.5586	0.1081	0.1772
>CG5953_SANGER_5_FBgn0032587_cluster_98
0.6288	0.0000	0.3106	0.0606
0.0000	0.0000	0.0000	0.9999
0.0000	0.0000	0.9999	0.0000
0.0000	0.0000	0.0000	0.9999
0.0000	0.0000	0.0000	0.9999
0.0000	0.0000	0.0000	0.9999
0.0000	0.0000	0.9999	0.0000
0.1880	0.0000	0.1880	0.6240
>CG7368_SANGER_5_FBgn0036179_cluster_86
0.0000	0.0000	0.7499	0.2500
0.2479	0.1282	0.3761	0.2479
0.0000	0.0000	0.9999	0.0000
0.0000	0.1282	0.7435	0.1282
0.2479	0.0000	0.6239	0.1282
0.0000	0.0000	0.9999	0.0000
0.0000	0.0000	0.6239	0.3761
0.0000	0.0000	0.8717	0.1282
0.0000	0.0000	0.9999	0.0000
0.0000	0.0000	0.9999	0.0000
0.1282	0.0000	0.8717	0.0000
0.0000	0.0000	0.9999	0.0000
0.1282	0.0000	0.8717	0.0000
0.0000	0.0000	0.9999	0.0000
0.1282	0.1282	0.7435	0.0000
0.7499	0.0000	0.0000	0.2500
0.5000	0.0000	0.0000	0.5000
0.6239	0.0000	0.0000	0.3761
0.5000	0.2500	0.2500	0.0000
0.0000	0.0000	0.2500	0.7499
>CG8765_SANGER_5_FBgn0036900_cluster_169
0.9999	0.0000	0.0000	0.0000
0.5703	0.2891	0.0000	0.1406
0.2109	0.0000	0.7890	0.0000
0.0703	0.9296	0.0000	0.0000
0.0000	0.0000	0.5703	0.4297
0.9296	0.0000	0.0000	0.0703
0.0703	0.9296	0.0000	0.0000
0.9296	0.0000	0.0000	0.0703
0.1406	0.2109	0.2891	0.3594
0.5039	0.2126	0.0709	0.2126
0.4297	0.4297	0.0703	0.0703
0.5000	0.0703	0.0703	0.3594
0.0703	0.3594	0.2109	0.3594
0.8420	0.0790	0.0790	0.0000
>Cf2-II_FlyReg_FBgn0000286_cluster_46
0.3332	0.0003	0.6661	0.0003
0.3332	0.3332	0.0003	0.3332
0.0003	0.0003	0.9990	0.0003
0.0003	0.0003	0.0003	0.9990
0.9990	0.0003	0.0003	0.0003
0.0003	0.0003	0.0003	0.9990
0.9990	0.0003	0.0003	0.0003
0.6661	0.0003	0.0003	0.3332
>Cf2-PB_SANGER_5_FBgn0000286_cluster_214
0.0002	0.9993	0.0002	0.0002
0.1112	0.3333	0.4443	0.1112
0.1819	0.2727	0.5452	0.0002
0.2500	0.2500	0.0834	0.4166
0.1667	0.2500	0.3333	0.2500
0.0001	0.0001	0.5832	0.4166
0.4166	0.0001	0.3333	0.2500
0.0001	0.0001	0.0001	0.9998
0.9164	0.0001	0.0834	0.0001
0.1667	0.4999	0.1667	0.1667
0.6665	0.0834	0.2500	0.0001
0.0001	0.0001	0.0001	0.9998
0.9998	0.0001	0.0001	0.0001
0.0001	0.0834	0.0001	0.9164
0.6665	0.0001	0.0834	0.2500
>Ci_SANGER_5_FBgn0004859_cluster_111
0.0000	0.1803	0.8196	0.0000
0.0000	0.0902	0.0000	0.9098
0.0000	0.0000	0.9999	0.0000
0.0000	0.0000	0.7295	0.2705
0.0902	0.0000	0.9098	0.0000
0.0902	0.0000	0.1803	0.7295
0.0000	0.0000	0.9098	0.0902
0.0000	0.0000	0.8196	0.1803
0.0000	0.0000	0.2705	0.7295
0.0000	0.9999	0.0000	0.0000
0.0902	0.3606	0.0000	0.5492
>Ct_Cell_FBgn0004198_cluster_31
0.1846	0.1692	0.3015	0.3446
0.1718	0.2424	0.2682	0.3176
0.0871	0.4282	0.3718	0.1130
0.0184	0.2128	0.0532	0.7156
0.0202	0.0642	0.0532	0.8623
0.4881	0.0000	0.5119	0.0000
1.0000	0.0000	0.0000	0.0000
0.8660	0.0000	0.0312	0.1028
0.0000	0.9798	0.0202	0.0000
>Dip3_SANGER_5_FBgn0040465_cluster_100
0.2206	0.5000	0.2206	0.0588
0.6642	0.0584	0.2774	0.0000
0.9999	0.0000	0.0000	0.0000
0.5588	0.0000	0.0000	0.4412
0.0000	0.0000	0.0000	0.9999
0.0000	0.9999	0.0000	0.0000
0.0000	0.0000	0.0000	0.9999
0.1103	0.0000	0.0000	0.8896
0.0000	0.9999	0.0000	0.0000
0.2206	0.2794	0.1691	0.3309
0.2794	0.5000	0.2206	0.0000
0.3868	0.2774	0.2774	0.0584
0.1691	0.4412	0.1691	0.2206
0.6103	0.2794	0.0000	0.1103
>Dr_Cell_FBgn0000492_cluster_145
0.1915	0.3830	0.4255	0.0000
0.5248	0.0993	0.1915	0.1844
0.0493	0.6197	0.2887	0.0423
0.0000	0.7659	0.0000	0.2340
0.9999	0.0000	0.0000	0.0000
0.9999	0.0000	0.0000	0.0000
0.0000	0.0000	0.0000	0.9999
0.0000	0.0000	0.0000	0.9999
0.9999	0.0000	0.0000	0.0000
>Eip93F_SANGER_10_FBgn0013948_cluster_163
0.5797	0.2101	0.2101	0.0000
0.0507	0.6811	0.1087	0.1594
0.3669	0.1583	0.1079	0.3669
0.0504	0.5252	0.3165	0.1079
0.0000	0.9999	0.0000	0.0000
0.0000	0.9999	0.0000	0.0000
0.4203	0.0000	0.5797	0.0000
0.9999	0.0000	0.0000	0.0000
0.9999	0.0000	0.0000	0.0000
0.8405	0.0000	0.0000	0.1594
0.5797	0.0507	0.0000	0.3696
0.0588	0.0000	0.0588	0.8823
>Espl_FlyReg_FBgn0000591_cluster_192
0.0002	0.2500	0.0002	0.7495
0.0002	0.0002	0.7495	0.2500
0.0002	0.0002	0.0002	0.9993
0.0002	0.0002	0.9993	0.0002
0.2500	0.4998	0.2500	0.0002
0.0002	0.9993	0.0002	0.0002
0.2500	0.2500	0.2500	0.2500
0.0002	0.4998	0.2500	0.2500
0.0002	0.2500	0.7495	0.0002
0.0002	0.0002	0.0002	0.9993
0.0002	0.0002	0.9993	0.0002
0.0005	0.7490	0.2500	0.0005
>Exex_SOLEXA_FBgn0041156_cluster_40
0.0296	0.0037	0.0045	0.9621
0.9701	0.0203	0.0041	0.0055
0.9680	0.0303	0.0000	0.0017
0.0779	0.0092	0.0203	0.8927
0.0698	0.1605	0.1962	0.5734
0.3943	0.0269	0.4958	0.0831
0.1146	0.4198	0.2328	0.2328
0.1819	0.4695	0.0608	0.2878
>HLH106_SANGER_10_FBgn0015234_cluster_80
0.4262	0.0669	0.5069	0.0000
0.0362	0.0000	0.0000	0.9637
0.0000	0.9999	0.0000	0.0000
0.9999	0.0000	0.0000	0.0000
0.0000	0.9192	0.0529	0.0279
0.0362	0.1839	0.7743	0.0056
0.0000	0.8077	0.0000	0.1922
0.3064	0.3732	0.3092	0.0112
0.9888	0.0000	0.0112	0.0000
0.0585	0.4122	0.0808	0.4484
0.0001	0.3813	0.6186	0.0001
>HLH4C_da_SANGER_5_3_FBgn0011277_cluster_89
0.3749	0.4998	0.1251	0.0002
0.0000	0.9999	0.0000	0.0000
0.9999	0.0000	0.0000	0.0000
0.0000	0.9366	0.0000	0.0633
0.0127	0.9872	0.0000	0.0000
0.0000	0.0000	0.0000	0.9999
0.0000	0.0000	0.9999	0.0000
0.3481	0.6139	0.0253	0.0127
0.2229	0.0892	0.4013	0.2866
0.1274	0.7579	0.0255	0.0892
0.1218	0.7243	0.0705	0.0834
0.1875	0.6872	0.0626	0.0626
>HLH4C_da_SANGER_5_FBgn0011277_cluster_78
0.2048	0.1868	0.5000	0.1085
0.2556	0.2293	0.2556	0.2594
0.3237	0.2404	0.3013	0.1346
0.4359	0.0353	0.3814	0.1474
0.0064	0.9711	0.0160	0.0064
0.9905	0.0000	0.0000	0.0094
0.0481	0.0513	0.8846	0.0160
0.0329	0.0376	0.9295	0.0000
0.0001	0.0001	0.0001	0.9998
0.0096	0.0160	0.9487	0.0257
0.0577	0.3878	0.1795	0.3750
0.3333	0.2051	0.2308	0.2308
0.1795	0.3173	0.2340	0.2692
0.0910	0.2273	0.1364	0.5453
0.0001	0.1818	0.4090	0.4090
>Hand_da_SANGER_5_FBgn0032209_cluster_88
0.0809	0.1691	0.6691	0.0809
0.0809	0.0000	0.9190	0.0000
0.0000	0.8308	0.1691	0.0000
0.0809	0.9190	0.0000	0.0000
0.9999	0.0000	0.0000	0.0000
0.0000	0.0000	0.0000	0.9999
0.0809	0.4191	0.5000	0.0000
0.0000	0.0000	0.0000	0.9999
0.0000	0.0000	0.9999	0.0000
>Her_SANGER_5_FBgn0030899_cluster_81
0.6440	0.2373	0.0000	0.1187
0.3294	0.0824	0.0588	0.5294
0.0000	0.0275	0.9137	0.0588
0.0000	0.0000	0.0275	0.9725
0.0275	0.9725	0.0000	0.0000
0.9725	0.0275	0.0000	0.0000
0.9450	0.0000	0.0549	0.0000
0.1961	0.3882	0.3608	0.0549
0.3020	0.5568	0.0000	0.1412
0.2609	0.4203	0.3188	0.0000
>Hnf4_SANGER_10_FBgn0004914_cluster_71
0.3188	0.0000	0.2101	0.4710
0.0511	0.0511	0.2628	0.6350
0.1583	0.2086	0.3165	0.3165
0.0000	0.1594	0.2101	0.6304
0.3669	0.1079	0.1079	0.4173
0.0000	0.3165	0.5252	0.1583
0.1079	0.3165	0.4676	0.1079
0.2101	0.3188	0.2101	0.2609
0.1087	0.0000	0.8912	0.0000
0.0507	0.0000	0.9492	0.0000
0.0000	0.0000	0.9999	0.0000
0.0000	0.0000	0.8912	0.1087
0.0000	0.0507	0.0000	0.9492
0.0000	0.9999	0.0000	0.0000
0.9999	0.0000	0.0000	0.0000
>Hr51_SANGER_5_FBgn0034012_cluster_104
0.6456	0.1417	0.0000	0.2126
0.0000	0.8604	0.1395	0.0000
0.0000	0.5736	0.0698	0.3566
0.0000	0.0000	0.0000	0.9999
0.0000	0.3566	0.0000	0.6434
0.0000	0.0698	0.0000	0.9301
0.1395	0.0000	0.8604	0.0000
0.7906	0.0000	0.0698	0.1395
0.0698	0.1395	0.0000	0.7906
0.2109	0.1485	0.0703	0.5703
0.1395	0.2868	0.0000	0.5736
0.0703	0.0703	0.2109	0.6484
0.0000	0.0000	0.2109	0.7890
>Hr83_SANGER_5_FBgn0037436_cluster_171
0.6103	0.1103	0.2794	0.0000
0.8832	0.0584	0.0584	0.0000
0.8308	0.0000	0.1691	0.0000
0.1103	0.0000	0.8896	0.0000
0.0000	0.0000	0.0000	0.9999
0.0000	0.9999	0.0000	0.0000
0.9999	0.0000	0.0000	0.0000
0.2774	0.3868	0.1679	0.1679
0.4412	0.2794	0.1103	0.1691
0.2794	0.3309	0.3897	0.0000
0.2206	0.1103	0.1103	0.5588
0.4412	0.1691	0.2794	0.1103
0.0000	0.1691	0.7205	0.1103
0.4102	0.4701	0.0000	0.1197
>Hth_Cell_FBgn0001235_cluster_82
0.1981	0.1835	0.1655	0.4528
0.0000	0.0000	0.0321	0.9679
0.0138	0.0000	0.9787	0.0075
0.9765	0.0235	0.0000	0.0000
0.0000	0.9971	0.0000	0.0029
0.8778	0.0344	0.0877	0.0000
0.1445	0.1141	0.6044	0.1369
>Kr_FlyReg_FBgn0001325_cluster_56
0.1592	0.3061	0.2631	0.2716
0.1830	0.1726	0.1879	0.4565
0.0785	0.2576	0.0733	0.5907
0.7885	0.0679	0.0284	0.1152
0.7534	0.2195	0.0091	0.0180
0.0032	0.9138	0.0135	0.0694
0.0045	0.9187	0.0009	0.0760
0.0052	0.9921	0.0000	0.0027
0.0356	0.1449	0.1392	0.6803
0.0989	0.0483	0.0214	0.8314
0.0388	0.1712	0.0508	0.7392
0.1432	0.3787	0.1882	0.2899
0.2301	0.2568	0.2862	0.2269
0.1421	0.3278	0.2206	0.3095
0.1770	0.2784	0.2335	0.3111
>Lab_SOLEXA_FBgn0002522_cluster_3
0.1557	0.3776	0.1314	0.3354
0.2206	0.2260	0.2363	0.3172
0.1373	0.2490	0.0957	0.5180
0.0467	0.0179	0.0159	0.9195
0.8601	0.0118	0.0265	0.1016
0.9857	0.0095	0.0032	0.0017
0.0230	0.0447	0.0313	0.9010
0.0741	0.0405	0.2614	0.6240
0.6238	0.0175	0.3258	0.0328
0.2353	0.2414	0.3614	0.1619
>Lag1_Cell_FBgn0040918_cluster_87
0.0026	0.9947	0.0000	0.0026
0.0079	0.3842	0.0000	0.6079
0.8579	0.1290	0.0132	0.0000
0.0263	0.9105	0.0000	0.0632
0.0500	0.5868	0.0237	0.3395
0.9342	0.0000	0.0447	0.0211
0.5974	0.0421	0.1868	0.1737
0.4904	0.1418	0.0766	0.2912
0.3640	0.0498	0.0766	0.5096
0.1533	0.1839	0.0613	0.6015
>M0576_1_02_cluster_204
0.2323	0.2727	0.2121	0.2828
0.1542	0.3731	0.1493	0.3234
0.1200	0.7200	0.0650	0.0950
0.1600	0.0600	0.7500	0.0300
0.0200	0.8500	0.0000	0.1300
0.0950	0.1250	0.6600	0.1200
0.3116	0.1809	0.3266	0.1809
0.2900	0.2200	0.2150	0.2750
0.2537	0.2388	0.1891	0.3184
0.2500	0.2350	0.2150	0.3000
>M1095_1_02_cluster_237
0.2600	0.2300	0.2500	0.2600
0.2800	0.1600	0.1600	0.4000
0.1950	0.2500	0.3100	0.2450
0.1450	0.1150	0.1100	0.6300
0.0503	0.1910	0.1005	0.6583
0.9300	0.0050	0.0550	0.0100
0.9999	0.0000	0.0000	0.0000
0.0000	0.0100	0.9800	0.0100
0.0150	0.0200	0.0100	0.9550
0.2250	0.0100	0.7150	0.0500
0.0150	0.3200	0.5800	0.0850
0.1650	0.3200	0.1800	0.3350
0.2139	0.2139	0.2388	0.3333
0.1600	0.1900	0.3800	0.2700
>M1524_1_02_cluster_188
0.2350	0.3500	0.2700	0.1450
0.1000	0.6100	0.1650	0.1250
0.2850	0.2750	0.1650	0.2750
0.0850	0.1900	0.0500	0.6750
0.4950	0.0900	0.3750	0.0400
0.1891	0.0547	0.7114	0.0448
0.1692	0.5373	0.0299	0.2637
0.5900	0.0250	0.2000	0.1850
0.9000	0.0400	0.0400	0.0200
0.0101	0.9296	0.0000	0.0603
>M1912_1_02_cluster_29
0.1000	0.3000	0.3000	0.3000
0.0000	0.4000	0.0000	0.6000
0.0000	0.0000	0.9999	0.0000
0.0000	0.0000	0.0000	0.9999
0.0000	0.0000	0.9999	0.0000
0.3000	0.0000	0.7000	0.0000
0.0000	0.0000	0.9999	0.0000
0.9999	0.0000	0.0000	0.0000
0.9999	0.0000	0.0000	0.0000
0.5000	0.5000	0.0000	0.0000
0.1000	0.7000	0.1000	0.1000
0.1000	0.2000	0.4000	0.3000
0.4000	0.2000	0.2000	0.2000
0.3000	0.1000	0.4000	0.2000
0.4000	0.3000	0.2000	0.1000
0.2000	0.1000	0.2000	0.5000
>M2026_1_02_cluster_149
0.3669	0.1407	0.2145	0.2778
0.2361	0.0622	0.2035	0.4982
0.5243	0.0000	0.1592	0.3165
1.0000	0.0000	0.0000	0.0000
0.0004	0.9996	0.0000	0.0000
1.0000	0.0000	0.0000	0.0000
0.0005	0.0005	0.0005	0.9984
>M2031_1_02_cluster_72
0.0745	0.3017	0.0251	0.5986
0.3549	0.0000	0.5919	0.0532
0.0000	0.0000	0.0000	1.0000
0.0000	1.0000	0.0000	0.0000
1.0000	0.0000	0.0000	0.0000
0.6692	0.1625	0.0387	0.1296
0.5145	0.1557	0.1663	0.1634
0.2995	0.2348	0.1816	0.2841
>M2249_1_02_cluster_27
0.2216	0.2901	0.3462	0.1421
0.0353	0.2780	0.2108	0.4759
0.0000	0.8151	0.0417	0.1431
0.0354	0.7003	0.0009	0.2634
0.5862	0.0000	0.0000	0.4138
0.0000	0.0217	0.0000	0.9783
0.0000	0.0000	0.0340	0.9659
0.0123	0.0000	0.9877	0.0000
0.0000	0.0000	0.0000	0.9999
0.0473	0.2626	0.1165	0.5736
0.1225	0.4417	0.0924	0.3434
0.2500	0.0307	0.0409	0.6785
>M2325_1_02_cluster_165
0.2597	0.1978	0.0000	0.5425
0.8499	0.0000	0.0426	0.1075
0.0000	0.0933	0.0000	0.9067
0.0000	0.9807	0.0000	0.0193
0.0000	0.0000	1.0000	0.0000
1.0000	0.0000	0.0000	0.0000
0.0000	0.0193	0.0000	0.9807
0.6536	0.0000	0.1594	0.1870
0.0000	0.1498	0.4619	0.3882
0.1134	0.2542	0.0813	0.5512
0.2479	0.1684	0.0864	0.4973
0.0000	0.1897	0.3408	0.4695
0.1437	0.3285	0.2125	0.3153
0.1863	0.2125	0.3606	0.2406
0.3099	0.2840	0.2188	0.1873
>M2327_1_02_cluster_178
0.3073	0.0826	0.0780	0.5321
0.0000	0.0000	0.0000	1.0000
0.0274	0.0183	0.0000	0.9543
0.0000	0.9908	0.0092	0.0000
0.0413	0.5917	0.0184	0.3486
0.2477	0.2523	0.1789	0.3211
0.3119	0.1193	0.5688	0.0000
0.1009	0.0000	0.8991	0.0000
0.9495	0.0000	0.0505	0.0000
0.9816	0.0092	0.0092	0.0000
0.3716	0.2294	0.0000	0.3991
0.0780	0.1422	0.0092	0.7706
0.1279	0.3470	0.2968	0.2283
0.1101	0.5000	0.1881	0.2018
0.2477	0.2018	0.4220	0.1284
>M2328_1_02_cluster_180
0.0709	0.2392	0.5927	0.0972
0.0513	0.8689	0.0074	0.0724
0.1642	0.6336	0.0488	0.1534
0.1805	0.3124	0.2063	0.3008
0.5840	0.1236	0.1954	0.0970
0.7259	0.0438	0.1116	0.1187
0.8902	0.0196	0.0622	0.0279
0.8241	0.0039	0.0668	0.1052
0.0866	0.0496	0.7935	0.0703
0.0035	0.0931	0.0203	0.8832
0.9028	0.0043	0.0201	0.0728
0.0014	0.0023	0.2406	0.7556
0.0420	0.0010	0.9555	0.0014
0.0244	0.9700	0.0012	0.0043
0.5955	0.0868	0.0017	0.3160
0.7161	0.0624	0.1505	0.0709
0.1104	0.5129	0.0403	0.3364
0.5352	0.0746	0.2975	0.0926
0.3832	0.2711	0.1625	0.1832
0.4711	0.0943	0.0728	0.3619
0.4214	0.0800	0.0740	0.4245
>M4670_1_02_cluster_254
0.1609	0.4606	0.2119	0.1667
0.1646	0.6030	0.1151	0.1172
0.2403	0.2014	0.4343	0.1241
0.3554	0.4122	0.1840	0.0484
0.1284	0.3761	0.0435	0.4520
0.8162	0.0005	0.0959	0.0874
0.1009	0.0000	0.8991	0.0000
0.5245	0.0000	0.4740	0.0015
0.0010	0.0020	0.1628	0.8342
0.0000	0.0000	1.0000	0.0000
0.0010	0.0000	0.8676	0.1314
0.0619	0.8696	0.0015	0.0669
0.0005	0.0000	0.9515	0.0480
0.0395	0.8002	0.0040	0.1563
0.1215	0.4064	0.0757	0.3964
>M4674_1_02_cluster_160
0.9999	0.0000	0.0000	0.0000
0.2000	0.2000	0.2000	0.4000
0.3317	0.2513	0.0804	0.3367
0.2010	0.1307	0.3367	0.3317
0.2000	0.1300	0.2700	0.4000
0.1106	0.3317	0.3367	0.2211
0.2600	0.3200	0.0000	0.4200
0.0000	0.0000	0.9999	0.0000
0.9999	0.0000	0.0000	0.0000
0.0000	0.0000	0.0000	0.9999
0.9999	0.0000	0.0000	0.0000
0.7000	0.1000	0.1000	0.1000
0.0000	0.2100	0.6300	0.1600
0.1300	0.3100	0.5000	0.0600
0.3300	0.0700	0.4000	0.2000
0.2300	0.2300	0.3100	0.2300
0.2500	0.2500	0.3300	0.1700
0.0800	0.2500	0.2500	0.4200
>M4722_1_02_cluster_1
0.1886	0.1429	0.1943	0.4743
0.1703	0.1813	0.2115	0.4368
0.1113	0.2111	0.2668	0.4107
0.0941	0.1612	0.2745	0.4702
0.1497	0.2821	0.2188	0.3493
0.1996	0.2131	0.2399	0.3474
0.2553	0.1209	0.3013	0.3225
0.3532	0.1574	0.2783	0.2111
0.3992	0.0749	0.2322	0.2937
0.1919	0.1516	0.2745	0.3820
0.3608	0.0825	0.4299	0.1267
0.1113	0.0365	0.7985	0.0537
0.0058	0.0038	0.7006	0.2898
0.2802	0.0154	0.0672	0.6372
0.0019	0.9981	0.0000	0.0000
0.0096	0.9904	0.0000	0.0000
0.0211	0.0000	0.0019	0.9770
0.0115	0.0000	0.9885	0.0000
0.0134	0.0000	0.9846	0.0019
0.0864	0.4722	0.0365	0.4050
0.0883	0.2898	0.4031	0.2188
0.3033	0.1075	0.2476	0.3416
0.2111	0.2495	0.3666	0.1727
0.2017	0.1909	0.3644	0.2430
0.1041	0.1996	0.4078	0.2885
0.1921	0.1769	0.3450	0.2860
>M4730_1_02_cluster_38
0.3302	0.0000	0.0000	0.6697
0.0000	0.0000	0.9999	0.0000
0.0000	0.0000	0.0000	0.9999
0.3271	0.0000	0.0000	0.6728
0.0000	0.0000	0.9999	0.0000
0.0000	0.0000	0.0000	0.9999
0.0000	0.0000	0.0000	0.9999
0.0000	0.0000	0.9999	0.0000
>M4748_1_02_cluster_93
0.0561	0.0561	0.8620	0.0259
0.2411	0.4348	0.2411	0.0830
0.1389	0.1111	0.0000	0.7500
0.0000	0.1667	0.6111	0.2222
0.9245	0.0754	0.0000	0.0000
0.0000	0.9999	0.0000	0.0000
0.0000	0.0000	0.9245	0.0754
0.0000	0.0000	0.0000	0.9999
0.0000	0.1667	0.8333	0.0000
0.2411	0.0000	0.6561	0.1028
0.1468	0.8531	0.0000	0.0000
0.8055	0.0833	0.0833	0.0278
>M4765_1_02_cluster_4
0.0000	0.0000	0.0000	0.9999
0.7999	0.0000	0.0000	0.2000
0.7999	0.0000	0.0000	0.2000
0.7999	0.2000	0.0000	0.0000
0.0000	0.9999	0.0000	0.0000
0.9999	0.0000	0.0000	0.0000
0.5999	0.0000	0.4000	0.0000
0.4000	0.4000	0.2000	0.0000
0.0000	0.0000	0.9999	0.0000
0.7999	0.0000	0.2000	0.0000
>M4767_1_02_cluster_146
0.3233	0.0076	0.6691	0.0001
0.4006	0.2975	0.1644	0.1375
0.3638	0.2859	0.1931	0.1572
0.4893	0.0315	0.4300	0.0492
0.0820	0.0013	0.8865	0.0303
0.3977	0.0543	0.0467	0.5013
0.0000	0.0000	0.9924	0.0076
0.9823	0.0000	0.0000	0.0177
0.9823	0.0025	0.0139	0.0013
0.9987	0.0000	0.0000	0.0013
0.0164	0.0000	0.9748	0.0088
0.0026	0.3060	0.0794	0.6120
>M4770_1_02_cluster_5
0.1000	0.4999	0.4000	0.0001
0.0000	0.2510	0.0307	0.7183
0.0000	0.0000	0.9999	0.0000
0.0000	0.0000	0.9999	0.0000
0.0068	0.9931	0.0000	0.0000
0.0994	0.0000	0.9005	0.0000
0.0575	0.7157	0.0000	0.2268
0.0000	0.4084	0.0575	0.5341
>M4771_1_02_cluster_139
0.1252	0.0004	0.0004	0.8741
0.6554	0.3361	0.0000	0.0084
0.9999	0.0000	0.0000	0.0000
0.1009	0.8739	0.0000	0.0252
0.0000	0.0168	0.0000	0.9831
0.9999	0.0000	0.0000	0.0000
0.0252	0.0000	0.1009	0.8739
0.0084	0.2521	0.0000	0.7394
>M4787_1_02_cluster_44
0.8815	0.0000	0.0081	0.1103
0.4362	0.0000	0.2304	0.3333
0.0000	0.0000	0.8977	0.1022
0.0081	0.1022	0.0000	0.8896
0.0000	0.0000	0.9999	0.0000
0.1103	0.7793	0.0000	0.1103
0.3333	0.0000	0.4444	0.2222
0.7874	0.0000	0.0000	0.2125
>M4800_1_02_cluster_143
0.0000	0.3103	0.0000	0.6896
0.9999	0.0000	0.0000	0.0000
0.0000	0.0000	0.9999	0.0000
0.0000	0.0000	0.0000	0.9999
0.0604	0.0000	0.8793	0.0604
0.0000	0.0000	0.0000	0.9999
0.0000	0.0000	0.0000	0.9999
0.3103	0.0000	0.6293	0.0604
0.2479	0.0000	0.3761	0.3761
0.4396	0.0604	0.0000	0.5000
>M4802_1_02_cluster_151
0.3103	0.2500	0.0000	0.4396
0.3761	0.0000	0.1880	0.4359
0.0000	0.0604	0.4396	0.5000
0.1897	0.0000	0.0000	0.8103
0.0000	0.0000	0.0000	0.9999
0.1282	0.8718	0.0000	0.0000
0.0000	0.0000	0.0000	0.9999
0.1282	0.8718	0.0000	0.0000
0.0000	0.1282	0.4359	0.4359
0.0000	0.9999	0.0000	0.0000
0.9396	0.0000	0.0000	0.0604
0.0000	0.2500	0.0000	0.7500
0.0000	0.2479	0.6239	0.1282
>M4813_1_02_cluster_161
0.0702	0.0702	0.0702	0.7894
0.7894	0.0000	0.0000	0.2105
0.0000	0.9999	0.0000	0.0000
0.0000	0.0000	0.0000	0.9999
0.0000	0.9999	0.0000	0.0000
0.0000	0.0000	0.9999	0.0000
0.0000	0.2895	0.0000	0.7105
0.0000	0.0000	0.0000	0.9999
0.2895	0.0702	0.5000	0.1404
0.2105	0.3596	0.1404	0.2895
0.2105	0.0000	0.0000	0.7894
0.0702	0.0702	0.0702	0.7894
>M4819_1_02_cluster_157
0.3496	0.0407	0.0000	0.6097
0.2623	0.2623	0.1721	0.3033
0.0000	0.4309	0.0000	0.5691
0.0894	0.0407	0.0000	0.8699
1.0000	0.0000	0.0000	0.0000
0.0407	0.9593	0.0000	0.0000
0.0000	1.0000	0.0000	0.0000
1.0000	0.0000	0.0000	0.0000
1.0000	0.0000	0.0000	0.0000
0.3033	0.3934	0.0000	0.3033
0.4344	0.3934	0.0000	0.1721
0.3496	0.3008	0.0000	0.3496
>M4826_1_02_cluster_144
0.4404	0.0000	0.0000	0.5596
0.1101	0.0000	0.0000	0.8899
0.0000	0.0000	0.1101	0.8899
0.0000	0.9999	0.0000	0.0000
0.8899	0.0000	0.1101	0.0000
0.9999	0.0000	0.0000	0.0000
0.0000	0.4404	0.0000	0.5596
0.0000	0.9999	0.0000	0.0000
>M4859_1_02_cluster_6
0.7000	0.0000	0.1192	0.1808
0.0269	0.0000	0.0000	0.9730
0.0000	0.0000	0.9769	0.0231
0.0231	0.0000	0.0000	0.9769
0.0000	0.1346	0.0000	0.8653
0.0000	0.0000	0.8961	0.1039
0.0000	0.7884	0.0769	0.1346
0.2577	0.0500	0.2231	0.4692
0.1385	0.0539	0.3231	0.4846
>M4860_1_02_cluster_140
0.1093	0.3697	0.4706	0.0504
0.3697	0.0504	0.5798	0.0000
0.0000	0.0000	0.0000	0.9999
0.0000	0.0000	0.9999	0.0000
0.0000	0.0500	0.0000	0.9499
0.0000	0.2500	0.0000	0.7500
0.0000	0.0000	0.9999	0.0000
0.0000	0.9499	0.0000	0.0500
0.8499	0.0000	0.1000	0.0500
0.1500	0.3500	0.3000	0.2000
0.1500	0.1500	0.6500	0.0500
0.2500	0.0000	0.3000	0.4500
0.1500	0.0000	0.0000	0.8499
0.1000	0.4000	0.4500	0.0500
0.0500	0.1000	0.4500	0.4000
>M4866_1_02_cluster_172
0.0696	0.1304	0.5304	0.2696
0.0696	0.6000	0.3304	0.0000
0.0000	0.1304	0.2696	0.6000
0.0000	0.2696	0.4000	0.3304
0.1304	0.1304	0.0696	0.6695
0.8000	0.1304	0.0000	0.0696
0.4695	0.0000	0.1304	0.4000
0.3304	0.0000	0.0000	0.6695
0.0000	0.0000	0.0000	0.9999
0.6695	0.0000	0.3304	0.0000
0.0000	0.9999	0.0000	0.0000
0.0000	0.0000	0.0000	0.9999
0.0000	0.0696	0.9304	0.0000
0.0690	0.6638	0.0000	0.2672
>M4867_1_02_cluster_137
0.0000	0.1101	0.8899	0.0000
0.1101	0.0000	0.2202	0.6697
0.2222	0.1111	0.4444	0.2222
0.0000	0.0000	0.7798	0.2202
0.0000	0.0000	0.2202	0.7798
0.0000	0.0000	0.0000	0.9999
0.0000	0.0000	0.8899	0.1101
0.0000	0.0000	0.9999	0.0000
0.1101	0.8899	0.0000	0.0000
0.8899	0.0000	0.0000	0.1101
0.9999	0.0000	0.0000	0.0000
0.0000	0.7798	0.0000	0.2202
>M4869_1_02_cluster_150
0.0593	0.2373	0.5254	0.1780
0.7606	0.1197	0.0598	0.0598
0.1187	0.0000	0.2373	0.6440
0.0000	0.0000	0.9999	0.0000
0.0000	0.0000	0.0000	0.9999
0.0598	0.0000	0.0000	0.9401
0.0000	0.7094	0.0000	0.2906
0.1197	0.0000	0.8803	0.0000
0.9401	0.0000	0.0000	0.0598
0.1197	0.0000	0.0000	0.8803
>M4870_1_02_cluster_170
0.3716	0.1243	0.2703	0.2338
0.2366	0.0914	0.6035	0.0686
0.1184	0.0186	0.4481	0.4149
0.1474	0.0000	0.8420	0.0106
0.0000	0.0000	0.9947	0.0053
0.0000	0.0000	0.9933	0.0066
0.0625	0.8936	0.0067	0.0372
0.0013	0.0000	0.9933	0.0053
0.0000	0.0000	0.6016	0.3984
0.2032	0.0173	0.7424	0.0372
0.0783	0.0451	0.8223	0.0544
0.0624	0.7437	0.0080	0.1859
0.1819	0.4436	0.1076	0.2669
0.4486	0.1335	0.0961	0.3218
0.4780	0.2577	0.1656	0.0988
>M4873_1_02_cluster_166
0.0000	0.1304	0.2000	0.6695
0.0000	0.1316	0.1316	0.7368
0.3788	0.0606	0.0606	0.5000
0.3106	0.1894	0.0000	0.5000
0.1894	0.0000	0.8106	0.0000
0.0000	0.0076	0.0530	0.9393
0.3106	0.0606	0.0000	0.6288
0.0000	0.0606	0.0000	0.9393
0.1894	0.0000	0.3106	0.5000
0.9393	0.0000	0.0606	0.0000
0.0606	0.0606	0.0000	0.8787
0.1894	0.0000	0.8106	0.0000
0.0000	0.2000	0.5304	0.2696
>M4879_1_02_cluster_173
0.0000	0.4102	0.4701	0.1197
0.1695	0.2203	0.2797	0.3305
0.0588	0.2185	0.5546	0.1681
0.0593	0.4407	0.2203	0.2797
0.1695	0.1102	0.3898	0.3305
0.1695	0.2203	0.1695	0.4407
0.1695	0.0000	0.3305	0.5000
0.0000	0.0000	0.0000	0.9999
0.9999	0.0000	0.0000	0.0000
0.9999	0.0000	0.0000	0.0000
0.0000	0.0000	0.0000	0.9999
0.0000	0.0000	0.0000	0.9999
0.9406	0.0000	0.0000	0.0593
0.5000	0.0000	0.4407	0.0593
0.0000	0.2203	0.2203	0.5593
>M4880_1_02_cluster_177
0.0641	0.6815	0.1192	0.1352
0.9948	0.0000	0.0000	0.0052
0.0000	0.0000	0.9844	0.0156
0.0000	0.0017	0.9965	0.0017
0.0000	0.0000	0.9930	0.0069
0.4575	0.4298	0.0243	0.0884
0.0381	0.0988	0.0104	0.8527
0.2101	0.0365	0.7274	0.0260
0.0936	0.5910	0.3050	0.0104
0.6048	0.2114	0.1352	0.0485
0.2882	0.2309	0.2778	0.2031
0.5813	0.1142	0.1834	0.1211
0.6178	0.2565	0.0716	0.0541
0.4415	0.2635	0.1780	0.1169
0.3696	0.2609	0.1087	0.2609
0.1079	0.5755	0.0000	0.3165
0.1594	0.4203	0.2609	0.1594
0.1812	0.8043	0.0073	0.0073
>M4882_1_02_cluster_141
0.5299	0.0000	0.1197	0.3504
0.5897	0.0000	0.1197	0.2906
0.0000	0.0000	0.0598	0.9401
0.9999	0.0000	0.0000	0.0000
0.0000	0.0000	0.0000	0.9999
0.0000	0.0000	0.0000	0.9999
0.0000	0.0000	0.9999	0.0000
0.9999	0.0000	0.0000	0.0000
0.0000	0.4701	0.0000	0.5299
0.4102	0.0598	0.5299	0.0000
>M4886_1_02_cluster_8
0.0000	0.0000	0.0000	0.9999
0.0000	0.0000	0.0000	0.9999
0.9999	0.0000	0.0000	0.0000
0.0000	0.9999	0.0000	0.0000
0.0000	0.0000	0.9999	0.0000
0.0000	0.0000	0.0596	0.9403
>M4900_1_02_cluster_11
0.5000	0.0000	0.5000	0.0000
0.1000	0.0000	0.0000	0.8999
0.0000	0.9999	0.0000	0.0000
0.8999	0.0000	0.0000	0.1000
0.0000	0.9999	0.0000	0.0000
0.0000	0.0000	0.8999	0.1000
0.0000	0.0000	0.0000	0.9999
0.0000	0.1000	0.8999	0.0000
0.9999	0.0000	0.0000	0.0000
0.0000	0.9999	0.0000	0.0000
0.0000	0.7999	0.1000	0.1000
0.7000	0.1000	0.2000	0.0000
>M4901_1_02_cluster_134
0.0000	0.1000	0.2000	0.6999
0.1487	0.0000	0.8513	0.0000
0.0000	0.0000	0.0000	0.9999
0.1982	0.0000	0.7522	0.0496
0.9999	0.0000	0.0000	0.0000
0.9504	0.0000	0.0496	0.0000
0.0996	0.0996	0.0996	0.7013
0.0000	0.0000	0.9504	0.0496
0.8513	0.1487	0.0000	0.0000
>M4902_1_02_cluster_109
0.0315	0.1803	0.0630	0.7253
0.7194	0.1658	0.1035	0.0113
0.1353	0.5806	0.0633	0.2208
0.7804	0.0052	0.1229	0.0915
0.0701	0.0922	0.7879	0.0498
0.0000	0.0004	0.9280	0.0716
0.0004	0.0000	0.9097	0.0899
0.0060	0.0079	0.0559	0.9303
0.9614	0.0251	0.0135	0.0000
0.0432	0.1342	0.2122	0.6104
>M4904_1_02_cluster_12
0.0000	0.3000	0.0000	0.6999
0.0000	0.0000	0.0000	0.9999
0.0000	0.9999	0.0000	0.0000
0.0000	0.0000	0.9999	0.0000
0.0000	0.0000	0.5000	0.5000
0.1000	0.3000	0.4000	0.2000
>M4921_1_02_cluster_101
0.3500	0.1500	0.3000	0.2000
0.7857	0.0452	0.0929	0.0762
0.2009	0.0662	0.6548	0.0780
0.0095	0.0119	0.9407	0.0379
0.0000	0.0926	0.0000	0.9073
0.0024	0.0024	0.9952	0.0000
0.0474	0.0877	0.0048	0.8602
0.0095	0.1253	0.6997	0.1655
0.9147	0.0308	0.0379	0.0166
0.7608	0.0808	0.0745	0.0839
0.2700	0.1900	0.2700	0.2700
0.3100	0.2300	0.2300	0.2300
>M4934_1_02_cluster_70
0.4940	0.1116	0.3105	0.0839
0.7077	0.0512	0.0790	0.1620
0.9636	0.0210	0.0069	0.0084
0.7953	0.0130	0.0128	0.1789
0.1797	0.3421	0.1991	0.2791
0.0353	0.0933	0.1027	0.7687
0.7435	0.0368	0.2157	0.0040
0.0452	0.0200	0.9337	0.0012
0.6083	0.0116	0.3206	0.0595
0.1041	0.0900	0.5901	0.2159
0.0191	0.9500	0.0027	0.0283
0.8164	0.0150	0.1465	0.0222
0.3938	0.3269	0.2386	0.0407
>M4953_1_02_cluster_49
0.4596	0.1321	0.1063	0.0833
2.3776	0.4296	0.0517	0.5473
13.0538	3.0085	2.9522	2.1418
2.4112	60.7699	1.2647	0.4917
3.4704	60.9671	0.2188	0.3125
0.2988	0.0312	64.5762	0.0312
0.5000	0.2988	64.1074	0.0312
64.5625	0.0312	0.0312	0.3125
60.1875	0.0312	0.0312	4.6875
22.1325	0.3042	41.6302	0.8394
1.5833	17.0125	0.1282	42.0572
1.3750	0.8750	1.3750	0.1875
1.0938	1.6250	1.0938	0.0000
>M4969_1_02_cluster_15
0.9000	0.2000	0.1000	0.5000
4.9000	3.2000	5.0000	0.3000
12.3000	1.7000	2.6000	2.4000
14.8000	14.1000	3.4000	2.7000
0.0000	34.7000	0.0000	0.2000
34.9000	0.0000	0.0000	0.0000
0.2000	4.3000	24.7000	5.7000
4.6000	24.0000	6.3000	0.0000
0.0000	0.2000	0.0000	34.7000
0.0000	0.0000	34.9000	0.0000
30.8000	0.0000	1.5000	2.6000
0.0000	25.7000	0.8000	8.5000
7.9000	0.0000	12.1000	1.3000
0.1000	1.2000	0.0000	0.1000
>M4985_1_02_cluster_17
0.9999	0.0000	0.0000	0.0000
0.0000	0.0000	0.2000	0.7999
0.0000	0.0000	0.0000	0.9999
0.0000	0.0000	0.2000	0.7999
0.2000	0.4000	0.4000	0.0000
0.7999	0.2000	0.0000	0.0000
0.6000	0.0000	0.0000	0.4000
0.0000	0.0000	0.7999	0.2000
0.2000	0.2000	0.4000	0.2000
0.6000	0.0000	0.4000	0.0000
0.0000	0.0000	0.0000	0.9999
0.4000	0.2000	0.0000	0.4000
>M5003_1_02_cluster_167
0.5422	0.0295	0.4185	0.0098
0.0275	0.9371	0.0177	0.0177
0.0134	0.0045	0.9709	0.0112
0.0840	0.8074	0.0817	0.0269
0.7055	0.0717	0.1937	0.0291
0.4278	0.0851	0.2172	0.2699
0.2945	0.1310	0.1221	0.4524
0.2872	0.0983	0.1084	0.5061
0.5145	0.0682	0.2718	0.1454
0.0067	0.0336	0.0000	0.9597
0.0000	0.0000	0.9933	0.0067
0.9653	0.0134	0.0101	0.0112
0.0045	0.0000	0.9866	0.0090
0.1720	0.4129	0.0108	0.4043
0.5929	0.1261	0.1018	0.1792
>M5006_1_02_cluster_18
0.0000	0.7000	0.0000	0.3000
0.4000	0.4000	0.0000	0.2000
0.3000	0.1000	0.4000	0.2000
0.0000	0.6000	0.4000	0.0000
0.0000	0.7000	0.0000	0.3000
0.0000	0.1000	0.7999	0.1000
0.7000	0.0000	0.3000	0.0000
0.0000	0.9999	0.0000	0.0000
0.8999	0.0000	0.0000	0.1000
0.0000	0.9999	0.0000	0.0000
0.0000	0.0000	0.9999	0.0000
0.0000	0.0000	0.0000	0.9999
0.0000	0.0000	0.9999	0.0000
0.3000	0.4000	0.0000	0.3000
0.2000	0.7999	0.0000	0.0000
0.3000	0.4000	0.3000	0.0000
0.3000	0.7000	0.0000	0.0000
>M5048_1_02_cluster_181
0.5205	0.1537	0.2623	0.0635
0.3037	0.4675	0.1065	0.1223
0.8812	0.0613	0.0134	0.0441
0.9790	0.0134	0.0000	0.0077
0.6118	0.2467	0.0000	0.1415
0.9713	0.0019	0.0096	0.0172
0.8736	0.1226	0.0038	0.0000
0.8260	0.0115	0.1511	0.0115
