# RSAT non-redundant plants motif database
# Retrieved from: http://pedagogix-tagc.univ-mrs.fr/rsat/data/published_data/Castro_2016_matrix-clustering/Application_4/Plants/cor0.8_Ncor0.65/All_plant_motifs_cluster_root_motifs.tf
# Date: 2018-10-26
>345_M00361_TRANSFAC_2012_1__CDC5_Athamap_20091028__MA0579_JASPAR_2014__cluster_2
0.2828	0.2424	0.3232	0.1515
0.1700	0.2600	0.5500	0.0200
0.0000	0.9200	0.0400	0.0400
0.0200	0.0200	0.0000	0.9600
0.0602	0.8595	0.0000	0.0803
0.9197	0.0201	0.0201	0.0401
0.0201	0.0000	0.9398	0.0401
0.0200	0.9300	0.0500	0.0000
0.0401	0.0401	0.9197	0.0000
0.0200	0.5500	0.2700	0.1600
0.1800	0.2300	0.4500	0.1400
>387_M00417_TRANSFAC_2012_1__ATHB9_Athamap_20091028__MA0573_JASPAR_2014__cluster_27
0.4418	0.2248	0.1085	0.2248
0.3603	0.2132	0.2132	0.2132
0.3116	0.2464	0.1304	0.3116
0.1727	0.4388	0.1079	0.2806
0.0000	0.0408	0.9591	0.0000
0.0000	0.2313	0.0000	0.7687
0.9591	0.0000	0.0408	0.0000
0.9999	0.0000	0.0000	0.0000
0.0000	0.0000	0.0000	0.9999
0.0000	0.0000	0.9999	0.0000
0.9999	0.0000	0.0000	0.0000
0.0000	0.0000	0.0000	0.9999
0.0000	0.0000	0.1157	0.8843
0.6530	0.0000	0.3469	0.0000
0.0000	0.9591	0.0408	0.0000
0.2899	0.0580	0.2391	0.4130
0.1716	0.5000	0.0000	0.3284
0.0000	0.3000	0.4000	0.3000
0.0000	0.6230	0.3769	0.0000
>5001_ARR1_Athamap_20091028__cluster_148
0.0004	0.0004	0.0004	0.9988
0.0004	0.7991	0.0004	0.2001
0.0004	0.0004	0.0004	0.9988
0.7991	0.0004	0.0004	0.2001
0.1222	0.0783	0.4776	0.3219
0.0004	0.0004	0.9988	0.0004
0.9988	0.0004	0.0004	0.0004
0.0004	0.0004	0.0004	0.9988
0.1222	0.0783	0.0783	0.7212
0.0004	0.0004	0.9988	0.0004
0.0004	0.0004	0.0004	0.9988
0.0004	0.7991	0.2001	0.0004
0.0010	0.0010	0.0010	0.9970
>5008_AtSPL8_Athamap_20091028__MA0578_JASPAR_2014__cluster_3
0.3761	0.0612	0.1988	0.3639
0.3009	0.0304	0.2188	0.4498
0.3567	0.0640	0.1890	0.3902
0.3129	0.0307	0.2607	0.3957
0.3578	0.3242	0.0795	0.2385
0.0793	0.5975	0.0640	0.2591
0.0000	0.0000	0.9999	0.0000
0.0000	0.0000	0.0000	0.9999
0.9999	0.0000	0.0000	0.0000
0.0000	0.9999	0.0000	0.0000
0.2470	0.3018	0.1220	0.3293
0.3578	0.2049	0.0306	0.4067
0.2043	0.2652	0.0762	0.4543
0.3597	0.2043	0.0305	0.4055
0.3415	0.1555	0.0000	0.5030
0.3150	0.2783	0.0459	0.3608
>5009_BZIP12_Athamap_20091028__cluster_174
0.0000	0.0000	0.0000	0.5000
0.0000	1.7500	0.0000	0.2500
0.5000	1.2500	0.2500	0.0000
2.5000	0.0000	0.0000	0.0000
0.0000	2.5000	0.0000	0.0000
0.0000	0.0000	2.5000	0.0000
0.0000	0.0000	0.0000	2.5000
0.7500	0.0000	1.7500	0.0000
0.0000	0.0000	0.7500	1.7500
0.2500	2.2500	0.0000	0.0000
1.5000	0.0000	0.0000	0.0000
0.0000	0.0000	0.0000	0.5000
>5011_DREB1A_Athamap_20091028__cluster_101
0.0436	0.0436	0.0436	0.8691
0.9227	0.0770	0.0002	0.0002
0.0770	0.7305	0.0386	0.1539
0.1155	0.0002	0.1539	0.7305
0.5767	0.0002	0.3845	0.0386
0.0002	0.9611	0.0002	0.0386
0.0002	0.9995	0.0002	0.0002
0.0002	0.0002	0.9995	0.0002
0.9227	0.0386	0.0002	0.0386
0.0002	0.9995	0.0002	0.0002
0.8458	0.1539	0.0002	0.0002
0.0770	0.1923	0.0770	0.6536
0.1178	0.0590	0.8230	0.0002
0.7642	0.0590	0.1178	0.0590
>5014_E2Fa_Athamap_20091028__E2Fe_Athamap_20091028__cluster_63
0.2857	0.0003	0.0003	0.7138
0.0003	0.0003	0.0003	0.9991
0.0003	0.0003	0.0003	0.9991
0.0003	0.9991	0.0003	0.0003
0.0003	0.9991	0.0003	0.0003
0.0003	0.9991	0.0003	0.0003
0.0003	0.0003	0.9991	0.0003
0.0003	0.9991	0.0003	0.0003
>5018_ERF3_Athamap_20091028__cluster_73
0.1819	0.0002	0.0002	0.8178
0.8178	0.1819	0.0002	0.0002
0.9995	0.0002	0.0002	0.0002
0.0002	0.0002	0.8178	0.1819
0.8178	0.0002	0.0002	0.1819
0.0002	0.0002	0.9995	0.0002
0.0002	0.9995	0.0002	0.0002
0.0002	0.8178	0.0002	0.1819
0.0002	0.0002	0.9995	0.0002
0.0002	0.8178	0.0002	0.1819
0.0002	0.9086	0.0002	0.0910
0.9995	0.0002	0.0002	0.0002
0.0002	0.8178	0.0002	0.1819
0.0002	0.0002	0.0002	0.9995
>5022_GATA1_Athamap_20091028__cluster_137
0.1429	0.0715	0.7140	0.0715
0.0001	0.2857	0.2143	0.4999
0.2143	0.4285	0.2857	0.0715
0.0001	0.0001	0.5712	0.4285
0.6426	0.0001	0.0001	0.3571
0.3571	0.0001	0.0001	0.6426
0.0001	0.3571	0.0001	0.6426
0.0001	0.6426	0.1429	0.2143
0.8568	0.0715	0.0715	0.0001
0.0715	0.0001	0.0001	0.9282
>5028_MYB1_Athamap_20091028__cluster_213
0.0000	1.5000	0.0000	0.5000
0.0000	1.5000	0.5000	0.0000
0.0000	0.0000	0.0000	2.0000
2.0000	0.0000	0.0000	0.0000
2.0000	0.0000	0.0000	0.0000
0.0000	2.0000	0.0000	0.0000
0.0000	0.0000	0.0000	2.0000
0.5000	0.0000	1.5000	0.0000
1.0000	0.0000	0.0000	0.0000
0.0000	1.0000	0.0000	0.0000
>685_M00968_TRANSFAC_2012_1__AtMYB77_Athamap_20091028__MA0575_JASPAR_2014__cluster_4
0.3300	0.3000	0.2000	0.1700
0.5700	0.1700	0.1700	0.0900
0.2700	0.0900	0.3700	0.2700
0.0600	0.3000	0.2000	0.4400
0.0900	0.0600	0.8200	0.0300
0.6800	0.0300	0.2300	0.0600
0.0000	1.0000	0.0000	0.0000
0.5000	0.0000	0.5000	0.0000
0.0000	0.0000	1.0000	0.0000
0.0000	0.0000	0.0000	1.0000
0.0000	0.0000	0.0000	1.0000
0.6800	0.0300	0.2600	0.0300
0.0300	0.5500	0.3000	0.1200
>686_M00969_TRANSFAC_2012_1__AtMYB15_Athamap_20091028__MA0574_JASPAR_2014__cluster_5
0.1300	0.4550	0.2550	0.1600
0.1350	0.1600	0.6850	0.0200
0.4100	0.1100	0.4800	0.0000
0.0900	0.3650	0.3650	0.1800
0.0000	0.0000	1.0000	0.0000
0.0000	0.0000	1.0000	0.0000
0.0000	0.0000	0.0000	1.0000
0.8250	0.0400	0.0200	0.1150
0.0000	0.0000	1.0000	0.0000
0.0000	0.0000	1.0000	0.0000
0.0000	0.0000	0.0000	1.0000
0.0900	0.0000	0.8700	0.0400
0.0400	0.1600	0.7350	0.0650
>7189_AHL25_ArabidopsisPBM_20140210__cluster_118
0.3561	0.1131	0.1348	0.3960
0.7983	0.0417	0.0683	0.0917
0.5933	0.0083	0.0083	0.3900
0.3100	0.0067	0.0033	0.6800
0.3100	0.0017	0.0000	0.6883
0.7533	0.0017	0.0033	0.2417
0.5800	0.0033	0.0050	0.4117
0.3667	0.0100	0.0083	0.6150
0.1085	0.0801	0.0417	0.7696
0.3150	0.1783	0.1583	0.3483
>7190_AHL25_2_ArabidopsisPBM_20140210__cluster_123
0.3700	0.1667	0.1500	0.3133
0.9000	0.0333	0.0333	0.0333
0.6400	0.0033	0.0133	0.3433
0.2667	0.0067	0.0067	0.7200
0.7566	0.0100	0.0000	0.2333
0.2400	0.0000	0.0100	0.7500
0.7166	0.0100	0.0067	0.2667
0.3433	0.0100	0.0033	0.6433
0.0333	0.0333	0.0333	0.9000
0.4267	0.1600	0.1467	0.2667
>7197_ARR11_2_ArabidopsisPBM_20140210__cluster_114
0.2350	0.2300	0.3250	0.2100
0.2100	0.5250	0.0850	0.1800
0.2950	0.0800	0.6050	0.0200
0.1100	0.0150	0.5900	0.2850
0.8800	0.0100	0.0100	0.1000
0.1000	0.0100	0.0100	0.8800
0.2850	0.5950	0.0150	0.1050
0.0200	0.6050	0.0800	0.2950
0.1800	0.0850	0.5250	0.2100
0.1800	0.4500	0.1750	0.1950
>7208_At5g28300_ArabidopsisPBM_20140210__cluster_175
0.6400	0.0200	0.0500	0.2900
0.3500	0.0200	0.0750	0.5550
0.0101	0.0101	0.0050	0.9748
0.0553	0.0653	0.0050	0.8743
0.9899	0.0000	0.0050	0.0050
0.0000	0.9899	0.0050	0.0050
0.0402	0.8693	0.0452	0.0452
0.0151	0.0151	0.9648	0.0050
0.0150	0.4400	0.0050	0.5400
0.1800	0.2000	0.3800	0.2400
>7217_DOF5_7_ArabidopsisPBM_20140210__cluster_170
0.3900	0.2100	0.2700	0.1300
0.4486	0.0864	0.2238	0.2411
0.6836	0.0118	0.0618	0.2427
0.9700	0.0036	0.0100	0.0164
0.8991	0.0027	0.0791	0.0191
0.3627	0.0418	0.5891	0.0064
0.4845	0.0609	0.4427	0.0118
0.1018	0.1909	0.4600	0.2473
0.1744	0.2144	0.4078	0.2035
0.2900	0.2200	0.3100	0.1800
>7218_DOF5_7_2_ArabidopsisPBM_20140210__cluster_134
0.2500	0.3850	0.1800	0.1850
0.0500	0.0300	0.8250	0.0950
0.3250	0.0150	0.0250	0.6350
0.0300	0.0150	0.0150	0.9400
0.9800	0.0100	0.0050	0.0050
0.9800	0.0100	0.0000	0.0100
0.0200	0.9700	0.0000	0.0100
0.0100	0.0100	0.9700	0.0100
0.2750	0.1650	0.1250	0.4350
0.2200	0.2700	0.1400	0.3700
>7219_DREB2C_ArabidopsisPBM_20140210__cluster_209
0.1400	0.0400	0.6800	0.1400
0.1300	0.2900	0.4850	0.0950
0.0700	0.8850	0.0000	0.0450
0.0200	0.0250	0.9550	0.0000
0.0100	0.0000	0.9900	0.0000
0.0250	0.9600	0.0000	0.0150
0.0000	0.9700	0.0250	0.0050
0.0200	0.0000	0.9650	0.0150
0.1200	0.7700	0.0300	0.0800
0.1300	0.6700	0.0700	0.1300
>7227_HSFB2A_ArabidopsisPBM_20140210__cluster_116
0.3100	0.3200	0.3600	0.0100
0.0250	0.0150	0.9500	0.0100
0.9300	0.0100	0.0350	0.0250
0.9350	0.0200	0.0100	0.0350
0.1450	0.2650	0.4350	0.1550
0.1550	0.4350	0.2650	0.1450
0.0350	0.0100	0.0250	0.9300
0.0150	0.0450	0.0100	0.9300
0.0150	0.9450	0.0150	0.0250
0.0100	0.4250	0.2250	0.3400
>7228_HSFB2A_2_ArabidopsisPBM_20140210__cluster_106
0.0850	0.3900	0.2100	0.3150
0.0450	0.0350	0.0400	0.8800
0.0200	0.0500	0.0050	0.9250
0.0150	0.9550	0.0150	0.0150
0.0000	0.1600	0.0950	0.7450
0.7450	0.0950	0.1600	0.0000
0.0150	0.0150	0.9600	0.0100
0.9250	0.0050	0.0500	0.0200
0.8800	0.0400	0.0300	0.0500
0.3700	0.2500	0.2200	0.1600
>7231_ICU4_ArabidopsisPBM_20140210__cluster_159
0.0712	0.4805	0.0434	0.4049
0.8587	0.0712	0.0434	0.0267
0.9555	0.0256	0.0067	0.0122
0.0122	0.0189	0.0056	0.9633
0.2978	0.4378	0.1589	0.1056
0.9600	0.0078	0.0111	0.0211
0.0389	0.0367	0.0300	0.8944
0.1689	0.0611	0.2322	0.5378
0.3667	0.2233	0.1811	0.2289
0.3344	0.2156	0.1589	0.2911
0.2283	0.2517	0.2017	0.3183
>7233_KAN4_ArabidopsisPBM_20140210__cluster_143
0.4489	0.0739	0.3761	0.1011
0.1664	0.0713	0.6619	0.1004
0.6560	0.0951	0.1124	0.1365
0.7909	0.0078	0.0176	0.1837
0.0439	0.1034	0.0193	0.8334
0.8960	0.0361	0.0576	0.0103
0.0520	0.0319	0.0087	0.9075
0.0540	0.0780	0.0702	0.7979
0.0372	0.9144	0.0154	0.0330
0.1084	0.3247	0.1611	0.4058
0.2138	0.2428	0.1574	0.3861
0.1777	0.1759	0.1131	0.5332
>7235_LBD16_ArabidopsisPBM_20140210__cluster_200
0.4000	0.1800	0.2500	0.1700
0.3930	0.1144	0.1642	0.3284
0.3184	0.1343	0.1493	0.3980
0.2600	0.2250	0.0950	0.4200
0.1100	0.3600	0.1050	0.4250
0.1800	0.4950	0.2600	0.0650
0.0800	0.7250	0.1050	0.0900
0.0100	0.0300	0.9550	0.0050
0.0150	0.1700	0.7650	0.0500
0.4450	0.1450	0.2500	0.1600
0.4300	0.0600	0.2000	0.3100
>7236_MYB111_ArabidopsisPBM_20140210__cluster_28
0.3746	0.1306	0.2531	0.2416
0.2115	0.0218	0.7289	0.0378
0.0094	0.0053	0.5326	0.4526
0.0069	0.0074	0.0020	0.9837
0.8137	0.0149	0.0135	0.1579
0.0116	0.0025	0.9820	0.0039
0.0091	0.0071	0.8954	0.0884
0.0102	0.0135	0.0027	0.9736
0.4992	0.0855	0.3370	0.0783
0.3057	0.1700	0.3491	0.1752
0.3637	0.1725	0.2806	0.1832
>7239_MYB46_2_ArabidopsisPBM_20140210__cluster_127
0.1450	0.4550	0.1750	0.2250
0.0350	0.6800	0.0900	0.1950
0.9400	0.0250	0.0150	0.0200
0.6800	0.2850	0.0150	0.0200
0.0100	0.9700	0.0050	0.0150
0.1900	0.6850	0.0500	0.0750
0.8650	0.0050	0.1200	0.0100
0.2650	0.6700	0.0150	0.0500
0.0400	0.8050	0.0200	0.1350
0.2750	0.1650	0.4650	0.0950
>7242_MYB55_ArabidopsisPBM_20140210__cluster_169
0.1100	0.3600	0.0500	0.4800
0.9709	0.0035	0.0194	0.0062
0.0484	0.9410	0.0044	0.0062
0.0018	0.9859	0.0018	0.0106
0.2350	0.0475	0.0220	0.6954
0.9797	0.0009	0.0158	0.0035
0.2588	0.7386	0.0009	0.0018
0.0026	0.9577	0.0009	0.0387
0.1241	0.0634	0.7359	0.0766
0.2279	0.2647	0.3309	0.1765
>7272_TOE1_2_ArabidopsisPBM_20140210__cluster_113
0.4350	0.0800	0.2050	0.2800
0.7750	0.0250	0.0250	0.1750
0.8300	0.0050	0.0100	0.1550
0.0200	0.9300	0.0100	0.0400
0.1300	0.7200	0.1350	0.0150
0.0300	0.0200	0.0100	0.9400
0.7250	0.0200	0.2250	0.0300
0.0800	0.6550	0.2000	0.0650
0.0200	0.0050	0.9550	0.0200
0.7700	0.0350	0.0150	0.1800
>7273_TOE1_3_ArabidopsisPBM_20140210__cluster_107
0.2750	0.1850	0.0900	0.4500
0.6900	0.0250	0.0150	0.2700
0.7900	0.0100	0.0200	0.1800
0.0100	0.9000	0.0200	0.0700
0.0650	0.7800	0.1300	0.0250
0.0350	0.0150	0.0100	0.9400
0.0550	0.0650	0.0150	0.8650
0.9300	0.0250	0.0150	0.0300
0.8000	0.0100	0.1200	0.0700
0.3550	0.2550	0.0500	0.3400
>7285_ZAT14_ArabidopsisPBM_20140210__cluster_156
0.1200	0.4100	0.1150	0.3550
0.7250	0.0450	0.0700	0.1600
0.0250	0.1850	0.7650	0.0250
0.0400	0.1100	0.0300	0.8200
0.1900	0.0400	0.7150	0.0550
0.0600	0.7100	0.0400	0.1900
0.8200	0.0300	0.1050	0.0450
0.0300	0.7650	0.1850	0.0200
0.1600	0.0700	0.0450	0.7250
0.2650	0.3250	0.2050	0.2050
>7287_ZAT2_ArabidopsisPBM_20140210__cluster_150
0.2650	0.2850	0.2750	0.1750
0.1150	0.2500	0.2500	0.3850
0.0850	0.6850	0.1400	0.0900
0.8650	0.0250	0.0200	0.0900
0.0250	0.0250	0.9100	0.0400
0.0400	0.9100	0.0250	0.0250
0.0900	0.0200	0.0250	0.8650
0.0900	0.1400	0.6850	0.0850
0.3850	0.2500	0.2500	0.1150
0.2700	0.3800	0.2700	0.0800
>760_M01062_TRANSFAC_2012_1__AGL2_Athamap_20091028__MA0584_JASPAR_2014__cluster_1
0.3631	0.0833	0.1402	0.4133
0.3902	0.0783	0.1173	0.4142
0.1939	0.3650	0.1850	0.2561
0.0880	0.0639	0.0474	0.8007
0.0703	0.0188	0.0257	0.8851
0.2067	0.0384	0.0962	0.6586
0.0175	0.9761	0.0000	0.0064
0.0077	0.6881	0.0000	0.3042
0.4288	0.1310	0.0801	0.3601
0.2028	0.0962	0.0758	0.6252
0.3170	0.0080	0.0074	0.6676
0.1094	0.0130	0.0021	0.8754
0.2229	0.0853	0.0456	0.6462
0.2076	0.0764	0.1965	0.5195
0.1821	0.0035	0.8025	0.0119
0.0117	0.0114	0.9263	0.0506
0.4324	0.1466	0.0756	0.3454
0.7659	0.0559	0.0313	0.1469
0.6620	0.0716	0.0718	0.1946
0.2022	0.2467	0.2912	0.2599
0.2459	0.1419	0.1137	0.4985
0.1715	0.3142	0.0859	0.4284
0.2762	0.1144	0.1144	0.4950
>ABI3VP1_tnt_AT5G60130_col_a_m1_cluster_141
0.1548	0.0774	0.1097	0.6580
0.7218	0.0437	0.1417	0.0927
0.8106	0.0265	0.0795	0.0834
0.0411	0.0159	0.9007	0.0424
0.1709	0.5258	0.1934	0.1099
0.9073	0.0252	0.0437	0.0238
0.8755	0.0027	0.0318	0.0901
0.8053	0.0053	0.0119	0.1775
0.6662	0.0344	0.0344	0.2649
0.3497	0.2093	0.1351	0.3060
0.4079	0.2371	0.1033	0.2517
0.2305	0.1192	0.1311	0.5192
0.7603	0.0331	0.1272	0.0795
0.8530	0.0079	0.0411	0.0980
0.0318	0.0000	0.9338	0.0344
0.1775	0.4649	0.2556	0.1020
0.9205	0.0318	0.0146	0.0331
0.8728	0.0212	0.0371	0.0689
0.8172	0.0252	0.0159	0.1417
0.6808	0.0318	0.0344	0.2530
0.3548	0.2581	0.0774	0.3097
>ABI3VP1_tnt_REM16_col_a_m1_cluster_55
0.1778	0.0437	0.0175	0.7609
0.2709	0.0316	0.1317	0.5658
0.2938	0.0435	0.0740	0.5887
0.5974	0.0326	0.1197	0.2503
0.2263	0.3841	0.0642	0.3254
0.2318	0.0370	0.4298	0.3014
0.1993	0.0156	0.2329	0.5521
0.0887	0.0073	0.0234	0.8806
0.0395	0.0029	0.0024	0.9552
0.0297	0.0029	0.0088	0.9586
0.0205	0.0029	0.0088	0.9678
0.0107	0.0073	0.9673	0.0146
0.0122	0.0000	0.9873	0.0005
0.0083	0.9790	0.0010	0.0117
0.0088	0.0005	0.9883	0.0024
0.0093	0.0141	0.9742	0.0024
0.0531	0.0078	0.9352	0.0039
0.9902	0.0005	0.0093	0.0000
0.9922	0.0024	0.0044	0.0010
0.9420	0.0132	0.0146	0.0302
0.7563	0.0541	0.0229	0.1667
>ABI3VP1_tnt_VRN1_col_a_m1_cluster_177
0.2372	0.1815	0.1074	0.4739
0.2102	0.1798	0.0821	0.5279
0.1930	0.1407	0.1074	0.5589
0.1321	0.1580	0.1005	0.6094
0.1476	0.1758	0.0437	0.6330
0.1298	0.1206	0.0666	0.6829
0.1476	0.1574	0.0471	0.6479
0.1694	0.1287	0.0672	0.6347
0.1614	0.1367	0.0902	0.6117
0.1212	0.1936	0.0287	0.6565
0.0862	0.1327	0.0425	0.7387
0.1080	0.0810	0.0373	0.7737
0.0982	0.0856	0.0414	0.7748
0.0862	0.1275	0.0528	0.7335
0.1379	0.1258	0.0528	0.6835
0.2246	0.1057	0.0902	0.5795
0.0569	0.3739	0.0270	0.5422
0.0528	0.0482	0.0327	0.8662
0.0207	0.0638	0.0034	0.9121
0.1218	0.0247	0.0195	0.8340
0.2263	0.0482	0.0414	0.6841
0.0327	0.3429	0.0500	0.5744
0.0764	0.0902	0.0689	0.7645
0.0833	0.0960	0.0603	0.7603
0.0764	0.0729	0.0379	0.8127
0.1470	0.0821	0.0603	0.7105
0.1074	0.0959	0.1717	0.6249
0.2085	0.1367	0.1356	0.5192
0.2263	0.2468	0.1563	0.3706
>AP2EREBP_tnt_At1g22810_col_m1_cluster_132
0.1252	0.6010	0.0618	0.2120
0.1306	0.0505	0.7029	0.1160
0.1606	0.0682	0.6847	0.0864
0.2443	0.3744	0.0496	0.3317
0.1374	0.0482	0.6215	0.1929
0.2070	0.0519	0.6424	0.0987
0.2375	0.3025	0.0223	0.4377
0.1197	0.0059	0.7944	0.0801
0.1733	0.0227	0.7038	0.1001
0.0528	0.7548	0.0000	0.1924
0.0100	0.0005	0.9754	0.0141
0.0318	0.0141	0.9459	0.0082
0.0892	0.3935	0.0000	0.5173
0.0096	0.0036	0.9527	0.0341
0.1510	0.0696	0.7630	0.0164
0.3746	0.2420	0.0926	0.2908
>AP2EREBP_tnt_At1g77640_col_a_m1_cluster_119
0.2037	0.1429	0.4136	0.2399
0.2496	0.1640	0.3386	0.2478
0.2363	0.2637	0.2028	0.2972
0.2152	0.1367	0.4691	0.1790
0.2390	0.1534	0.3677	0.2399
0.2293	0.2804	0.1649	0.3254
0.2460	0.0741	0.4894	0.1905
0.2575	0.1481	0.3624	0.2319
0.2901	0.2646	0.1041	0.3413
0.2690	0.0767	0.3307	0.3236
0.2011	0.1005	0.3792	0.3192
0.0847	0.1799	0.0150	0.7205
0.0000	0.0000	1.0000	0.0000
0.1843	0.0088	0.2081	0.5988
0.0000	0.9991	0.0000	0.0009
0.0000	0.0000	1.0000	0.0000
0.0000	0.0000	1.0000	0.0000
0.0088	0.0917	0.0000	0.8995
0.0212	0.0000	0.9700	0.0088
0.2134	0.0891	0.6287	0.0688
0.3660	0.2366	0.1109	0.2865
>AP2EREBP_tnt_At2g44940_col_a_m1_cluster_58
0.3169	0.1284	0.3207	0.2340
0.3180	0.1654	0.2502	0.2664
0.2961	0.2238	0.1333	0.3468
0.3363	0.1058	0.2135	0.3443
0.3270	0.1004	0.2425	0.3301
0.0573	0.0894	0.0863	0.7670
0.0038	0.0027	0.9863	0.0071
0.0635	0.0078	0.0606	0.8681
0.0011	0.9957	0.0012	0.0021
0.0001	0.0044	0.9955	0.0001
0.0305	0.0001	0.9692	0.0003
0.0068	0.2654	0.0011	0.7268
0.1754	0.0511	0.6798	0.0937
0.3246	0.1273	0.4249	0.1232
0.3400	0.2563	0.1425	0.2613
0.2673	0.1310	0.3569	0.2447
0.3134	0.1487	0.3173	0.2205
>AP2EREBP_tnt_At4g28140_col_a_m1_cluster_108
0.1894	0.4026	0.1498	0.2581
0.2063	0.4173	0.1389	0.2375
0.3026	0.1971	0.2657	0.2346
0.2022	0.4048	0.1558	0.2372
0.1719	0.4541	0.1459	0.2281
0.3203	0.1775	0.2697	0.2325
0.1797	0.4173	0.1433	0.2597
0.2165	0.4294	0.1160	0.2381
0.3173	0.1424	0.2775	0.2628
0.1952	0.3991	0.1264	0.2792
0.1939	0.4996	0.0831	0.2234
0.2303	0.0987	0.3056	0.3654
0.0602	0.5944	0.1333	0.2121
0.0346	0.8351	0.0130	0.1173
0.6316	0.0004	0.3654	0.0026
0.0004	0.9965	0.0009	0.0022
0.0004	0.9996	0.0000	0.0000
0.0030	0.0013	0.9952	0.0004
0.5641	0.2654	0.0095	0.1610
0.0030	0.9866	0.0013	0.0091
0.6417	0.1600	0.1243	0.0740
0.3881	0.2281	0.0877	0.2962
>AP2EREBP_tnt_DEAR2_col_a_m1_cluster_83
0.2655	0.2496	0.1298	0.3551
0.3920	0.0839	0.1928	0.3312
0.3470	0.0631	0.2393	0.3506
0.1184	0.1157	0.1699	0.5959
0.0194	0.0034	0.9675	0.0097
0.1506	0.0131	0.1965	0.6397
0.0001	0.9910	0.0005	0.0083
0.0003	0.0000	0.9992	0.0005
0.0017	0.0005	0.9973	0.0004
0.0105	0.1789	0.0001	0.8105
0.0373	0.0160	0.8690	0.0778
0.2697	0.1127	0.5103	0.1073
0.3392	0.2940	0.0974	0.2694
0.2202	0.0931	0.4698	0.2169
0.2858	0.1376	0.3777	0.1989
0.2560	0.2433	0.1699	0.3307
0.2387	0.1288	0.4246	0.2079
0.2791	0.1275	0.4197	0.1737
0.2985	0.2108	0.1973	0.2934
0.2681	0.1585	0.3305	0.2428
>AP2EREBP_tnt_DREB2_col_a_m1_cluster_193
0.2766	0.1546	0.3643	0.2045
0.2973	0.1478	0.3196	0.2354
0.2571	0.2296	0.2089	0.3044
0.2313	0.1462	0.4127	0.2098
0.2562	0.1496	0.3457	0.2485
0.2511	0.2657	0.1195	0.3637
0.3035	0.1083	0.2597	0.3285
0.5082	0.0387	0.2451	0.2081
0.2261	0.0628	0.0997	0.6113
0.0000	0.0000	1.0000	0.0000
0.0447	0.0009	0.2734	0.6810
0.0017	0.9983	0.0000	0.0000
0.0000	0.0000	1.0000	0.0000
0.0009	0.0000	0.9991	0.0000
0.0000	0.1900	0.0000	0.8100
0.0301	0.0284	0.8074	0.1341
0.2726	0.1333	0.4523	0.1419
0.3414	0.2614	0.1178	0.2794
0.2253	0.0937	0.4557	0.2253
0.2786	0.1350	0.3886	0.1978
0.2754	0.2220	0.1859	0.3167
0.2565	0.1497	0.3873	0.2065
0.3133	0.1566	0.3546	0.1756
>AP2EREBP_tnt_ERF1_col_a_m1_cluster_172
0.1981	0.4237	0.1492	0.2290
0.1998	0.3954	0.1346	0.2702
0.2298	0.2213	0.2744	0.2744
0.1724	0.4142	0.1578	0.2556
0.2367	0.4537	0.0875	0.2221
0.2933	0.0823	0.2779	0.3465
0.1338	0.4631	0.1098	0.2933
0.2667	0.6604	0.0146	0.0583
0.0557	0.0103	0.7830	0.1509
0.0129	0.8628	0.1098	0.0146
0.0009	0.9966	0.0000	0.0026
0.0069	0.0000	0.9897	0.0034
0.0009	0.9854	0.0069	0.0069
0.0051	0.9923	0.0017	0.0009
0.2213	0.0060	0.7101	0.0626
0.0455	0.4940	0.0695	0.3911
0.2213	0.4425	0.0540	0.2822
0.4305	0.0540	0.2710	0.2444
0.2659	0.3834	0.0901	0.2607
0.2659	0.3602	0.0995	0.2744
0.2667	0.1115	0.3696	0.2521
0.1724	0.4417	0.1432	0.2427
0.1981	0.4400	0.1475	0.2144
0.2136	0.2093	0.3679	0.2093
0.1852	0.4237	0.1364	0.2547
0.2255	0.3924	0.1583	0.2238
0.2444	0.1824	0.3064	0.2668
0.2117	0.3425	0.1859	0.2599
>AP2EREBP_tnt_ERF73_colamp_a_m1_cluster_115
0.1726	0.4179	0.1557	0.2538
0.2031	0.4450	0.1201	0.2318
0.2522	0.1979	0.2849	0.2651
0.1468	0.4751	0.1362	0.2419
0.1938	0.4687	0.1235	0.2140
0.2727	0.1550	0.3177	0.2546
0.1476	0.5136	0.1176	0.2212
0.1626	0.5306	0.1035	0.2032
0.2601	0.1352	0.3787	0.2260
0.1352	0.5224	0.1118	0.2306
0.1723	0.5676	0.0635	0.1966
0.2757	0.1091	0.3460	0.2693
0.0934	0.5469	0.1239	0.2359
0.1755	0.6755	0.0326	0.1164
0.1727	0.0402	0.5636	0.2235
0.0337	0.7825	0.0832	0.1006
0.0999	0.8752	0.0068	0.0180
0.0792	0.0027	0.8759	0.0422
0.0067	0.9454	0.0035	0.0444
0.0153	0.9808	0.0005	0.0033
0.1830	0.0022	0.7467	0.0681
0.0402	0.6540	0.0406	0.2653
0.1106	0.7386	0.0457	0.1051
0.4451	0.0177	0.3871	0.1500
0.1599	0.2737	0.0895	0.4770
>AP2EREBP_tnt_ERF9_col_a_m1_cluster_111
0.2766	0.1138	0.2125	0.3971
0.1042	0.5354	0.1233	0.2371
0.1390	0.7006	0.0360	0.1243
0.1948	0.0521	0.4210	0.3321
0.0315	0.7697	0.1246	0.0742
0.0550	0.9267	0.0070	0.0113
0.0886	0.0036	0.8498	0.0579
0.0074	0.9342	0.0252	0.0332
0.0294	0.9444	0.0055	0.0207
0.0977	0.0030	0.8322	0.0672
0.0468	0.6853	0.0370	0.2309
0.1782	0.6750	0.0225	0.1243
0.4346	0.0315	0.3022	0.2317
0.1594	0.4927	0.0526	0.2953
0.2154	0.4706	0.0521	0.2618
0.2474	0.0819	0.3761	0.2947
0.1091	0.5547	0.1209	0.2153
0.1735	0.5804	0.0772	0.1689
0.1954	0.1101	0.4854	0.2091
0.1233	0.5363	0.1429	0.1975
0.1724	0.5417	0.0969	0.1890
0.2140	0.1597	0.4446	0.1818
>AP2EREBP_tnt_ESE1_col_a_m1_cluster_66
0.2641	0.1681	0.3550	0.2127
0.2345	0.3321	0.1814	0.2520
0.2468	0.1364	0.3934	0.2234
0.3023	0.1235	0.4187	0.1555
0.2882	0.2740	0.0808	0.3570
0.2699	0.0523	0.4729	0.2049
0.3860	0.0497	0.4689	0.0953
0.0785	0.6139	0.0024	0.3052
0.0240	0.0010	0.9020	0.0730
0.0970	0.0077	0.8803	0.0150
0.0061	0.9277	0.0001	0.0662
0.0048	0.0055	0.9700	0.0197
0.0318	0.0474	0.9121	0.0086
0.1596	0.7421	0.0091	0.0892
0.0519	0.0163	0.8160	0.1158
0.1759	0.1521	0.6041	0.0680
0.3192	0.3306	0.0991	0.2511
0.1889	0.0629	0.5688	0.1794
0.2353	0.1247	0.5013	0.1387
0.2893	0.2605	0.1635	0.2867
0.2734	0.1014	0.3964	0.2289
0.2577	0.1621	0.4023	0.1778
>AP2EREBP_tnt_PLT1_colamp_a_m1_cluster_136
0.2196	0.0371	0.4724	0.2709
0.0523	0.7300	0.0209	0.1968
0.5617	0.0956	0.1719	0.1707
0.0484	0.8832	0.0215	0.0470
0.2738	0.0406	0.6175	0.0680
0.4021	0.1739	0.2487	0.1753
0.4386	0.0721	0.0607	0.4286
0.1629	0.0767	0.0288	0.7316
0.1821	0.4947	0.0082	0.3149
0.0434	0.5618	0.0000	0.3948
0.0114	0.9831	0.0037	0.0018
0.2396	0.0520	0.6499	0.0584
0.9735	0.0018	0.0137	0.0110
0.0639	0.0155	0.7193	0.2013
0.2867	0.0301	0.6619	0.0212
0.0589	0.2941	0.0883	0.5586
>ARID_tnt_AT1G04880_col_a_m1_cluster_130
0.0648	0.1092	0.0626	0.7634
0.7565	0.0148	0.0011	0.2275
0.0171	0.0000	0.0000	0.9829
0.9772	0.0046	0.0125	0.0057
0.3686	0.0887	0.0637	0.4790
0.1854	0.1297	0.0512	0.6337
0.8430	0.0967	0.0466	0.0137
0.0000	0.0114	0.0000	0.9886
1.0000	0.0000	0.0000	0.0000
0.2457	0.0000	0.0000	0.7543
0.5643	0.0000	0.3515	0.0842
0.1433	0.0978	0.7088	0.0501
0.0193	0.0023	0.0011	0.9772
0.2344	0.0956	0.0501	0.6200
0.1240	0.1035	0.0705	0.7019
0.2540	0.0698	0.1048	0.5714
>ARID_tnt_AT1G20910_col_a_m1_cluster_191
0.4911	0.1006	0.0710	0.3373
0.3209	0.1378	0.1532	0.3880
0.6147	0.1079	0.0771	0.2004
0.8694	0.0063	0.0036	0.1206
0.3608	0.0091	0.0000	0.6301
0.0000	0.0281	0.0000	0.9719
0.0000	0.2158	0.0000	0.7842
0.9229	0.0000	0.0771	0.0000
1.0000	0.0000	0.0000	0.0000
0.0000	0.0000	0.0000	1.0000
0.0970	0.0743	0.0898	0.7389
0.1711	0.0151	0.2399	0.5738
>BBRBPC_tnt_BPC1_col_a_m1_cluster_95
0.9312	0.0000	0.0687	0.0000
0.1505	0.0333	0.7844	0.0318
0.8943	0.0101	0.0622	0.0333
0.1080	0.0213	0.7806	0.0901
0.8707	0.0179	0.0695	0.0420
0.1155	0.0199	0.8102	0.0543
0.8452	0.0138	0.1169	0.0241
0.1279	0.0303	0.7895	0.0523
0.8941	0.0041	0.0750	0.0268
0.0385	0.0076	0.9333	0.0206
0.9732	0.0041	0.0069	0.0158
0.0516	0.0028	0.9381	0.0076
0.9711	0.0110	0.0076	0.0103
0.0928	0.0062	0.8755	0.0255
0.9236	0.0014	0.0557	0.0193
0.0653	0.0021	0.9023	0.0303
0.9058	0.0014	0.0681	0.0248
0.1369	0.0144	0.8232	0.0255
0.9085	0.0110	0.0420	0.0385
0.1135	0.0358	0.8205	0.0303
0.8521	0.0117	0.0653	0.0708
0.1142	0.0282	0.8081	0.0495
0.8287	0.0158	0.0894	0.0660
0.1197	0.0227	0.7613	0.0963
0.8350	0.0333	0.0753	0.0564
0.0592	0.0066	0.9144	0.0198
0.9604	0.0000	0.0132	0.0263
0.0198	0.0263	0.9539	0.0000
0.9867	0.0132	0.0000	0.0000
0.0592	0.0395	0.8749	0.0263
>BZR_tnt_At4g36780_colamp_a_m1_cluster_25
0.4015	0.2143	0.2165	0.1677
0.2790	0.2400	0.2553	0.2257
0.2225	0.2449	0.2122	0.3203
0.2138	0.2223	0.2192	0.3446
0.1462	0.3095	0.3234	0.2209
0.4263	0.0924	0.4283	0.0530
0.0054	0.9367	0.0005	0.0574
0.9941	0.0000	0.0057	0.0003
0.0021	0.9431	0.0000	0.0548
0.0111	0.0075	0.9745	0.0070
0.0170	0.0152	0.0131	0.9547
0.0721	0.0239	0.8764	0.0275
0.1341	0.2893	0.1661	0.4105
0.1717	0.1955	0.4340	0.1989
0.5132	0.0530	0.3115	0.1223
>C2C2dof_tnt_AT1G69570_col_a_m1_cluster_178
0.2198	0.2013	0.0956	0.4832
0.2315	0.1426	0.1040	0.5218
0.1527	0.0856	0.1376	0.6242
0.1258	0.0705	0.1896	0.6141
0.1231	0.4648	0.0385	0.3735
0.5821	0.1357	0.1600	0.1223
0.0000	1.0000	0.0000	0.0000
0.0000	0.0302	0.0000	0.9698
0.0000	0.0034	0.0000	0.9966
0.0000	0.0000	0.0000	1.0000
0.1809	0.0385	0.0201	0.7605
0.1323	0.1633	0.1156	0.5888
0.1491	0.4271	0.1214	0.3023
0.1307	0.2370	0.0729	0.5595
0.1013	0.1407	0.0637	0.6943
0.1097	0.1198	0.0410	0.7295
0.1575	0.1181	0.0603	0.6642
0.1583	0.2152	0.0729	0.5536
0.1348	0.2412	0.0972	0.5268
0.2002	0.1709	0.0988	0.5301
0.1198	0.1993	0.1290	0.5519
0.1583	0.1407	0.0972	0.6039
0.1390	0.1474	0.1173	0.5963
0.2178	0.1608	0.1173	0.5042
0.2203	0.1608	0.1499	0.4690
0.2248	0.1644	0.1225	0.4883
0.2567	0.2047	0.0805	0.4581
>C2C2dof_tnt_OBP4_colamp_a_m1_cluster_85
0.5566	0.1000	0.1400	0.2033
0.5467	0.1077	0.1594	0.1861
0.4837	0.1431	0.2175	0.1558
0.5195	0.1234	0.1637	0.1934
0.5589	0.0913	0.1414	0.2085
0.5243	0.0946	0.1943	0.1867
0.5619	0.0983	0.1671	0.1726
0.5395	0.1026	0.1935	0.1644
0.4647	0.1238	0.2303	0.1813
0.3768	0.1497	0.2507	0.2228
0.2612	0.2603	0.2886	0.1898
0.7604	0.0597	0.1120	0.0680
0.8047	0.0065	0.0067	0.1821
0.9997	0.0001	0.0001	0.0001
0.9987	0.0001	0.0012	0.0000
0.9767	0.0000	0.0231	0.0002
0.0039	0.0002	0.9958	0.0001
0.0995	0.1422	0.2240	0.5343
0.4381	0.0720	0.2266	0.2633
0.6022	0.0830	0.1951	0.1197
0.5727	0.1547	0.1123	0.1604
0.5026	0.1285	0.1149	0.2540
0.4667	0.1031	0.1774	0.2527
0.4246	0.1434	0.1719	0.2601
0.4119	0.1804	0.1661	0.2416
0.4588	0.1042	0.2538	0.1832
>C2C2dof_tnt_dof24_col_a_m1_cluster_96
0.2417	0.2267	0.1333	0.3983
0.1913	0.2146	0.1242	0.4700
0.1388	0.2554	0.1178	0.4880
0.2035	0.2579	0.0907	0.4479
0.1426	0.2151	0.0782	0.5641
0.1689	0.1667	0.0799	0.5844
0.1935	0.1945	0.0491	0.5629
0.2221	0.2119	0.1306	0.4355
0.2115	0.1969	0.1061	0.4855
0.2074	0.1952	0.0727	0.5246
0.2082	0.1128	0.0957	0.5833
0.1428	0.0920	0.1235	0.6418
0.0764	0.2006	0.0508	0.6722
0.2786	0.2110	0.0670	0.4434
0.4808	0.2218	0.1528	0.1446
0.0003	0.9963	0.0008	0.0026
0.0000	0.0270	0.0003	0.9727
0.0015	0.0031	0.0000	0.9954
0.0011	0.0080	0.0000	0.9909
0.2105	0.0259	0.0140	0.7495
0.0661	0.1097	0.0713	0.7529
0.1703	0.2673	0.2777	0.2847
0.2032	0.2084	0.1261	0.4623
>C2C2dof_tnt_dof45_colamp_a_m1_cluster_131
0.4256	0.0989	0.0681	0.4074
0.9144	0.0159	0.0295	0.0403
0.9178	0.0255	0.0176	0.0391
0.9002	0.0193	0.0289	0.0516
0.0346	0.0272	0.8577	0.0805
0.1190	0.4892	0.1134	0.2783
0.1389	0.2766	0.0108	0.5737
0.5266	0.0794	0.1831	0.2109
0.0000	1.0000	0.0000	0.0000
0.0000	0.0017	0.0000	0.9983
0.0017	0.0017	0.0000	0.9966
0.0006	0.0040	0.0011	0.9943
0.3749	0.0811	0.0317	0.5123
0.1816	0.1246	0.1586	0.5352
0.2157	0.2870	0.1800	0.3173
>C2C2gata_tnt_GATA11_col_a_m1_cluster_133
0.2011	0.3199	0.1364	0.3427
0.2238	0.3899	0.1101	0.2762
0.4138	0.1445	0.2458	0.1959
0.3372	0.1146	0.3997	0.1485
0.6038	0.0869	0.1805	0.1287
0.3341	0.0595	0.0679	0.5385
0.1164	0.4120	0.0605	0.4110
0.0072	0.4997	0.0297	0.4633
0.7377	0.0464	0.2154	0.0005
0.0167	0.0000	0.9823	0.0010
0.9995	0.0000	0.0005	0.0000
0.0003	0.0000	0.0000	0.9997
0.0000	0.9854	0.0003	0.0144
0.0256	0.1718	0.0326	0.7700
0.4187	0.0900	0.4054	0.0859
0.4706	0.1326	0.2539	0.1429
0.4267	0.1190	0.2526	0.2017
0.4966	0.0657	0.1700	0.2677
>C2C2gata_tnt_GATA19_colamp_a_m1_cluster_74
0.1297	0.3345	0.1234	0.4123
0.2603	0.2496	0.2612	0.2290
0.0436	0.0042	0.9506	0.0017
0.9992	0.0000	0.0008	0.0000
0.0000	0.0000	0.0000	1.0000
0.0017	0.9456	0.0251	0.0276
0.0997	0.2529	0.3928	0.2546
0.0938	0.0360	0.8459	0.0243
0.7680	0.0335	0.1466	0.0519
0.1290	0.0226	0.0209	0.8275
0.0438	0.3837	0.1306	0.4419
0.3233	0.2050	0.2367	0.2350
0.2767	0.1150	0.3183	0.2900
>C2C2gata_tnt_ZML1_colamp_a_m1_cluster_162
0.1941	0.2882	0.4353	0.0824
0.5176	0.0471	0.3765	0.0588
0.4331	0.0822	0.1504	0.3343
0.1630	0.1964	0.1685	0.4721
0.2980	0.2521	0.2312	0.2187
0.7065	0.1128	0.1412	0.0396
0.8222	0.0232	0.0090	0.1456
0.0160	0.0564	0.0114	0.9161
0.1004	0.7893	0.0357	0.0745
0.1128	0.1366	0.0564	0.6941
0.0461	0.4922	0.2060	0.2557
0.5393	0.1356	0.3157	0.0093
0.5947	0.0016	0.3716	0.0321
0.0057	0.9726	0.0041	0.0176
0.0145	0.9808	0.0005	0.0041
0.0528	0.0016	0.9151	0.0305
0.0047	0.0492	0.0052	0.9410
0.0668	0.3514	0.0021	0.5797
0.0699	0.4596	0.4405	0.0300
0.5445	0.0197	0.4286	0.0072
0.5152	0.0133	0.0106	0.4609
0.0458	0.0763	0.0345	0.8435
0.0993	0.3248	0.0604	0.5154
0.1827	0.2437	0.1777	0.3959
0.2995	0.2234	0.1827	0.2944
0.2893	0.2640	0.0812	0.3655
>C2C2gata_tnt_ZML2_col_a_m1_cluster_97
0.0088	0.6965	0.2509	0.0438
0.9444	0.0001	0.0147	0.0408
0.0223	0.0541	0.0024	0.9213
0.0204	0.8475	0.1060	0.0261
0.9311	0.0177	0.0233	0.0279
0.0186	0.1032	0.0000	0.8782
0.0149	0.9210	0.0353	0.0288
0.8920	0.0140	0.0372	0.0567
0.0465	0.0995	0.0251	0.8289
0.0270	0.8847	0.0567	0.0317
0.8967	0.0139	0.0493	0.0401
0.0298	0.1144	0.0177	0.8381
0.0409	0.8884	0.0167	0.0540
0.8706	0.0065	0.0577	0.0652
0.0326	0.1255	0.0223	0.8196
0.0437	0.8976	0.0568	0.0019
0.8121	0.0353	0.0911	0.0614
0.0796	0.1519	0.0036	0.7650
0.0556	0.7808	0.0584	0.1053
>C2H2_tnt_AT2G15740_col_a_m1_cluster_201
0.2466	0.3339	0.1421	0.2774
0.2209	0.1644	0.4658	0.1490
0.4914	0.0942	0.2055	0.2089
0.3510	0.2140	0.2209	0.2140
0.5253	0.0414	0.3285	0.1047
0.5084	0.0372	0.0549	0.3995
0.0135	0.9679	0.0034	0.0152
0.0059	0.0000	0.9941	0.0000
0.7204	0.0025	0.1850	0.0921
0.2889	0.2340	0.0025	0.4747
0.2221	0.0524	0.5135	0.2120
0.5481	0.0659	0.1056	0.2804
0.0676	0.8505	0.0068	0.0752
0.0448	0.0186	0.9257	0.0110
0.5473	0.0220	0.1436	0.2872
>C2H2_tnt_At2g41835_col_b_m1_cluster_158
0.0000	0.0000	0.0000	1.0000
0.0000	0.0000	0.0000	1.0000
0.0000	0.0000	1.0000	0.0000
1.0000	0.0000	0.0000	0.0000
0.9665	0.0000	0.0335	0.0000
1.0000	0.0000	0.0000	0.0000
1.0000	0.0000	0.0000	0.0000
0.2316	0.3158	0.2526	0.2000
>C2H2_tnt_At5g04390_col200_a_m1_cluster_155
0.2402	0.2010	0.2702	0.2886
0.9641	0.0000	0.0108	0.0250
0.0000	0.1485	0.8515	0.0000
0.0000	0.0000	0.0000	1.0000
0.1026	0.0000	0.8974	0.0000
0.5171	0.0008	0.2127	0.2694
0.3870	0.1510	0.1952	0.2669
0.4520	0.0601	0.3053	0.1827
0.1726	0.1902	0.4178	0.2193
0.2919	0.0417	0.1068	0.5596
0.3028	0.0534	0.5371	0.1068
>C2H2_tnt_At5g66730_col_m1_cluster_67
0.2300	0.1812	0.1568	0.4320
0.2352	0.1882	0.1220	0.4547
0.2566	0.1863	0.1246	0.4324
0.2496	0.1720	0.1460	0.4324
0.2482	0.1977	0.1414	0.4127
0.2952	0.1176	0.1333	0.4540
0.2510	0.1183	0.1468	0.4838
0.1427	0.0731	0.0588	0.7254
0.0169	0.0551	0.0235	0.9045
0.0007	0.0096	0.0104	0.9792
0.0000	0.0095	0.0002	0.9903
0.0001	0.0002	0.9990	0.0007
0.0005	0.0005	0.0186	0.9803
0.0054	0.9714	0.0000	0.0232
0.0411	0.0879	0.5197	0.3514
0.0082	0.0634	0.0573	0.8711
0.1283	0.1449	0.0634	0.6634
0.1647	0.0123	0.0063	0.8167
0.2281	0.0830	0.0267	0.6623
0.1092	0.3432	0.3159	0.2317
0.0817	0.2277	0.0900	0.6006
0.2226	0.0969	0.3723	0.3082
>C2H2_tnt_STOP1_col_a_m1_cluster_208
0.6459	0.0812	0.1900	0.0829
0.1223	0.7947	0.0486	0.0345
0.0000	0.9295	0.0016	0.0690
0.0517	0.0752	0.1364	0.7367
0.1661	0.2461	0.2273	0.3605
0.1144	0.7617	0.0470	0.0768
0.4451	0.4953	0.0094	0.0502
0.0016	0.8135	0.0000	0.1850
0.0690	0.7100	0.0345	0.1865
0.6912	0.0094	0.2586	0.0408
0.1520	0.0549	0.7085	0.0846
0.5298	0.0580	0.1270	0.2853
0.2100	0.0564	0.0157	0.7179
0.5407	0.1348	0.2774	0.0470
0.3809	0.2492	0.1254	0.2445
0.5762	0.1695	0.0678	0.1864
0.5593	0.3220	0.1187	0.0000
0.1187	0.8474	0.0000	0.0339
0.0170	0.6949	0.0000	0.2881
0.0848	0.2373	0.1356	0.5423
>C2H2_tnt_WIP5_col_a_m1_cluster_72
0.3483	0.1164	0.0758	0.4594
0.6781	0.0970	0.2046	0.0203
0.1032	0.7760	0.0979	0.0229
0.0503	0.9391	0.0000	0.0106
0.0062	0.1402	0.0899	0.7637
0.2416	0.1023	0.4877	0.1684
0.0582	0.2601	0.6684	0.0132
0.8792	0.0220	0.0653	0.0335
0.0000	0.0829	0.6905	0.2266
0.5397	0.2063	0.0608	0.1931
0.7257	0.0353	0.1261	0.1129
0.2337	0.3739	0.1825	0.2099
0.7160	0.0547	0.1561	0.0732
0.4621	0.0441	0.0229	0.4709
0.4974	0.1437	0.2601	0.0988
>C3H_tnt_At5g08750_col_a_m1_cluster_183
0.4183	0.1367	0.2617	0.1833
0.2520	0.4024	0.1179	0.2276
0.2724	0.4621	0.1070	0.1585
0.3103	0.0759	0.2710	0.3428
0.1152	0.5000	0.0257	0.3591
0.4932	0.3889	0.1003	0.0176
0.2859	0.0000	0.7127	0.0014
0.0054	0.8550	0.0000	0.1396
0.0054	0.9946	0.0000	0.0000
0.0501	0.0000	0.9499	0.0000
0.0610	0.6233	0.0027	0.3130
0.8537	0.0325	0.0827	0.0312
0.5583	0.0908	0.1518	0.1992
0.4878	0.2547	0.0705	0.1870
0.4892	0.2033	0.1301	0.1775
0.3043	0.1087	0.3406	0.2464
>C3H_tnt_EMB1789_col_a_m1_cluster_98
0.5837	0.0605	0.2712	0.0847
0.2137	0.5171	0.0897	0.1794
0.3175	0.0595	0.5887	0.0343
0.0040	0.0000	0.9960	0.0000
0.0121	0.0050	0.0000	0.9829
0.7964	0.0000	0.0333	0.1704
0.9970	0.0030	0.0000	0.0000
0.9224	0.0131	0.0383	0.0262
0.8133	0.0040	0.0010	0.1816
0.7318	0.0776	0.0494	0.1411
0.4183	0.1754	0.1310	0.2752
0.3548	0.0917	0.2470	0.3065
0.3669	0.0806	0.2359	0.3165
0.4526	0.1008	0.1694	0.2772
0.5393	0.0736	0.0948	0.2923
0.4708	0.1063	0.1146	0.3083
>C3H_tnt_TZF9_col_a_m1_cluster_157
0.0000	0.0000	0.0000	1.0000
0.0000	1.0000	0.0000	0.0000
1.0000	0.0000	0.0000	0.0000
1.0000	0.0000	0.0000	0.0000
0.0000	1.0000	0.0000	0.0000
1.0000	0.0000	0.0000	0.0000
0.4941	0.1647	0.1647	0.1765
>CPP_tnt_SOL1_col_m1_cluster_105
0.5151	0.0568	0.1061	0.3220
0.3413	0.0422	0.0655	0.5510
0.2394	0.0508	0.0342	0.6756
0.2130	0.0881	0.0109	0.6881
0.2604	0.1746	0.0725	0.4925
0.5345	0.1834	0.1588	0.1233
0.8845	0.0114	0.0852	0.0189
0.8197	0.0155	0.0601	0.1047
0.8067	0.0000	0.0324	0.1609
0.0047	0.0029	0.0039	0.9886
0.0003	0.0000	0.0000	0.9997
0.0000	0.4054	0.0000	0.5946
0.7422	0.0008	0.2557	0.0013
0.9663	0.0337	0.0000	0.0000
0.9997	0.0000	0.0003	0.0000
0.3640	0.1054	0.0064	0.5242
0.2117	0.1933	0.1150	0.4800
>E2FDP_tnt_E2FA_colamp_a_m1_cluster_69
0.2243	0.1464	0.0577	0.5715
0.1841	0.1021	0.0644	0.6494
0.2025	0.0285	0.1389	0.6301
0.0234	0.0008	0.0126	0.9632
0.0042	0.0008	0.9950	0.0000
0.0000	0.0000	1.0000	0.0000
0.0000	1.0000	0.0000	0.0000
0.0000	0.0000	0.9958	0.0042
0.0033	0.9138	0.0828	0.0000
0.0000	0.7113	0.2000	0.0887
0.5238	0.1699	0.0351	0.2711
0.3900	0.1448	0.0661	0.3992
0.3908	0.1473	0.0837	0.3782
0.3615	0.1389	0.1172	0.3824
0.0001	0.0001	0.0870	0.9127
>G2like_tnt_AT5G45580_col_a_m1_cluster_80
0.4000	0.1588	0.2151	0.2261
0.4222	0.1662	0.1815	0.2301
0.4836	0.1441	0.1510	0.2213
0.5279	0.0611	0.1508	0.2603
0.3983	0.1275	0.2221	0.2521
0.4268	0.1702	0.3941	0.0089
0.0104	0.0036	0.9777	0.0083
0.9072	0.0481	0.0093	0.0354
0.9928	0.0005	0.0000	0.0067
0.0002	0.0002	0.0089	0.9906
0.6571	0.2557	0.0470	0.0403
0.0408	0.0010	0.0020	0.9563
0.1355	0.0322	0.0624	0.7698
0.0957	0.6503	0.0399	0.2141
0.1261	0.2928	0.1468	0.4343
0.2529	0.1874	0.1737	0.3860
0.2897	0.1346	0.1273	0.4483
>G2like_tnt_At1g13300_col_a_m1_cluster_71
0.3862	0.1411	0.2805	0.1922
0.1736	0.0935	0.6099	0.1229
0.4507	0.1024	0.1890	0.2579
0.7212	0.0512	0.0764	0.1512
0.1938	0.1838	0.0562	0.5662
0.2423	0.4637	0.1087	0.1853
0.3153	0.1738	0.3027	0.2082
0.6533	0.0884	0.1046	0.1537
0.8869	0.0096	0.0401	0.0634
0.0032	0.0009	0.8108	0.1851
0.9994	0.0004	0.0000	0.0002
0.0051	0.0024	0.0000	0.9925
0.0459	0.0307	0.0096	0.9138
0.0011	0.9985	0.0002	0.0002
0.1003	0.4003	0.0928	0.4066
0.3388	0.1659	0.2150	0.2804
0.2944	0.2126	0.1005	0.3925
>GeBP_tnt_AT1G66420_col_a_m1_cluster_211
0.2969	0.3750	0.0000	0.3281
0.1563	0.2812	0.0938	0.4687
0.0782	0.3750	0.1406	0.4062
0.7350	0.0769	0.0598	0.1282
0.4086	0.0430	0.1237	0.4247
0.1237	0.4355	0.1129	0.3280
0.1936	0.5968	0.0860	0.1237
0.0054	0.0054	0.0376	0.9516
0.0753	0.0592	0.0054	0.8602
0.9623	0.0323	0.0000	0.0054
0.0269	0.0000	0.0054	0.9677
0.0000	0.9892	0.0000	0.0108
0.0215	0.7634	0.0000	0.2151
0.5215	0.0376	0.1237	0.3172
0.2796	0.1613	0.0914	0.4677
0.4839	0.0323	0.0215	0.4624
0.3871	0.1505	0.0376	0.4247
0.1989	0.3495	0.1129	0.3387
0.2258	0.2366	0.0968	0.4408
0.1774	0.2204	0.1237	0.4785
0.2473	0.1667	0.1720	0.4140
0.3934	0.1066	0.1967	0.3033
0.3043	0.1305	0.0435	0.5217
0.0725	0.5072	0.0580	0.3623
>HB_tnt_ATHB15_col_a_m1_cluster_70
0.4503	0.0741	0.2618	0.2138
0.6204	0.0589	0.1305	0.1902
0.4663	0.0665	0.0968	0.3704
0.3889	0.0909	0.2197	0.3005
0.3476	0.0884	0.5328	0.0311
0.0320	0.1456	0.0008	0.8215
0.8880	0.0143	0.0951	0.0025
1.0000	0.0000	0.0000	0.0000
0.0000	0.0000	0.0000	1.0000
0.0682	0.1162	0.7719	0.0438
1.0000	0.0000	0.0000	0.0000
0.0000	0.0000	0.0000	1.0000
0.0118	0.0000	0.3476	0.6406
0.8460	0.0042	0.1431	0.0067
0.1953	0.3880	0.1086	0.3081
>HB_tnt_ATHB21_col_a_m1_cluster_53
0.2953	0.1714	0.2948	0.2385
0.3287	0.2891	0.2010	0.1813
0.5269	0.1115	0.1267	0.2350
0.2087	0.3686	0.1203	0.3024
0.0202	0.8969	0.0070	0.0759
0.9895	0.0089	0.0000	0.0016
1.0000	0.0000	0.0000	0.0000
0.0000	0.0000	0.0000	1.0000
0.5079	0.1975	0.0427	0.2519
0.9994	0.0003	0.0003	0.0000
0.0117	0.0000	0.0010	0.9873
0.0972	0.0108	0.1003	0.7918
0.1629	0.0800	0.5808	0.1762
0.4575	0.1209	0.2264	0.1952
0.2770	0.2703	0.2280	0.2247
>HB_tnt_ATHB21_colamp_a_m1_cluster_121
0.3842	0.1492	0.2008	0.2658
0.3283	0.3125	0.1617	0.1975
0.6808	0.0517	0.1042	0.1633
0.1917	0.5325	0.0808	0.1950
0.0250	0.9050	0.0000	0.0700
0.9992	0.0008	0.0000	0.0000
1.0000	0.0000	0.0000	0.0000
0.0000	0.0000	0.0000	1.0000
0.5583	0.0383	0.0283	0.3750
0.9992	0.0008	0.0000	0.0000
0.0000	0.0008	0.0000	0.9992
0.1067	0.0075	0.0600	0.8258
0.1900	0.0242	0.5808	0.2050
0.3775	0.1192	0.2650	0.2383
0.3592	0.1900	0.1775	0.2733
0.2825	0.2417	0.2025	0.2733
0.3242	0.2708	0.1242	0.2808
0.3433	0.1942	0.0967	0.3658
0.3550	0.1217	0.1050	0.4183
0.4333	0.0942	0.0767	0.3958
0.3683	0.1417	0.0850	0.4050
>HB_tnt_ATHB5_col_a_m1_cluster_15
0.4934	0.0884	0.1173	0.3009
0.2053	0.2994	0.1808	0.3146
0.0779	0.6048	0.0178	0.2994
0.9711	0.0120	0.0071	0.0098
0.9876	0.0073	0.0005	0.0046
0.0027	0.0015	0.0010	0.9948
0.4468	0.4551	0.0276	0.0706
0.9905	0.0012	0.0044	0.0039
0.0583	0.0089	0.0130	0.9198
0.0986	0.0377	0.1152	0.7485
0.2787	0.1149	0.4322	0.1742
0.4682	0.1170	0.1839	0.2309
0.3755	0.0981	0.2649	0.2615
0.2732	0.1874	0.2294	0.3100
>Homeobox_tnt_HDG1_col100_a_m1_cluster_46
0.3125	0.0871	0.4328	0.1676
0.1040	0.4016	0.0396	0.4547
0.8007	0.1317	0.0231	0.0445
0.5735	0.0110	0.0247	0.3908
0.0170	0.0070	0.0046	0.9714
0.2486	0.0196	0.0112	0.7205
0.9720	0.0097	0.0145	0.0037
0.9449	0.0139	0.0084	0.0328
0.0359	0.0106	0.0044	0.9491
0.0718	0.0119	0.8509	0.0654
0.2433	0.5061	0.0363	0.2143
0.2200	0.2600	0.3000	0.2200
>Homeobox_tnt_WUS1_col_a_m1_cluster_103
0.2012	0.1087	0.0631	0.6270
0.0925	0.7416	0.0411	0.1248
0.8781	0.0367	0.0088	0.0764
0.4699	0.0147	0.1087	0.4068
0.0176	0.0235	0.0191	0.9398
0.0000	0.9780	0.0103	0.0118
0.9809	0.0029	0.0000	0.0162
0.3686	0.0059	0.0543	0.5712
0.0778	0.0059	0.0029	0.9134
0.0015	0.8987	0.0059	0.0940
0.8796	0.0294	0.0088	0.0822
>LOBAS2_tnt_LBD13_col_a_m1_cluster_151
0.0847	0.7417	0.0263	0.1473
0.0957	0.0263	0.7824	0.0957
0.0127	0.3844	0.6029	0.0000
0.0406	0.9560	0.0000	0.0034
0.0398	0.0000	0.9475	0.0127
0.1981	0.1423	0.5080	0.1516
0.5182	0.1499	0.1727	0.1592
0.4259	0.0203	0.3006	0.2532
0.4149	0.0525	0.2049	0.3277
0.3251	0.1541	0.0347	0.4860
0.1914	0.1363	0.2506	0.4217
0.2676	0.1693	0.4615	0.1016
0.0627	0.8654	0.0008	0.0711
0.0025	0.0000	0.9949	0.0025
0.0025	0.0686	0.9221	0.0068
0.2436	0.5249	0.0343	0.1973
0.1578	0.0343	0.7478	0.0600
>LOBAS2_tnt_LBD18_colamp_a_m1_cluster_128
0.0600	0.6733	0.2617	0.0050
0.0242	0.9749	0.0008	0.0000
0.1805	0.0543	0.5681	0.1972
0.0936	0.1662	0.5589	0.1813
0.4469	0.0944	0.2272	0.2314
0.2464	0.0008	0.0451	0.7076
0.0643	0.0568	0.0142	0.8647
0.0877	0.1520	0.0058	0.7544
0.0777	0.1746	0.0535	0.6942
0.2105	0.5514	0.1671	0.0710
0.1546	0.6199	0.0936	0.1320
0.0000	0.0000	0.9866	0.0134
0.0075	0.2715	0.7026	0.0184
0.3576	0.3734	0.1119	0.1571
0.3467	0.0735	0.4378	0.1420
0.3968	0.1621	0.2757	0.1654
>LOBAS2_tnt_LBD19_col_a_m1_cluster_94
0.0486	0.6922	0.2225	0.0367
0.0332	0.9591	0.0077	0.0000
0.0810	0.1040	0.6522	0.1628
0.0844	0.1049	0.6488	0.1620
0.7289	0.0094	0.1893	0.0725
0.7698	0.0000	0.1543	0.0759
0.8559	0.0145	0.0733	0.0563
0.6573	0.0477	0.0171	0.2779
0.1603	0.2199	0.1023	0.5175
0.1927	0.6044	0.1347	0.0682
0.1483	0.6496	0.0409	0.1611
0.0017	0.0051	0.9744	0.0188
0.0119	0.2319	0.7136	0.0426
0.4646	0.2634	0.1194	0.1526
0.3367	0.0512	0.4416	0.1705
>LOBAS2_tnt_LBD23_col_a_m1_cluster_93
0.3519	0.1397	0.3039	0.2045
0.1027	0.0572	0.8308	0.0093
0.0202	0.9781	0.0017	0.0000
0.0758	0.0160	0.8148	0.0934
0.1776	0.2668	0.2559	0.2997
0.4318	0.1582	0.2155	0.1944
0.2710	0.1035	0.0934	0.5320
0.0269	0.2517	0.0337	0.6877
0.1364	0.1801	0.0716	0.6120
0.1372	0.2475	0.1086	0.5067
0.3485	0.2618	0.1431	0.2466
0.1103	0.8131	0.0118	0.0648
0.0000	0.0000	0.9663	0.0337
0.0025	0.9024	0.0354	0.0598
0.1481	0.3173	0.1271	0.4074
