####
#
# This file contains motifs from three sources
# JASPAR vertebrate (Bryne et al., 2008)
# UniPROBE (Newburger and Bulyk, 2009)
# high-trhoughput SELEX (Jolma et al., 2013)
#
###
>MA0003.1_TFAP2A
5.4052885343e-06	5.4052885343e-06	0.999983784134	5.4052885343e-06
5.4052885343e-06	0.999983784134	5.4052885343e-06	5.4052885343e-06
5.4052885343e-06	0.999983784134	5.4052885343e-06	5.4052885343e-06
0.118921753043	0.383780891224	0.248648677866	0.248648677866
0.10270588744	0.308106851744	0.329728005881	0.259459254935
0.297296274675	0.237838100798	0.362159737087	0.10270588744
0.286485697607	0.162164061318	0.49188666191	0.0594635791659
0.10270588744	0.0864900218374	0.740529934488	0.0702741562345
0.0486530020973	0.421617910964	0.427023199498	0.10270588744
>MA0004.1_Arnt
0.200009998	0.799890021996	4.99900019996e-05	4.99900019996e-05
0.949860027994	4.99900019996e-05	0.0500399920016	4.99900019996e-05
4.99900019996e-05	0.999850029994	4.99900019996e-05	4.99900019996e-05
4.99900019996e-05	4.99900019996e-05	0.999850029994	4.99900019996e-05
4.99900019996e-05	4.99900019996e-05	4.99900019996e-05	0.999850029994
4.99900019996e-05	4.99900019996e-05	0.999850029994	4.99900019996e-05
>MA0006.1_Arnt::Ahr
0.125020829862	0.333319446759	0.0833611064823	0.458298616897
4.16597233794e-05	4.16597233794e-05	0.95821529745	0.0417013831028
4.16597233794e-05	0.95821529745	4.16597233794e-05	0.0417013831028
4.16597233794e-05	4.16597233794e-05	0.95821529745	0.0417013831028
4.16597233794e-05	4.16597233794e-05	4.16597233794e-05	0.99987502083
4.16597233794e-05	4.16597233794e-05	0.99987502083	4.16597233794e-05
>MA0007.1_Ar
0.374979170138	0.291659723379	0.0833611064823	0.25
0.374979170138	0.0833611064823	0.125020829862	0.416638893518
0.458298616897	0.125020829862	0.125020829862	0.291659723379
0.666597233794	0.0417013831028	0.291659723379	4.16597233794e-05
4.16597233794e-05	4.16597233794e-05	0.916555574071	0.0833611064823
0.499958340277	0.25	0.0417013831028	0.208340276621
0.874895850692	0.0833611064823	4.16597233794e-05	0.0417013831028
4.16597233794e-05	0.99987502083	4.16597233794e-05	4.16597233794e-05
0.624937510415	4.16597233794e-05	0.333319446759	0.0417013831028
0.166680553241	0.374979170138	0.0833611064823	0.374979170138
0.208340276621	0.458298616897	0.0833611064823	0.25
0.25	0.374979170138	0.374979170138	4.16597233794e-05
0.125020829862	0.208340276621	0.0417013831028	0.624937510415
4.16597233794e-05	4.16597233794e-05	0.99987502083	4.16597233794e-05
0.166680553241	4.16597233794e-05	4.16597233794e-05	0.833236127312
0.458298616897	0.208340276621	0.0417013831028	0.291659723379
0.0417013831028	0.916555574071	0.0417013831028	4.16597233794e-05
0.125020829862	0.666597233794	0.0417013831028	0.166680553241
0.25	0.291659723379	0.208340276621	0.25
0.25	0.208340276621	0.374979170138	0.166680553241
0.416638893518	0.458298616897	4.16597233794e-05	0.125020829862
0.208340276621	0.458298616897	0.25	0.0833611064823
>MA0009.1_T
0.0500199980002	0.6999550045	0.2000049995	0.0500199980002
0.0250224977502	0.0250224977502	2.499750025e-05	0.949930006999
0.999925007499	2.499750025e-05	2.499750025e-05	2.499750025e-05
2.499750025e-05	2.499750025e-05	0.999925007499	2.499750025e-05
2.499750025e-05	2.499750025e-05	0.999925007499	2.499750025e-05
2.499750025e-05	2.499750025e-05	2.499750025e-05	0.999925007499
2.499750025e-05	2.499750025e-05	0.999925007499	2.499750025e-05
2.499750025e-05	0.0500199980002	2.499750025e-05	0.949930006999
0.0250224977502	0.17500749925	0.6999550045	0.1000149985
0.999925007499	2.499750025e-05	2.499750025e-05	2.499750025e-05
0.774947505249	0.12501249875	2.499750025e-05	0.1000149985
>MA0014.1_Pax5
0.333305564812	0.0833888703765	0.333305564812	0.25
0.333305564812	8.33055648117e-05	0.666527824059	8.33055648117e-05
0.333305564812	0.25	0.25	0.166694435188
0.0833888703765	0.166694435188	0.416611129623	0.333305564812
0.166694435188	0.583222259247	0.0833888703765	0.166694435188
0.583222259247	0.166694435188	0.0833888703765	0.166694435188
0.166694435188	0.416611129623	0.25	0.166694435188
8.33055648117e-05	0.25	0.166694435188	0.583222259247
0.0833888703765	0.166694435188	0.666527824059	0.0833888703765
0.499916694435	0.0833888703765	0.25	0.166694435188
0.499916694435	8.33055648117e-05	0.166694435188	0.333305564812
8.33055648117e-05	8.33055648117e-05	0.999750083306	8.33055648117e-05
0.166694435188	0.666527824059	0.0833888703765	0.0833888703765
0.25	8.33055648117e-05	0.74983338887	8.33055648117e-05
0.0833888703765	8.33055648117e-05	0.333305564812	0.583222259247
0.499916694435	0.0833888703765	0.416611129623	8.33055648117e-05
0.416611129623	0.0833888703765	0.416611129623	0.0833888703765
0.166694435188	0.833138953682	8.33055648117e-05	8.33055648117e-05
0.166694435188	0.416611129623	0.416611129623	8.33055648117e-05
0.416611129623	8.33055648117e-05	0.499916694435	0.0833888703765
>MA0017.1_NR2F1
7.68994155644e-05	7.68994155644e-05	0.153875730544	0.845970470624
0.07697631498	7.68994155644e-05	0.922869886189	7.68994155644e-05
0.922869886189	7.68994155644e-05	0.07697631498	7.68994155644e-05
0.461473392802	0.538372808367	7.68994155644e-05	7.68994155644e-05
7.68994155644e-05	0.999769301753	7.68994155644e-05	7.68994155644e-05
7.68994155644e-05	0.230775146109	7.68994155644e-05	0.76907105506
7.68994155644e-05	0.153875730544	7.68994155644e-05	0.845970470624
0.07697631498	7.68994155644e-05	7.68994155644e-05	0.922869886189
0.153875730544	7.68994155644e-05	0.845970470624	7.68994155644e-05
0.461473392802	0.307674561673	0.230775146109	7.68994155644e-05
0.461473392802	0.384573977238	0.07697631498	0.07697631498
0.07697631498	0.76907105506	0.07697631498	0.07697631498
0.230775146109	0.461473392802	7.68994155644e-05	0.307674561673
7.68994155644e-05	0.230775146109	0.230775146109	0.538372808367
>MA0019.1_Ddit3::Cebpa
0.358963183263	0.17949441083	0.307686391139	0.153856014768
0.282047995077	0.17949441083	0.358963183263	0.17949441083
0.461516767511	0.0769408265819	0.384601579325	0.0769408265819
2.56383960619e-05	0.025664034458	2.56383960619e-05	0.97428468875
2.56383960619e-05	2.56383960619e-05	0.97428468875	0.025664034458
0.102579222644	0.84609270844	2.56383960619e-05	0.0513024305199
0.97428468875	0.025664034458	2.56383960619e-05	2.56383960619e-05
0.923007896626	0.0513024305199	0.025664034458	2.56383960619e-05
2.56383960619e-05	0.153856014768	2.56383960619e-05	0.84609270844
0.358963183263	0.435878371449	0.128217618706	0.0769408265819
0.102579222644	0.589708747821	0.230771202954	0.0769408265819
2.56383960619e-05	0.666623936007	0.153856014768	0.17949441083
>MA0024.1_E2F1
9.99600159936e-05	9.99600159936e-05	9.99600159936e-05	0.999700119952
9.99600159936e-05	9.99600159936e-05	9.99600159936e-05	0.999700119952
9.99600159936e-05	9.99600159936e-05	9.99600159936e-05	0.999700119952
9.99600159936e-05	0.39994002399	0.599860055978	9.99600159936e-05
9.99600159936e-05	0.200019992003	0.799780087965	9.99600159936e-05
9.99600159936e-05	0.999700119952	9.99600159936e-05	9.99600159936e-05
9.99600159936e-05	9.99600159936e-05	0.999700119952	9.99600159936e-05
9.99600159936e-05	0.899740103958	0.10005997601	9.99600159936e-05
>MA0025.1_NFIL3
0.0435141714484	4.34707007477e-05	4.34707007477e-05	0.95639888715
4.34707007477e-05	4.34707007477e-05	0.0869848721961	0.912928186402
0.95639888715	4.34707007477e-05	4.34707007477e-05	0.0435141714484
4.34707007477e-05	0.347809076682	4.34707007477e-05	0.652103981916
0.0869848721961	4.34707007477e-05	0.912928186402	4.34707007477e-05
4.34707007477e-05	4.34707007477e-05	4.34707007477e-05	0.999869587898
0.999869587898	4.34707007477e-05	4.34707007477e-05	4.34707007477e-05
0.95639888715	4.34707007477e-05	0.0435141714484	4.34707007477e-05
4.34707007477e-05	0.478221178925	0.173926273692	0.347809076682
0.304338375935	0.217396974439	0.304338375935	0.173926273692
0.217396974439	0.217396974439	0.130455572944	0.434750478178
>MA0027.1_En1
0.39994002399	0.10005997601	0.200019992003	0.299980007997
0.499900039984	0.200019992003	0.200019992003	0.10005997601
0.299980007997	9.99600159936e-05	0.699820071971	9.99600159936e-05
9.99600159936e-05	9.99600159936e-05	0.200019992003	0.799780087965
0.39994002399	9.99600159936e-05	0.299980007997	0.299980007997
0.299980007997	9.99600159936e-05	0.699820071971	9.99600159936e-05
0.299980007997	9.99600159936e-05	9.99600159936e-05	0.699820071971
0.200019992003	0.10005997601	0.39994002399	0.299980007997
0.10005997601	0.299980007997	0.299980007997	0.299980007997
0.10005997601	0.39994002399	0.10005997601	0.39994002399
0.10005997601	0.599860055978	0.10005997601	0.200019992003
>MA0028.1_ELK1
0.25	0.25	0.357127553207	0.142872446793
0.357127553207	0.214290815598	0.214290815598	0.214290815598
0.321418368804	0.142872446793	0.357127553207	0.178581631196
0.178581631196	0.678510212827	0.0357448935866	0.107163262391
0.0714540779889	0.857056134838	0.0357448935866	0.0357448935866
3.57091844022e-05	3.57091844022e-05	0.857056134838	0.142872446793
0.0357448935866	3.57091844022e-05	0.964183688045	3.57091844022e-05
0.964183688045	3.57091844022e-05	0.0357448935866	3.57091844022e-05
0.749928581631	0.178581631196	3.57091844022e-05	0.0714540779889
0.464255106413	3.57091844022e-05	0.499964290816	0.0357448935866
>MA0029.1_Evi1
0.51847874389	0.0741001333136	0.222226336839	0.185194785958
0.740668049178	0.0370685824322	0.0741001333136	0.148163235076
3.70315508814e-05	0.0370685824322	0.925825803585	0.0370685824322
0.999888905347	3.70315508814e-05	3.70315508814e-05	3.70315508814e-05
0.0370685824322	0.370352540364	3.70315508814e-05	0.592541845652
0.999888905347	3.70315508814e-05	3.70315508814e-05	3.70315508814e-05
0.962857354466	3.70315508814e-05	0.0370685824322	3.70315508814e-05
3.70315508814e-05	3.70315508814e-05	0.999888905347	3.70315508814e-05
0.999888905347	3.70315508814e-05	3.70315508814e-05	3.70315508814e-05
3.70315508814e-05	0.111131684195	3.70315508814e-05	0.888794252703
0.888794252703	0.0370685824322	3.70315508814e-05	0.0741001333136
0.851762701822	3.70315508814e-05	0.148163235076	3.70315508814e-05
0.222226336839	0.25925788772	0.25925788772	0.25925788772
0.555510294771	0.222226336839	0.111131684195	0.111131684195
>MA0030.1_FOXF2
0.0370685824322	0.370352540364	0.25925788772	0.333320989483
0.370352540364	0.25925788772	0.185194785958	0.185194785958
0.629573396534	0.148163235076	0.0741001333136	0.148163235076
0.464255106413	0.178581631196	0.178581631196	0.178581631196
0.136384293765	0.499954553718	0.363615706235	4.54462824941e-05
0.25925788772	3.70315508814e-05	0.740668049178	3.70315508814e-05
3.70315508814e-05	3.70315508814e-05	3.70315508814e-05	0.999888905347
0.999888905347	3.70315508814e-05	3.70315508814e-05	3.70315508814e-05
0.999888905347	3.70315508814e-05	3.70315508814e-05	3.70315508814e-05
0.999888905347	3.70315508814e-05	3.70315508814e-05	3.70315508814e-05
3.70315508814e-05	0.925825803585	3.70315508814e-05	0.0741001333136
0.999888905347	3.70315508814e-05	3.70315508814e-05	3.70315508814e-05
0.592541845652	0.148163235076	0.0741001333136	0.185194785958
0.25925788772	0.148163235076	0.222226336839	0.370352540364
>MA0031.1_FOXD1
0.0500399920016	0.0500399920016	0.849880023995	0.0500399920016
4.99900019996e-05	4.99900019996e-05	4.99900019996e-05	0.999850029994
0.949860027994	0.0500399920016	4.99900019996e-05	4.99900019996e-05
0.999850029994	4.99900019996e-05	4.99900019996e-05	4.99900019996e-05
0.899870025995	0.0500399920016	0.0500399920016	4.99900019996e-05
0.0500399920016	0.899870025995	4.99900019996e-05	0.0500399920016
0.999850029994	4.99900019996e-05	4.99900019996e-05	4.99900019996e-05
0.349980003999	0.100029994001	0.150019996001	0.399970005999
>MA0032.1_FOXC1
0.25	0.25	0.312484378905	0.187515621095
0.125031242189	0.312484378905	0.374968757811	0.187515621095
0.25	0.25	0.187515621095	0.312484378905
0.374968757811	0.25	0.312484378905	0.0625468632842
0.437453136716	0.187515621095	0.125031242189	0.25
6.24843789053e-05	6.24843789053e-05	0.999812546863	6.24843789053e-05
6.24843789053e-05	6.24843789053e-05	6.24843789053e-05	0.999812546863
0.999812546863	6.24843789053e-05	6.24843789053e-05	6.24843789053e-05
>MA0033.1_FOXL1
0.304338375935	0.0435141714484	0.173926273692	0.478221178925
0.434750478178	0.173926273692	0.0869848721961	0.304338375935
0.260867675187	0.130455572944	0.260867675187	0.347809076682
0.565162580421	0.173926273692	0.173926273692	0.0869848721961
0.173926273692	0.434750478178	0.0869848721961	0.304338375935
0.912928186402	4.34707007477e-05	0.0869848721961	4.34707007477e-05
4.34707007477e-05	0.0869848721961	4.34707007477e-05	0.912928186402
0.95639888715	0.0435141714484	4.34707007477e-05	4.34707007477e-05
>MA0036.1_GATA2
0.24528337484	0.24528337484	0.339615878047	0.169817372274
1.88665006415e-05	0.0943513697079	0.905610897291	1.88665006415e-05
0.981076899857	1.88665006415e-05	0.0188853671421	1.88665006415e-05
1.88665006415e-05	1.88665006415e-05	1.88665006415e-05	0.999943400498
0.471681382537	0.132084370991	0.283016376123	0.113217870349
>MA0037.1_GATA3
0.39681607517	0.222223985779	0.063503904514	0.317456034537
1.58720081265e-05	0.0158878801346	0.984080375849	1.58720081265e-05
0.968208367723	1.58720081265e-05	0.0158878801346	0.0158878801346
1.58720081265e-05	1.58720081265e-05	0.0793759126405	0.920592343343
0.61902418894	0.0158878801346	0.063503904514	0.301584026411
0.238095993905	0.0476318963875	0.587280172687	0.12699193702
>MA0038.1_Gfi
0.169817372274	0.37734887933	0.169817372274	0.283016376123
0.528280884462	0.301882876764	0.132084370991	0.0377518677836
0.999943400498	1.88665006415e-05	1.88665006415e-05	1.88665006415e-05
0.999943400498	1.88665006415e-05	1.88665006415e-05	1.88665006415e-05
0.0188853671421	1.88665006415e-05	0.0188853671421	0.962210399215
0.0188853671421	0.981076899857	1.88665006415e-05	1.88665006415e-05
0.584880386386	0.132084370991	0.0377518677836	0.24528337484
0.150950871632	0.528280884462	0.207550373557	0.113217870349
0.358482378688	0.207550373557	0.0377518677836	0.396215379971
0.132084370991	0.24528337484	0.528280884462	0.0943513697079
>MA0040.1_Foxq1
0.22222839369	0.22222839369	0.166685181071	0.388858031549
0.722117307265	0.055598755832	0.166685181071	0.055598755832
0.27777160631	0.111141968451	5.55432126194e-05	0.611030882026
0.166685181071	5.55432126194e-05	5.55432126194e-05	0.833203732504
5.55432126194e-05	5.55432126194e-05	0.999833370362	5.55432126194e-05
5.55432126194e-05	5.55432126194e-05	5.55432126194e-05	0.999833370362
5.55432126194e-05	5.55432126194e-05	5.55432126194e-05	0.999833370362
5.55432126194e-05	5.55432126194e-05	5.55432126194e-05	0.999833370362
0.944290157743	5.55432126194e-05	0.055598755832	5.55432126194e-05
5.55432126194e-05	0.055598755832	0.22222839369	0.722117307265
0.333314818929	5.55432126194e-05	0.166685181071	0.499944456787
>MA0041.1_Foxd3
0.234043911156	0.0638456301591	0.553165688027	0.148944770658
0.638264828525	0.0425708450345	2.12747851247e-05	0.319143051655
0.510616117777	0.0212960599098	2.12747851247e-05	0.468066547528
0.0212960599098	0.0851204152838	2.12747851247e-05	0.893562250021
0.255318696281	2.12747851247e-05	0.723363969024	0.0212960599098
2.12747851247e-05	2.12747851247e-05	2.12747851247e-05	0.999936175645
0.0212960599098	2.12747851247e-05	2.12747851247e-05	0.97866139052
0.106395200408	2.12747851247e-05	0.212769126032	0.680814398775
0.297868266531	2.12747851247e-05	0.446791762403	0.255318696281
0.127669985533	0.148944770658	2.12747851247e-05	0.723363969024
0.0212960599098	0.0425708450345	0.0851204152838	0.851012679772
2.12747851247e-05	0.255318696281	2.12747851247e-05	0.744638754149
>MA0042.1_FOXI1
0.193555670236	0.032286156625	0.451586892014	0.322571281125
0.129047864792	0.258063475681	0.387079086569	0.225809572958
0.354825183847	0.129047864792	0.258063475681	0.258063475681
3.22539027222e-05	3.22539027222e-05	3.22539027222e-05	0.999903238292
0.419332989292	3.22539027222e-05	0.580602502903	3.22539027222e-05
3.22539027222e-05	3.22539027222e-05	3.22539027222e-05	0.999903238292
3.22539027222e-05	3.22539027222e-05	3.22539027222e-05	0.999903238292
3.22539027222e-05	3.22539027222e-05	3.22539027222e-05	0.999903238292
0.483840794736	3.22539027222e-05	0.516094697458	3.22539027222e-05
3.22539027222e-05	3.22539027222e-05	0.225809572958	0.774125919236
0.258063475681	0.032286156625	0.129047864792	0.580602502903
0.0645400593472	0.032286156625	0.129047864792	0.774125919236
>MA0043.1_HLF
0.055598755832	0.22222839369	0.444401244168	0.27777160631
0.333314818929	5.55432126194e-05	0.666574094646	5.55432126194e-05
0.055598755832	5.55432126194e-05	5.55432126194e-05	0.944290157743
5.55432126194e-05	5.55432126194e-05	0.166685181071	0.833203732504
0.722117307265	0.055598755832	0.111141968451	0.111141968451
5.55432126194e-05	0.833203732504	0.055598755832	0.111141968451
0.333314818929	5.55432126194e-05	0.666574094646	5.55432126194e-05
5.55432126194e-05	0.499944456787	5.55432126194e-05	0.499944456787
0.722117307265	0.22222839369	0.055598755832	5.55432126194e-05
0.833203732504	5.55432126194e-05	0.055598755832	0.111141968451
0.111141968451	0.166685181071	0.055598755832	0.666574094646
0.27777160631	0.27777160631	0.166685181071	0.27777160631
>MA0046.1_HNF1A
0.238097505237	4.76099790516e-05	0.666587316702	0.0952675680823
0.0476575890307	4.76099790516e-05	0.952247191011	4.76099790516e-05
0.0476575890307	4.76099790516e-05	4.76099790516e-05	0.952247191011
0.0476575890307	4.76099790516e-05	4.76099790516e-05	0.952247191011
0.952247191011	4.76099790516e-05	4.76099790516e-05	0.0476575890307
0.761807274805	0.0952675680823	0.0476575890307	0.0952675680823
0.0476575890307	4.76099790516e-05	4.76099790516e-05	0.952247191011
0.380927442392	0.0952675680823	0.190487526185	0.33331746334
0.666587316702	4.76099790516e-05	0.0476575890307	0.285707484289
0.0952675680823	4.76099790516e-05	4.76099790516e-05	0.90463721196
4.76099790516e-05	0.190487526185	4.76099790516e-05	0.809417253856
0.61897733765	0.0476575890307	0.142877547134	0.190487526185
0.380927442392	0.380927442392	0.142877547134	0.0952675680823
0.238097505237	0.61897733765	4.76099790516e-05	0.142877547134
>MA0048.1_NHLH1
0.240741426561	0.240741426561	0.314810014073	0.203707132805
0.240741426561	0.722187245389	0.0370528109029	1.8517146878e-05
0.0555699577809	0.0926042515369	0.685152951633	0.166672839049
0.0185356640249	0.981427301681	1.8517146878e-05	1.8517146878e-05
0.999944448559	1.8517146878e-05	1.8517146878e-05	1.8517146878e-05
0.0185356640249	0.0185356640249	0.962910154803	1.8517146878e-05
0.0185356640249	0.925875861047	0.0555699577809	1.8517146878e-05
0.0185356640249	0.0185356640249	1.8517146878e-05	0.962910154803
1.8517146878e-05	1.8517146878e-05	0.981427301681	0.0185356640249
0.0555699577809	0.685152951633	0.148155692171	0.111121398415
0.0370528109029	1.8517146878e-05	0.685152951633	0.277775720317
0.0926042515369	0.314810014073	0.222224279683	0.370361454707
>MA0050.1_IRF1
0.299990002	0.200009998	0.499950009998	4.99900019996e-05
0.949860027994	4.99900019996e-05	0.0500399920016	4.99900019996e-05
0.949860027994	4.99900019996e-05	4.99900019996e-05	0.0500399920016
0.999850029994	4.99900019996e-05	4.99900019996e-05	4.99900019996e-05
0.25	0.150019996001	0.549940011998	0.0500399920016
4.99900019996e-05	0.499950009998	4.99900019996e-05	0.499950009998
0.0500399920016	0.0500399920016	0.899870025995	4.99900019996e-05
0.999850029994	4.99900019996e-05	4.99900019996e-05	4.99900019996e-05
0.949860027994	0.0500399920016	4.99900019996e-05	4.99900019996e-05
0.999850029994	4.99900019996e-05	4.99900019996e-05	4.99900019996e-05
0.0500399920016	0.649920015997	0.299990002	4.99900019996e-05
0.0500399920016	0.649920015997	0.0500399920016	0.25
>MA0051.1_IRF2
8.33055648117e-05	0.333305564812	0.583222259247	0.0833888703765
0.166694435188	8.33055648117e-05	0.833138953682	8.33055648117e-05
0.999750083306	8.33055648117e-05	8.33055648117e-05	8.33055648117e-05
0.916444518494	8.33055648117e-05	8.33055648117e-05	0.0833888703765
0.999750083306	8.33055648117e-05	8.33055648117e-05	8.33055648117e-05
0.166694435188	8.33055648117e-05	0.833138953682	8.33055648117e-05
8.33055648117e-05	0.499916694435	8.33055648117e-05	0.499916694435
8.33055648117e-05	8.33055648117e-05	0.999750083306	8.33055648117e-05
0.999750083306	8.33055648117e-05	8.33055648117e-05	8.33055648117e-05
0.999750083306	8.33055648117e-05	8.33055648117e-05	8.33055648117e-05
0.999750083306	8.33055648117e-05	8.33055648117e-05	8.33055648117e-05
8.33055648117e-05	0.499916694435	0.499916694435	8.33055648117e-05
8.33055648117e-05	0.583222259247	0.166694435188	0.25
0.416611129623	0.166694435188	0.25	0.166694435188
0.499916694435	8.33055648117e-05	0.166694435188	0.333305564812
0.499916694435	0.0833888703765	0.0833888703765	0.333305564812
0.416611129623	0.166694435188	0.0833888703765	0.333305564812
0.25	0.499916694435	0.0833888703765	0.166694435188
>MA0052.1_MEF2A
0.017257430522	0.862026756775	1.72401903317e-05	0.120698572512
1.72401903317e-05	1.72401903317e-05	1.72401903317e-05	0.999948279429
0.982708089097	0.017257430522	1.72401903317e-05	1.72401903317e-05
0.0344976208537	0.017257430522	1.72401903317e-05	0.948227708434
0.155178953176	1.72401903317e-05	1.72401903317e-05	0.844786566444
0.103458382181	1.72401903317e-05	1.72401903317e-05	0.896507137439
0.637904282463	1.72401903317e-05	1.72401903317e-05	0.362061237156
0.0344976208537	1.72401903317e-05	1.72401903317e-05	0.965467898766
0.965467898766	1.72401903317e-05	0.0344976208537	1.72401903317e-05
0.103458382181	1.72401903317e-05	0.862026756775	0.0344976208537
>MA0055.1_Myf
0.437453136716	0.499937515621	0.0625468632842	6.24843789053e-05
0.562421894526	6.24843789053e-05	0.437453136716	6.24843789053e-05
0.25	0.125031242189	0.624906273432	6.24843789053e-05
6.24843789053e-05	0.937328167958	0.0625468632842	6.24843789053e-05
0.999812546863	6.24843789053e-05	6.24843789053e-05	6.24843789053e-05
0.437453136716	6.24843789053e-05	0.562421894526	6.24843789053e-05
6.24843789053e-05	0.937328167958	0.0625468632842	6.24843789053e-05
0.374968757811	6.24843789053e-05	6.24843789053e-05	0.624906273432
6.24843789053e-05	6.24843789053e-05	0.999812546863	6.24843789053e-05
6.24843789053e-05	0.624906273432	0.374968757811	6.24843789053e-05
0.374968757811	6.24843789053e-05	6.24843789053e-05	0.624906273432
6.24843789053e-05	6.24843789053e-05	0.999812546863	6.24843789053e-05
>MA0056.1_MZF1_1-4
0.150019996001	0.25	0.200009998	0.399970005999
4.99900019996e-05	4.99900019996e-05	0.949860027994	0.0500399920016
0.100029994001	4.99900019996e-05	0.899870025995	4.99900019996e-05
4.99900019996e-05	4.99900019996e-05	0.949860027994	0.0500399920016
4.99900019996e-05	4.99900019996e-05	0.999850029994	4.99900019996e-05
0.899870025995	4.99900019996e-05	0.100029994001	4.99900019996e-05
>MA0057.1_MZF1_5-13
0.0625468632842	0.25	0.437453136716	0.25
0.125031242189	6.24843789053e-05	0.437453136716	0.437453136716
0.937328167958	0.0625468632842	6.24843789053e-05	6.24843789053e-05
6.24843789053e-05	6.24843789053e-05	0.687390652337	0.312484378905
6.24843789053e-05	6.24843789053e-05	0.937328167958	0.0625468632842
6.24843789053e-05	0.125031242189	0.874843789053	6.24843789053e-05
6.24843789053e-05	6.24843789053e-05	0.874843789053	0.125031242189
0.187515621095	0.0625468632842	0.499937515621	0.25
0.624906273432	6.24843789053e-05	0.25	0.125031242189
0.499937515621	0.125031242189	0.25	0.125031242189
>MA0058.1_MAX
0.352916960715	0.0588685015291	0.352916960715	0.235297577041
0.646965419901	0.0588685015291	0.294107268878	5.88096918372e-05
0.294107268878	0.411726652552	0.0588685015291	0.235297577041
5.88096918372e-05	0.999823570924	5.88096918372e-05	5.88096918372e-05
0.941013879087	0.0588685015291	5.88096918372e-05	5.88096918372e-05
5.88096918372e-05	0.999823570924	5.88096918372e-05	5.88096918372e-05
0.0588685015291	5.88096918372e-05	0.941013879087	5.88096918372e-05
5.88096918372e-05	5.88096918372e-05	5.88096918372e-05	0.999823570924
5.88096918372e-05	5.88096918372e-05	0.999823570924	5.88096918372e-05
0.352916960715	0.176487885203	0.294107268878	0.176487885203
>MA0059.1_MYC::MAX
0.33331746334	0.0476575890307	0.428537421444	0.190487526185
0.714197295753	0.0476575890307	0.190487526185	0.0476575890307
0.0952675680823	0.428537421444	0.428537421444	0.0476575890307
0.0476575890307	0.952247191011	4.76099790516e-05	4.76099790516e-05
0.999857170063	4.76099790516e-05	4.76099790516e-05	4.76099790516e-05
4.76099790516e-05	0.952247191011	4.76099790516e-05	0.0476575890307
0.0476575890307	4.76099790516e-05	0.952247191011	4.76099790516e-05
4.76099790516e-05	0.0476575890307	4.76099790516e-05	0.952247191011
4.76099790516e-05	4.76099790516e-05	0.999857170063	4.76099790516e-05
0.0476575890307	0.0476575890307	0.857027232908	0.0476575890307
0.142877547134	0.238097505237	4.76099790516e-05	0.61897733765
>MA0060.1_NFYA
0.293101962001	0.318963139202	0.232759215199	0.155175683597
0.137934898797	0.284481569601	0.224138822799	0.353444708803
0.0603513671942	0.439648632806	0.215518430399	0.284481569601
0.499991379608	0.120694113996	0.353444708803	0.0258697975932
0.439648632806	0.0344901899934	0.482750594807	0.0431105823937
8.62039240026e-06	0.999974138823	8.62039240026e-06	8.62039240026e-06
0.0172494051929	0.974112961622	0.00862901279266	8.62039240026e-06
0.965492569222	8.62039240026e-06	0.00862901279266	0.0258697975932
0.999974138823	8.62039240026e-06	8.62039240026e-06	8.62039240026e-06
8.62039240026e-06	0.00862901279266	8.62039240026e-06	0.991353746423
0.120694113996	0.560334126409	0.284481569601	0.0344901899934
0.56895451881	0.051730974794	0.362065101203	0.0172494051929
0.112073721596	0.172416468398	0.629297265612	0.086212544395
0.336203924003	0.370685493604	0.189657253198	0.103453329196
0.310342746802	0.0775921519948	0.405167063205	0.206898037999
0.215518430399	0.301722354402	0.25	0.232759215199
>MA0061.1_NF-kappaB
2.63130196821e-05	2.63130196821e-05	0.999921060941	2.63130196821e-05
2.63130196821e-05	2.63130196821e-05	0.999921060941	2.63130196821e-05
0.0263393327018	2.63130196821e-05	0.973608041259	2.63130196821e-05
0.657851805073	2.63130196821e-05	0.342095568887	2.63130196821e-05
0.49997368698	0.342095568887	0.0263393327018	0.13159141143
0.184217450795	0.0263393327018	0.0789653720661	0.710477844437
0.0263393327018	0.052652352384	0.052652352384	0.86835596253
0.052652352384	0.447347647616	2.63130196821e-05	0.49997368698
0.052652352384	0.920982001895	2.63130196821e-05	0.0263393327018
2.63130196821e-05	0.947295021577	2.63130196821e-05	0.052652352384
>MA0063.1_Nkx2-5
0.411726652552	5.88096918372e-05	0.0588685015291	0.529346036227
5.88096918372e-05	0.235297577041	5.88096918372e-05	0.764584803576
0.999823570924	5.88096918372e-05	5.88096918372e-05	5.88096918372e-05
0.999823570924	5.88096918372e-05	5.88096918372e-05	5.88096918372e-05
5.88096918372e-05	5.88096918372e-05	0.411726652552	0.588155728064
0.235297577041	0.117678193366	5.88096918372e-05	0.646965419901
0.117678193366	0.0588685015291	0.646965419901	0.176487885203
>MA0066.1_PPARG
0.107163262391	0.285709184402	0.499964290816	0.107163262391
0.107163262391	3.57091844022e-05	3.57091844022e-05	0.89276531924
0.678510212827	3.57091844022e-05	0.321418368804	3.57091844022e-05
3.57091844022e-05	0.0357448935866	0.964183688045	3.57091844022e-05
0.0357448935866	3.57091844022e-05	0.928474503642	0.0357448935866
3.57091844022e-05	0.0357448935866	0.142872446793	0.821346950436
0.0714540779889	0.821346950436	0.107163262391	3.57091844022e-05
0.928474503642	0.0357448935866	3.57091844022e-05	0.0357448935866
0.178581631196	0.535673475218	0.142872446793	0.142872446793
0.178581631196	0.25	0.357127553207	0.214290815598
0.142872446793	0.0714540779889	0.642801028425	0.142872446793
0.0357448935866	3.57091844022e-05	0.0714540779889	0.89276531924
0.0714540779889	0.178581631196	0.714219397229	0.0357448935866
0.785637766033	0.178581631196	3.57091844022e-05	0.0357448935866
0.0357448935866	0.964183688045	3.57091844022e-05	3.57091844022e-05
3.57091844022e-05	0.89276531924	3.57091844022e-05	0.107163262391
0.107163262391	0.428545922011	3.57091844022e-05	0.464255106413
0.785637766033	0.178581631196	3.57091844022e-05	0.0357448935866
0.178581631196	0.428545922011	0.214290815598	0.178581631196
0.25	3.57091844022e-05	0.0357448935866	0.714219397229
>MA0067.1_Pax2
0.322571281125	0.225809572958	0.161301767514	0.290317378403
0.225809572958	0.032286156625	0.67736421107	0.0645400593472
0.0967939620694	0.0645400593472	3.22539027222e-05	0.838633724681
3.22539027222e-05	0.903141530125	0.032286156625	0.0645400593472
0.838633724681	0.032286156625	0.0967939620694	0.032286156625
0.0645400593472	0.548348600181	0.032286156625	0.354825183847
0.0645400593472	3.22539027222e-05	0.612856405625	0.322571281125
0.032286156625	0.354825183847	0.354825183847	0.258063475681
>MA0068.1_Pax4
0.33331746334	0.0952675680823	0.523757379547	0.0476575890307
0.952247191011	4.76099790516e-05	0.0476575890307	4.76099790516e-05
0.761807274805	0.0952675680823	0.0476575890307	0.0952675680823
0.523757379547	0.0476575890307	0.0476575890307	0.380927442392
0.61897733765	0.0476575890307	0.142877547134	0.190487526185
0.523757379547	0.142877547134	0.0476575890307	0.285707484289
0.285707484289	0.0476575890307	0.0952675680823	0.571367358598
0.428537421444	0.0476575890307	0.0476575890307	0.476147400495
0.238097505237	0.142877547134	0.285707484289	0.33331746334
0.238097505237	0.523757379547	0.0476575890307	0.190487526185
0.285707484289	0.523757379547	0.190487526185	4.76099790516e-05
0.33331746334	0.33331746334	0.238097505237	0.0952675680823
0.380927442392	0.33331746334	0.0952675680823	0.190487526185
0.285707484289	0.238097505237	0.0476575890307	0.428537421444
0.476147400495	0.238097505237	0.190487526185	0.0952675680823
0.190487526185	0.380927442392	0.190487526185	0.238097505237
0.142877547134	0.285707484289	0.190487526185	0.380927442392
0.33331746334	0.380927442392	0.142877547134	0.142877547134
0.190487526185	0.428537421444	0.142877547134	0.238097505237
0.428537421444	0.285707484289	0.0952675680823	0.190487526185
0.238097505237	0.33331746334	0.238097505237	0.190487526185
0.238097505237	0.285707484289	0.0952675680823	0.380927442392
0.33331746334	0.523757379547	4.76099790516e-05	0.142877547134
0.285707484289	0.428537421444	0.0476575890307	0.238097505237
0.142877547134	0.571367358598	0.0952675680823	0.190487526185
0.33331746334	0.428537421444	0.0952675680823	0.142877547134
0.142877547134	0.571367358598	0.0952675680823	0.190487526185
0.0476575890307	0.523757379547	0.142877547134	0.285707484289
0.285707484289	0.523757379547	0.0476575890307	0.142877547134
0.142877547134	0.61897733765	0.0952675680823	0.142877547134
>MA0069.1_Pax6
0.0465305552972	0.0930378569435	0.0930378569435	0.767393730816
0.0465305552972	0.0465305552972	2.32536508232e-05	0.906915635755
0.0930378569435	0.604618175053	0.023276904474	0.279067063529
0.906915635755	0.0465305552972	0.023276904474	0.023276904474
0.0697842061204	0.790647381639	0.023276904474	0.116291507767
0.023276904474	2.32536508232e-05	0.953422937401	0.023276904474
0.023276904474	0.860408334108	0.0930378569435	0.023276904474
0.488349920938	0.0465305552972	0.0465305552972	0.418588968468
0.023276904474	0.0930378569435	0.023276904474	0.860408334108
0.0465305552972	0.325574365175	0.58136452423	0.0465305552972
0.837154683285	2.32536508232e-05	0.13954515859	0.023276904474
0.255813412706	0.255813412706	0.302320714352	0.186052460236
0.023276904474	0.116291507767	0.0697842061204	0.790647381639
0.023276904474	2.32536508232e-05	0.395335317645	0.58136452423
>MA0070.1_PBX1
0.27777160631	0.333314818929	0.111141968451	0.27777160631
0.166685181071	0.499944456787	0.166685181071	0.166685181071
0.888746945123	0.055598755832	0.055598755832	5.55432126194e-05
0.055598755832	0.055598755832	5.55432126194e-05	0.888746945123
5.55432126194e-05	0.999833370362	5.55432126194e-05	5.55432126194e-05
0.944290157743	0.055598755832	5.55432126194e-05	5.55432126194e-05
0.944290157743	5.55432126194e-05	5.55432126194e-05	0.055598755832
5.55432126194e-05	5.55432126194e-05	0.055598755832	0.944290157743
5.55432126194e-05	0.999833370362	5.55432126194e-05	5.55432126194e-05
0.888746945123	0.055598755832	5.55432126194e-05	0.055598755832
0.666574094646	5.55432126194e-05	0.055598755832	0.27777160631
0.444401244168	0.111141968451	0.111141968451	0.333314818929
>MA0071.1_RORA_1
0.599944008959	0.0400335946249	0.0800271956487	0.279995200768
0.359982402816	0.0400335946249	3.99936010238e-05	0.599944008959
0.240001599744	0.479963205887	0.160014397696	0.120020796673
0.439969604863	0.0800271956487	0.20000799872	0.279995200768
0.839905615102	3.99936010238e-05	0.160014397696	3.99936010238e-05
3.99936010238e-05	3.99936010238e-05	0.999880019197	3.99936010238e-05
3.99936010238e-05	3.99936010238e-05	0.999880019197	3.99936010238e-05
3.99936010238e-05	3.99936010238e-05	3.99936010238e-05	0.999880019197
3.99936010238e-05	0.999880019197	3.99936010238e-05	3.99936010238e-05
0.999880019197	3.99936010238e-05	3.99936010238e-05	3.99936010238e-05
>MA0072.1_RORA_2
0.25	0.222225308299	0.222225308299	0.305549383402
0.472197533607	0.0555771580935	0.194450616598	0.277774691701
0.416648150206	2.77746917009e-05	0.0833518497945	0.499972225308
0.972141984224	0.0278024663926	2.77746917009e-05	2.77746917009e-05
0.638845683813	2.77746917009e-05	2.77746917009e-05	0.361098766804
0.0555771580935	0.333324075103	0.361098766804	0.25
2.77746917009e-05	2.77746917009e-05	2.77746917009e-05	0.999916675925
0.777719142318	2.77746917009e-05	0.222225308299	2.77746917009e-05
2.77746917009e-05	2.77746917009e-05	0.999916675925	2.77746917009e-05
2.77746917009e-05	2.77746917009e-05	0.999916675925	2.77746917009e-05
2.77746917009e-05	2.77746917009e-05	2.77746917009e-05	0.999916675925
2.77746917009e-05	0.999916675925	2.77746917009e-05	2.77746917009e-05
0.999916675925	2.77746917009e-05	2.77746917009e-05	2.77746917009e-05
0.416648150206	0.166675924897	0.277774691701	0.138901233196
>MA0073.1_RREB1
0.272719011269	0.727099236641	9.08760450745e-05	9.08760450745e-05
0.0909669211196	0.90885132679	9.08760450745e-05	9.08760450745e-05
0.272719011269	0.727099236641	9.08760450745e-05	9.08760450745e-05
9.08760450745e-05	0.999727371865	9.08760450745e-05	9.08760450745e-05
0.636223191567	0.363595056343	9.08760450745e-05	9.08760450745e-05
0.817975281716	0.181842966194	9.08760450745e-05	9.08760450745e-05
0.727099236641	0.272719011269	9.08760450745e-05	9.08760450745e-05
0.363595056343	0.545347146492	9.08760450745e-05	0.0909669211196
9.08760450745e-05	0.999727371865	9.08760450745e-05	9.08760450745e-05
0.999727371865	9.08760450745e-05	9.08760450745e-05	9.08760450745e-05
0.363595056343	0.636223191567	9.08760450745e-05	9.08760450745e-05
0.0909669211196	0.90885132679	9.08760450745e-05	9.08760450745e-05
0.272719011269	0.727099236641	9.08760450745e-05	9.08760450745e-05
0.363595056343	0.545347146492	0.0909669211196	9.08760450745e-05
0.181842966194	0.817975281716	9.08760450745e-05	9.08760450745e-05
0.363595056343	0.454471101418	9.08760450745e-05	0.181842966194
0.363595056343	0.454471101418	0.0909669211196	0.0909669211196
0.363595056343	0.545347146492	9.08760450745e-05	0.0909669211196
0.0909669211196	0.636223191567	0.272719011269	9.08760450745e-05
0.363595056343	0.363595056343	0.181842966194	0.0909669211196
>MA0074.1_RXRA::VDR
0.299980007997	9.99600159936e-05	0.699820071971	9.99600159936e-05
9.99600159936e-05	9.99600159936e-05	0.999700119952	9.99600159936e-05
9.99600159936e-05	9.99600159936e-05	0.899740103958	0.10005997601
9.99600159936e-05	9.99600159936e-05	9.99600159936e-05	0.999700119952
9.99600159936e-05	0.899740103958	9.99600159936e-05	0.10005997601
0.899740103958	9.99600159936e-05	0.10005997601	9.99600159936e-05
0.39994002399	0.200019992003	9.99600159936e-05	0.39994002399
0.200019992003	0.39994002399	0.200019992003	0.200019992003
0.200019992003	9.99600159936e-05	0.799780087965	9.99600159936e-05
0.499900039984	9.99600159936e-05	0.499900039984	9.99600159936e-05
9.99600159936e-05	9.99600159936e-05	0.999700119952	9.99600159936e-05
9.99600159936e-05	9.99600159936e-05	9.99600159936e-05	0.999700119952
0.10005997601	9.99600159936e-05	9.99600159936e-05	0.899740103958
9.99600159936e-05	0.899740103958	9.99600159936e-05	0.10005997601
0.699820071971	0.10005997601	0.200019992003	9.99600159936e-05
>MA0075.1_Prrx2
0.881313131313	0.0339129550539	0.0678089621043	0.0169649515287
0.999949155989	1.69480035252e-05	1.69480035252e-05	1.69480035252e-05
1.69480035252e-05	1.69480035252e-05	0.0169649515287	0.983001152464
1.69480035252e-05	1.69480035252e-05	1.69480035252e-05	0.999949155989
0.983001152464	1.69480035252e-05	0.0169649515287	1.69480035252e-05
>MA0076.1_ELK4
0.799890021996	0.0500399920016	0.100029994001	0.0500399920016
4.99900019996e-05	0.999850029994	4.99900019996e-05	4.99900019996e-05
4.99900019996e-05	0.999850029994	4.99900019996e-05	4.99900019996e-05
4.99900019996e-05	4.99900019996e-05	0.999850029994	4.99900019996e-05
4.99900019996e-05	4.99900019996e-05	0.999850029994	4.99900019996e-05
0.999850029994	4.99900019996e-05	4.99900019996e-05	4.99900019996e-05
0.799890021996	4.99900019996e-05	4.99900019996e-05	0.200009998
0.200009998	0.0500399920016	0.749900019996	4.99900019996e-05
0.0500399920016	0.299990002	4.99900019996e-05	0.649920015997
>MA0077.1_SOX9
0.315786011263	0.0921135729698	0.40788642703	0.184213988737
0.710502078838	0.0789563707173	0.0921135729698	0.118427977475
0.776288090101	0.0526419662123	1.31572022525e-05	0.171056786485
1.31572022525e-05	0.947331719383	0.0263275617073	0.0263275617073
0.855231303616	0.0526419662123	1.31572022525e-05	0.0921135729698
0.934174517131	0.0263275617073	0.0131703594548	0.0263275617073
0.0526419662123	1.31572022525e-05	0.0131703594548	0.934174517131
0.315786011263	0.0789563707173	0.499986842798	0.105270775222
0.118427977475	0.118427977475	0.72365928109	0.0394847639598
>MA0078.1_Sox17
0.225809572958	0.290317378403	0.193555670236	0.290317378403
0.258063475681	0.258063475681	0.129047864792	0.354825183847
0.0967939620694	0.580602502903	0.032286156625	0.290317378403
0.96764933557	3.22539027222e-05	3.22539027222e-05	0.032286156625
3.22539027222e-05	0.032286156625	3.22539027222e-05	0.96764933557
3.22539027222e-05	3.22539027222e-05	3.22539027222e-05	0.999903238292
3.22539027222e-05	3.22539027222e-05	0.999903238292	3.22539027222e-05
3.22539027222e-05	3.22539027222e-05	0.0645400593472	0.935395432847
3.22539027222e-05	0.548348600181	0.322571281125	0.129047864792
>MA0081.1_SPIB
0.63262182679	2.04064974288e-05	2.04064974288e-05	0.367337360215
0.0816463962126	0.2857113705	0.591808831932	0.040833401355
0.489776344788	0.326524365358	0.142865888499	0.040833401355
0.040833401355	2.04064974288e-05	0.95912578565	2.04064974288e-05
0.0204269039262	2.04064974288e-05	0.95912578565	0.0204269039262
0.979532283079	2.04064974288e-05	2.04064974288e-05	0.0204269039262
0.95912578565	2.04064974288e-05	2.04064974288e-05	0.040833401355
>MA0083.1_SRF
0.0434962177202	0.0217589774802	0.847774106599	0.0869706982002
0.1956568994	0.71735066516	0.0434962177202	0.0434962177202
2.173724024e-05	0.978197548039	0.0217589774802	2.173724024e-05
0.0217589774802	0.978197548039	2.173724024e-05	2.173724024e-05
0.69561342492	0.0217589774802	2.173724024e-05	0.28260586036
0.0652334579602	0.0217589774802	2.173724024e-05	0.912985827319
0.999934788279	2.173724024e-05	2.173724024e-05	2.173724024e-05
0.0217589774802	2.173724024e-05	2.173724024e-05	0.978197548039
0.934723067559	2.173724024e-05	2.173724024e-05	0.0652334579602
0.32608034084	0.0217589774802	2.173724024e-05	0.65213894444
0.0434962177202	2.173724024e-05	0.956460307799	2.173724024e-05
0.0434962177202	0.0217589774802	0.934723067559	2.173724024e-05
>MA0084.1_SRY
0.178581631196	0.178581631196	0.357127553207	0.285709184402
0.285709184402	0.107163262391	0.142872446793	0.464255106413
0.535673475218	3.57091844022e-05	0.107163262391	0.357127553207
0.642801028425	0.107163262391	0.107163262391	0.142872446793
0.89276531924	3.57091844022e-05	3.57091844022e-05	0.107163262391
3.57091844022e-05	0.928474503642	3.57091844022e-05	0.0714540779889
0.999892872447	3.57091844022e-05	3.57091844022e-05	3.57091844022e-05
0.964183688045	3.57091844022e-05	0.0357448935866	3.57091844022e-05
0.25	3.57091844022e-05	0.0714540779889	0.678510212827
>MA0087.1_Sox5
0.347809076682	0.173926273692	0.130455572944	0.347809076682
0.912928186402	4.34707007477e-05	0.0435141714484	0.0435141714484
0.95639888715	4.34707007477e-05	0.0435141714484	4.34707007477e-05
4.34707007477e-05	0.95639888715	4.34707007477e-05	0.0435141714484
