####
# Version 2.01 - 2013-08-29 
#
# This file contains vertebrate motifs from three sources
# - JASPAR vertebrate (Bryne et al., 2008)
# - UniPROBE (Newburger and Bulyk, 2009)
# - high-throughput SELEX (Jolma et al., 2013)
#
# Motifs were clustered using GimmeMotifs (van Heeringen & Veenstra, 2011)
# with 0.9999 as the threshold.
#
###
>ZSCAN4_C2H2.1
0.121455597016	0.180513371951	0.053492284591	0.644538746441
0.143354344224	0.00197828501431	0.853670863936	0.000996506825349
0.000996609862051	0.996416244617	0.00159053565844	0.000996609862051
0.995470210496	0.000996785652528	0.000996785652528	0.00253621819873
0.000996614142587	0.997010157572	0.000996614142587	0.000996614142587
0.993909197809	0.00099679104352	0.00254700557399	0.00254700557399
0.00267713916472	0.954436007928	0.000996576123935	0.041890276783
0.522653554725	0.253716467289	0.217227515727	0.00640246225932
0.00511479390117	0.991715371986	0.000996604249062	0.00217322986395
0.00544058131702	0.00710708502185	0.0426591640581	0.944793169603
0.0023901569102	0.0242244207474	0.871115122347	0.102270299995
0.613843765721	0.0596500977078	0.127074253163	0.199431883408
0.809020708539	0.185028271633	0.00099667554771	0.00495434428073
0.994660516302	0.000996798965189	0.00256285683333	0.00177982789926
0.556188162816	0.112034889465	0.203641502094	0.128135445624
>NR1/NR2_Nuclear_receptor
0.369444273682	0.0853385513468	0.402506920544	0.142710254427
0.641494356315	0.0185942878931	0.334952119175	0.0049592366162
0.0414053193761	0.0085540315481	0.939147237932	0.0108934111439
0.00847723199138	0.00239636171291	0.927782049738	0.0613443565576
0.00755970675625	0.0131766933971	0.0182046327498	0.961058967097
0.00338757472337	0.907006154562	0.00949735184538	0.0801089188697
0.973157053658	0.00362393897802	0.0193506123235	0.00386839504039
0.722625915421	0.0642665794843	0.136373249327	0.0767342557674
0.665881422297	0.0135894520321	0.103760664496	0.216768461176
0.921476368909	0.00310212046135	0.0708613318242	0.00456017880508
0.0466576729809	0.00393675023244	0.945247265899	0.0041583108879
0.00297947220576	0.00229888113868	0.876683393196	0.118038253459
0.00314785758268	0.0165061878201	0.0119255801629	0.968420374434
0.00217149754786	0.965049642427	0.00811796413503	0.0246608958906
0.962722821277	0.00307232901346	0.0309712552264	0.0032335944829
>FOX_Forkhead.1
0.259472981043	0.0150158013858	0.717188522224	0.00832269534732
0.0645196149113	0.0792071914579	0.0178699384902	0.838403255141
0.806241699599	0.181368985305	0.00588807842478	0.00650123667108
0.960024691512	0.0222213667029	0.00494499872674	0.0128089430582
0.969840157844	0.00910697523643	0.0100445449708	0.0110083219488
0.015087717674	0.70438253527	0.0111045772867	0.26942516977
0.961249803411	0.00360913174809	0.0225224482758	0.0126186165649
>FOXQ1_Forkhead
0.718362910177	0.0571446840447	0.167347721734	0.0571446840447
0.277550759423	0.112246202889	0.00204316520037	0.608159872488
0.167347721734	0.00204316520037	0.00204316520037	0.828565947866
0.00204316520037	0.00204316520037	0.993870504399	0.00204316520037
0.00204316520037	0.00204316520037	0.00204316520037	0.993870504399
0.00204316520037	0.00204316520037	0.00204316520037	0.993870504399
0.00204316520037	0.00204316520037	0.00204316520037	0.993870504399
0.938768985555	0.00204316520037	0.0571446840447	0.00204316520037
0.00204316520037	0.0571446840447	0.222449240578	0.718362910177
0.332652278267	0.00204316520037	0.167347721734	0.497956834799
>FOXJ_Forkhead.1
0.217597471722	0.0181073673232	0.759100978333	0.00519418262181
0.0545197953809	0.0679780737786	0.0111542316551	0.866347899185
0.889552536494	0.049208312588	0.00662455223317	0.0546145986852
0.920620482383	0.0198497806875	0.0122632362519	0.0472665006774
0.973152215112	0.00889659165127	0.00779052211186	0.0101606711249
0.0145523906139	0.827483491164	0.00621005203389	0.151754066188
0.954291124617	0.00300465646398	0.0401630770569	0.00254114186199
0.356851653139	0.0232154610344	0.0130267781492	0.606906107677
0.631691901134	0.249334468363	0.00981913997818	0.109154490525
0.826886554446	0.0607735146564	0.0171428617177	0.0951970691797
0.928731928649	0.0267790225549	0.0331498050893	0.0113392437071
0.105135137485	0.782715215627	0.0147911270661	0.0973585198217
0.929937970805	0.0188774793695	0.0306747444675	0.0205098053579
>FOXJ_Forkhead.2
0.1934175179	0.0504056204342	0.744970958828	0.0112059028381
0.0713340733479	0.0545097126648	0.021604236148	0.852551977839
0.833955434769	0.115073069787	0.0163866291143	0.03458486633
0.940772156303	0.0263434897317	0.012877704393	0.0200066495723
0.964200053027	0.0103543559686	0.013935898678	0.0115096923265
0.020647784559	0.869816643537	0.0183040063919	0.0912315655122
0.96579942132	0.0115157935751	0.0148682133455	0.00781657175946
0.605052214761	0.0113039299217	0.371815798618	0.0118280566996
0.154579886974	0.0468306533561	0.0153668642209	0.783222595449
0.613615655702	0.292465288226	0.0435673931802	0.0503516628919
0.910739121292	0.0511850718151	0.0208967533181	0.0171790535748
0.859773811551	0.0771829250091	0.022023676386	0.0410195870537
0.0791949564892	0.83601405172	0.0196562065663	0.0651347852246
0.944734565599	0.007049258842	0.0244382586621	0.0237779168968
>FOX_Forkhead.2
0.0465687289748	0.0517908088635	0.0395992027281	0.862041259434
0.210799123385	0.0338406004211	0.693097176411	0.0622630997824
0.0595286812061	0.0288470543734	0.0150822152871	0.896542049133
0.0235715243068	0.0104131074641	0.0141875008571	0.951827867372
0.00831492659679	0.00388350119783	0.02113937487	0.966662197335
0.588909620338	0.00238283610665	0.392548046728	0.016159496827
0.0117671653369	0.0613495569623	0.0131936291242	0.913689648577
0.0380442867424	0.0224413953256	0.041838915235	0.897675402697
0.0228973579105	0.0211676218714	0.10161954747	0.854315472748
0.710631454612	0.0298315481292	0.104051619882	0.155485377377
0.11079495928	0.465659266992	0.080659466276	0.342886307452
>FOX_Forkhead.3
0.0410959429432	0.873914505097	0.0549910177723	0.0299985341871
0.0111710814848	0.00201818953678	0.985094538415	0.00171619056387
0.00139263525854	0.0061517871759	0.978838454049	0.0136171235168
0.993336157604	0.00135034087017	0.00285603362771	0.00245746789777
0.0015535191969	0.993616407152	0.00200961676492	0.00282045688585
0.994476182371	0.00215266648257	0.00228612102812	0.00108503011814
0.00136576545058	0.991571970871	0.0026332969952	0.00442896668342
0.984473635949	0.00275580508939	0.00719916161714	0.0055713973446
0.988454525664	0.0020601796751	0.00316863738399	0.00631665727724
0.0760014738974	0.00160758689146	0.0150920522304	0.907298886981
0.0896354203266	0.640767375112	0.148559259282	0.121037945279
>NFATC2_RHD
0.11647565342	0.0401760268033	0.0783258401117	0.765022479665
0.0401760268033	0.0783258401117	0.0783258401117	0.803172292973
0.0401760268034	0.0401760268034	0.00202621349484	0.917621732898
0.00202621349484	0.00202621349484	0.00202621349484	0.993921359515
0.0401760268034	0.955771546207	0.00202621349484	0.00202621349484
0.00202621349484	0.993921359515	0.00202621349484	0.00202621349484
0.688722853048	0.11647565342	0.0401760268033	0.154625466729
>NFAT5_RHD
0.508737765353	0.031112842237	0.45183209606	0.00831729635066
0.0042031012327	0.0691449549395	0.00187802251975	0.924773921308
0.00116888671403	0.00108249452124	0.996406947665	0.00134167109961
0.00108248702093	0.00108248702093	0.996320615437	0.00151441052081
0.996752426394	0.000996102358432	0.0012553688896	0.000996102358432
0.996925255703	0.000996102373432	0.00108253955043	0.000996102373432
0.98219409124	0.000996101094907	0.00423212987685	0.0125776777882
0.687283174673	0.012968277108	0.0878392095556	0.211909338663
0.13671424828	0.0886510068023	0.198349304347	0.57628544057
0.0344403166413	0.067262321468	0.00115164823876	0.897145713652
0.774891098246	0.218299210079	0.00142623479757	0.00538345687728
0.00134164112086	0.996320615437	0.000996102320955	0.00134164112086
0.454917111372	0.198867972421	0.0466388928489	0.299576023359
>NFATC1_RHD.1
0.494354450907	0.181005286075	0.190128554032	0.134511708986
0.632391221051	0.0301802979929	0.306037221927	0.0313912590287
0.0147541202445	0.225810192313	0.0155100517347	0.743925635708
0.00239071628838	0.000996170885744	0.99375754807	0.00285556475592
0.00775231618097	0.00125599856716	0.989995539389	0.000996145862607
0.991640216866	0.00164076167519	0.00550794704703	0.00121107441166
0.993566377344	0.000996231244313	0.00314931182153	0.00228807959065
0.899529038872	0.0551316556966	0.00118886142577	0.0441504440058
0.412707382528	0.291705699355	0.21448863646	0.0810982816577
0.385596129498	0.0683833659444	0.0207192719389	0.525301232618
0.327896710486	0.133819048654	0.142100945656	0.396183295204
0.531179367632	0.167104391617	0.0661397596094	0.235576481142
0.259589572761	0.148578077915	0.117858938053	0.473973411271
0.0651867345655	0.0604500269229	0.186381116318	0.687982122194
0.00970409888928	0.00265486624237	0.0289858234823	0.958655211386
0.000996231244313	0.00164215541748	0.000996231244313	0.996365382094
0.000996186516021	0.536104912599	0.00270198417647	0.460196916709
0.000996198223079	0.982610746224	0.00172534551964	0.0146677100337
0.385538947058	0.510639125895	0.0975444720309	0.00627745501668
0.330131424274	0.0603660921898	0.207445595055	0.402056888481
>FOXO_Forkhead.1
0.134164844509	0.00410431904572	0.855713862613	0.00601697383195
0.0318900269714	0.0239812234169	0.015330969529	0.928797780083
0.795694624285	0.187253704542	0.00363822941361	0.0134134417586
0.963347952747	0.0207807727124	0.00631153968557	0.00955973485486
0.984040534438	0.0025045167428	0.00853731340964	0.00491763540954
0.00195905506356	0.973181969007	0.00123695624279	0.0236220196868
0.966117671893	0.00337272753755	0.00574914208702	0.0247604584828
0.01460446845	0.00308984545035	0.0012579736095	0.98104771249
0.0231635196632	0.00200387019259	0.973080640541	0.00175196960365
0.00125384136188	0.00151140921965	0.00176897707741	0.995465772341
0.0056772859476	0.00489711762173	0.0129588569891	0.976466739442
0.00709567615312	0.00302938661186	0.237970560107	0.751904377128
0.883467097243	0.0140761200713	0.0213117684089	0.081145014277
0.00145918722042	0.802113595979	0.0100235737842	0.186403643016
>MEOX2_Forkhead
0.0464224993475	0.133514478236	0.0124764212125	0.807586601204
0.538068972583	0.407273216071	0.0159276826493	0.0387301286961
0.979954887217	0.00496001811382	0.0101250765555	0.00496001811382
0.0060459489564	0.00424244438979	0.00881132262521	0.980900284029
0.030170209206	0.815273036639	0.0119863564963	0.142570397659
0.984938675418	0.00594603164563	0.00727405225008	0.00184124068642
0.00255955094388	0.0130224034678	0.00328112698	0.981136918608
0.198734493709	0.786360541385	0.00244156830444	0.012463396602
0.970484490622	0.00242360240952	0.0200290351271	0.00706287184185
0.0108422200838	0.00471843608697	0.00483851028298	0.979600833546
0.0314984736477	0.158640992709	0.00435236127057	0.805508172373
0.912565609447	0.0150891038208	0.0281754387109	0.044169848021
>FOXO_Forkhead.2
0.123827699965	0.0897078667156	0.129514338839	0.65695009448
0.120327629061	0.0453363783971	0.0432532881009	0.791082704441
0.0237263019918	0.0432993320253	0.0426679439597	0.890306422023
0.025240267447	0.935895992825	0.014128550332	0.0247351893963
0.0177575941443	0.956377530768	0.00963101460646	0.016233860481
0.00513796340932	0.975785571459	0.00979707192796	0.00927939320367
0.00806402954571	0.956624673226	0.0136170721644	0.0216942250643
0.97221553383	0.011547537406	0.00943733862202	0.006799590142
0.00359032079042	0.983522708215	0.00307156357103	0.00981540742308
0.93453734826	0.0304553746723	0.0228367063555	0.012170570712
0.0828606447414	0.820093011746	0.0419285577393	0.0551177857733
0.168870972755	0.0998072880225	0.63928064868	0.0920410905426
>ZNF75A_C2H2_Kruepel_KRAB
0.0585470069731	0.0674003245697	0.64286596835	0.231186700107
0.0977553296221	0.621363167931	0.240040068293	0.0408414341537
0.0148361029369	0.0840019550143	0.0217526881447	0.879409253904
0.00100367736157	0.0239879532974	0.0163265279855	0.958681841356
0.0164453654793	0.00872455111494	0.0241661798436	0.950663903562
0.00100361887919	0.00860656181418	0.0390183335541	0.951371485753
0.0010039205737	0.996988238279	0.0010039205737	0.0010039205737
0.0381671130469	0.930095058113	0.00100344866913	0.0307343801713
0.00100404806374	0.972891473363	0.00100404806374	0.0251004305092
0.923513284327	0.00100417973364	0.0581507614341	0.0173317745052
0.0252963949865	0.972695378287	0.00100411336346	0.00100411336346
0.799372302226	0.0721456575526	0.0800502949947	0.0484317452263
>SOX_HMG_SOX.1
0.0124179991025	0.545339520841	0.100724632442	0.341517847615
0.0103062053636	0.793628077977	0.00581430518356	0.190251411475
0.296309933786	0.00518341211517	0.00751921494795	0.69098743915
0.00577330003918	0.00488735957488	0.00802575973366	0.981313580652
0.00850051902255	0.00542470849018	0.00473374000389	0.981341032483
0.0206411867327	0.0120289051591	0.961125884686	0.00620402342261
0.0262852467194	0.00451472239621	0.00418228236426	0.96501774852
0.0258869909464	0.116416033001	0.0418606186488	0.815836357404
>SOX10_HMG_SOX
0.00203314856361	0.858645908071	0.00203314856361	0.137287794802
0.362712205198	0.0922029127224	0.0922029127224	0.452881969357
0.00203314856361	0.047118030643	0.182372676881	0.768476143912
0.00203314856361	0.00203314856361	0.00203314856361	0.993900554309
0.00203314856361	0.137287794802	0.858645908071	0.00203314856361
0.00203314856361	0.00203314856361	0.047118030643	0.94881567223
>SOX_HMG_SOX.2
0.908687588013	0.0109567953059	0.0116367693409	0.06871884734
0.0103325457769	0.0150824212812	0.00887831932397	0.965706713618
0.020136282026	0.00554446579889	0.00821314764722	0.966106104528
0.0670039683887	0.0173331354562	0.906581344266	0.00908155188936
0.0682255156993	0.00924576430537	0.0108685647704	0.911660155225
0.0885701217755	0.128266692696	0.0774811529639	0.705682032565
>NFYA_NFY
0.0618595014307	0.438140498569	0.215792636624	0.284207363376
0.498003384478	0.121722387339	0.352622090128	0.0276521380545
0.438140498569	0.0362039788985	0.480899702789	0.0447558197426
0.00199661552237	0.994010153433	0.00199661552237	0.00199661552237
0.0191002972105	0.968354630901	0.0105484563664	0.00199661552237
0.959802790057	0.00199661552237	0.0105484563664	0.0276521380545
0.994010153433	0.00199661552237	0.00199661552237	0.00199661552237
0.00199661552237	0.0105484563664	0.00199661552237	0.985458312589
0.121722387339	0.557866270386	0.284207363376	0.0362039788986
0.56641811123	0.0533076605867	0.361173930972	0.0191002972105
0.113170546495	0.173033432404	0.626280997138	0.0875150239628
>PBX1_Homeobox_TALE/PBX.1
0.167347721734	0.497956834799	0.167347721734	0.167347721734
0.88366746671	0.0571446840447	0.0571446840447	0.00204316520037
0.0571446840447	0.0571446840447	0.00204316520037	0.88366746671
0.00204316520037	0.993870504399	0.00204316520037	0.00204316520037
0.938768985555	0.0571446840447	0.00204316520037	0.00204316520037
0.938768985555	0.00204316520037	0.00204316520037	0.0571446840447
0.00204316520037	0.00204316520037	0.0571446840447	0.938768985555
0.00204316520037	0.993870504399	0.00204316520037	0.00204316520037
0.88366746671	0.0571446840447	0.00204316520037	0.0571446840447
0.663261391333	0.00204316520037	0.0571446840447	0.277550759422
0.442855315956	0.112246202889	0.112246202889	0.332652278267
>PBX1_Homeobox_TALE/PBX.2
0.0661480536547	0.489655209633	0.153230139344	0.290966597369
0.583019125088	0.0371873700805	0.145565123485	0.234228381346
0.118636062775	0.396381338885	0.0967275646133	0.388255033727
0.371854191292	0.388067817321	0.109972598444	0.130105392943
0.110368845857	0.72895996369	0.0899926959388	0.0706784945142
0.852302132743	0.0226117288452	0.0743652032261	0.0507209351857
0.0327548547501	0.0134944059139	0.0113116898093	0.942439049527
0.0338753079249	0.939597747979	0.0114607571809	0.0150661869148
0.923331107883	0.0329673392875	0.0235744993394	0.0201270534898
0.734852520722	0.0655670881627	0.0289593937671	0.170620997348
0.31348073805	0.0528364491732	0.0608718363356	0.572810976442
0.323374039855	0.320008886495	0.148214299117	0.208402774533
0.391189705057	0.140612416189	0.0922832490644	0.375914629689
>ZNF143_C2H2
0.0295898952584	0.266571795036	0.116887271804	0.586951037901
0.438808360189	0.0391223258819	0.0059878847154	0.516081429214
0.0471416251143	0.87382218798	0.00141567611324	0.0776205107923
0.00179746612835	0.996133475855	0.00103452900818	0.00103452900818
0.00103455853138	0.996896324406	0.00103455853138	0.00103455853138
0.956172735651	0.0390931773715	0.00255741321618	0.00217667376156
0.00103376279581	0.381254056183	0.173332320825	0.444379860197
0.615328553628	0.197785362801	0.185853474608	0.00103260896336
0.820391828627	0.0764595741811	0.101737213052	0.00141138414066
0.00331889212543	0.00103445539768	0.0394739168261	0.956172735651
0.0231508557573	0.0520004180404	0.808026761955	0.116821964247
0.00103455853138	0.996896324406	0.00103455853138	0.00103455853138
0.706638891244	0.243102818689	0.0021459046161	0.048112385451
0.184175551103	0.332450251713	0.0336742124102	0.449699984774
0.0881389396173	0.415900517784	0.00477607092929	0.491184471669
0.158884796863	0.0406469540358	0.727395958667	0.0730722904343
>HINFP_HINFP.1
0.0184987125073	0.00164457607104	0.971729775183	0.00812693623885
0.000996497567788	0.997010507297	0.000996497567788	0.000996497567788
0.000996513943227	0.000996513943227	0.99701045817	0.000996513943227
0.00099639769724	0.00099639769724	0.99395671903	0.00405048557523
0.993833286082	0.00152605837752	0.000996545449183	0.00364411009087
0.000996521527074	0.99599925378	0.00200770316554	0.000996521527074
0.000996404245956	0.114771146633	0.878964638164	0.00526781095675
0.00635134338288	0.298812114639	0.133221649787	0.561614892191
0.0740347527042	0.329056850234	0.121774889362	0.4751335077
0.0978311548042	0.260899145937	0.63063171195	0.0106379873091
0.0105955075743	0.697612122593	0.0508200332707	0.240972336562
0.722677938078	0.0155444687465	0.221813379345	0.03996421383
0.532834130082	0.162189579667	0.297014644314	0.00796164593675
0.0009965202471	0.836639590527	0.161367368979	0.0009965202471
0.000996486197849	0.000996486197849	0.996070018219	0.00193700938501
0.00448206561332	0.00143215338492	0.00317496037258	0.990910820629
0.000996600794503	0.997010197616	0.000996600794503	0.000996600794503
0.00210325119154	0.995903610254	0.000996569277212	0.000996569277212
0.000996504657541	0.00295138980253	0.99407815831	0.00197394723003
0.00263654132736	0.978970546166	0.00810313709913	0.0102897754078
>HINFP_HINFP.2
0.0436460304043	0.0118992658511	0.943458367134	0.000996336610644
0.00313987643052	0.993795625574	0.000996373186796	0.00206812480866
0.00099631840049	0.00099631840049	0.997011044799	0.00099631840049
0.00125674054643	0.00542416688282	0.986332140812	0.00698695175897
0.991553169678	0.00645401879007	0.000996405765757	0.000996405765757
0.00099639350048	0.995500562598	0.00175152195082	0.00175152195082
0.000996317211128	0.282387048881	0.714716492077	0.00190014183105
0.0313302903635	0.224230842299	0.198314432268	0.54612443507
0.0382037512518	0.144960509067	0.234544598064	0.582291141617
0.0106632548346	0.49336462711	0.464363877107	0.031608240948
0.553179350796	0.186422629231	0.173763006355	0.086635013618
0.537623084069	0.102878217867	0.343422331654	0.0160763664093
0.00319266527358	0.799711405154	0.196099547588	0.00099638198347
0.000996354947344	0.000996354947344	0.997010935158	0.000996354947344
0.000996324873817	0.00346782537135	0.00841082636641	0.987125023388
0.0026434128653	0.99536373177	0.000996427682551	0.000996427682551
0.00099643531068	0.996171945218	0.00099643531068	0.00183518416016
0.00133640876337	0.00167646153771	0.99599077371	0.000996355989029
0.00481987009482	0.979040487636	0.0139962024422	0.00214343982685
>ZBTB7/GLI2_C2H2
0.0835275895597	0.0443267620569	0.782456055838	0.0896895925451
0.720689560204	0.18072323859	0.0945121577238	0.00407504348195
0.0338520299725	0.956302408316	0.00235841528316	0.0074871464285
0.00290084298627	0.988233317272	0.00414306748738	0.00472277225457
0.754056456088	0.13624499003	0.0421835101777	0.0675150437041
0.00514098274847	0.989219321739	0.00298564311291	0.00265405239975
0.245234472091	0.734441260488	0.00943209539241	0.0108921720283
0.129148754158	0.59983917937	0.167418315341	0.103593751131
0.739284825668	0.0619791782979	0.130951875777	0.0677841202576
0.201857271238	0.486728400038	0.157822787598	0.153591541125
0.291194289944	0.20420061799	0.36301824686	0.141586845205
0.316140453293	0.177822150152	0.237576895549	0.268460501007
0.266680243048	0.327441221204	0.158781130245	0.247097405502
0.145054675558	0.208486974443	0.489479193917	0.156979156082
>GLI2_C2H2
0.160578844436	0.0853733597565	0.659961605509	0.0940861902986
0.0732696819011	0.812375069733	0.0664940786513	0.0478611697143
0.0116279095109	0.00764119858986	0.955813945985	0.0249169459145
0.879616262673	0.0914877241099	0.0187279909144	0.0101680223032
0.0050983324937	0.983337791535	0.0050983324937	0.00646554347769
0.000996703315956	0.98876133364	0.00649574092389	0.00374622211992
0.969380334527	0.0151484341146	0.00504004533906	0.0104311860194
0.0044170750111	0.984012474967	0.00715337501098	0.0044170750111
0.49241865277	0.268540954858	0.162493624268	0.0765467681038
0.158950242291	0.723861169953	0.047275953831	0.0699126339243
0.274900357586	0.0487561263942	0.0887599795653	0.587583536454
0.299907099822	0.0793584952806	0.510527471361	0.110206933536
>EGR_C2H2
0.508180560452	0.407941924094	0.0299594539737	0.0539180614805
0.0139099548965	0.93527335603	0.0147848803786	0.0360318086954
0.0744122845736	0.0258951852121	0.842056160694	0.0576363695204
0.0037758319026	0.980752432603	0.00694435013133	0.00852738536304
0.00934683297536	0.972039186675	0.00827624658356	0.0103377337657
0.00275811026969	0.906015881544	0.00874106673929	0.0824849414465
0.73823229284	0.224347061095	0.0194181672518	0.0180024788128
0.00389453187807	0.97433289537	0.00755104766323	0.0142215250883
0.0297414634585	0.0671747422634	0.860839786671	0.0422440076076
0.00631269494589	0.917554346287	0.0183010214175	0.0578319373491
0.659779123895	0.0819392015422	0.152835579316	0.105446095247
>ZNF282_C2H2
0.0680378829549	0.626693505462	0.160615100399	0.144653511184
0.0882887538215	0.0480008308981	0.0166657797355	0.847044635545
0.0397724049641	0.000998439309108	0.0203854221366	0.93884373359
0.00869965771495	0.00613263279703	0.00869965771495	0.976468051773
0.00100073630144	0.987557060718	0.0104414666786	0.00100073630144
0.00100078147154	0.992232120303	0.00100078147154	0.00576631675438
0.00100075877894	0.973283510214	0.0152292868487	0.0104864441588
0.537307869183	0.38024623403	0.000999846707844	0.0814460500792
0.0449409110518	0.484353244512	0.00832321659671	0.462382627839
0.715220718453	0.00936859390373	0.104226191669	0.171184495974
0.989861445674	0.000999585834666	0.000999585834666	0.00813938265661
0.0100964336841	0.956066894228	0.019192303497	0.0146443685905
0.818059013691	0.149555687029	0.00775195107085	0.0246333482088
0.00563319455708	0.973835324179	0.0102657406318	0.0102657406318
0.0326894076407	0.000998279588259	0.6733029247	0.293009388071
0.522240726033	0.133799690108	0.200199867189	0.14375971667
>NFE2L2_bZIP_CNC
0.49796234385	0.0516301249203	0.44836987508	0.0020376561503
0.0020376561503	0.0020376561503	0.0020376561503	0.993887031549
0.0020376561503	0.0020376561503	0.944294562779	0.0516301249203
0.993887031549	0.0020376561503	0.0020376561503	0.0020376561503
0.0020376561503	0.845109625239	0.0516301249203	0.10122259369
0.29959246877	0.10122259369	0.0516301249202	0.54755481262
0.25	0.49796234385	0.0516301249203	0.20040753123
0.79551715647	0.0020376561503	0.10122259369	0.10122259369
0.0020376561503	0.0020376561503	0.993887031549	0.0020376561503
0.0020376561503	0.993887031549	0.0020376561503	0.0020376561503
0.7459246877	0.10122259369	0.10122259369	0.0516301249203
>ZNF691_C2H2
0.028570655576	0.0594803182033	0.397968982282	0.513980043938
0.00533963557422	0.00486328010645	0.986136370393	0.0036607139263
0.982783931118	0.00439901358409	0.0094680133402	0.00334904195809
0.00656236421276	0.00278613281962	0.983685347896	0.00696615507182
0.00595507139542	0.975292349255	0.00266455269432	0.0160880266557
0.983980589264	0.00376243014638	0.00377726299032	0.00847971759936
0.0104007894027	0.980062703235	0.00377106129129	0.00576544607054
0.00518044958226	0.0501294360198	0.011209903386	0.933480211012
0.12599406031	0.0802733356059	0.670418044189	0.123314559896
>IRF_IRF.1
0.768355993732	0.0458719032222	0.0775068922561	0.10826521079
0.210016260557	0.380355157457	0.0847914000184	0.324837181968
0.02975224656	0.828229329687	0.0811757554204	0.0608426683326
0.0256195256751	0.0070578628661	0.961581906268	0.00574070519063
0.945217795853	0.0239344952946	0.0243893793115	0.00645832954073
0.863996994662	0.00741605579482	0.00838218144587	0.120204768098
0.962388502624	0.0160951240366	0.00469495364979	0.0168214196897
0.0249957784671	0.907703126803	0.0516995291873	0.0156015655432
0.044099723353	0.480097700897	0.0302123743099	0.44559020144
>IRF_IRF.2
0.0233183397822	0.623834734954	0.239837966636	0.113008958628
0.0154820384137	0.00491579361689	0.976676302445	0.00292586552401
0.990258220108	0.00334262630356	0.00369713289532	0.00270202069343
0.984342297879	0.00136191059091	0.00212480087462	0.012170990655
0.991731724615	0.00142097541769	0.00161552094693	0.00523177902003
0.0220961370014	0.892648103893	0.0639840666814	0.0212716924245
0.0100426675179	0.824620045883	0.0344052937793	0.13093199282
0.0091338422289	0.00204417094829	0.987544723466	0.00127726335731
0.992135691604	0.00409248109907	0.00232722713873	0.00144460015856
0.969431604166	0.00238628608404	0.00235279618235	0.0258293135676
0.982693680625	0.00331132296754	0.00201832611548	0.0119766702919
0.0309488937588	0.831337160052	0.125951802107	0.0117621440828
0.0660732468726	0.333404055992	0.0483956044416	0.552127092694
>GMEB2_SAND.1
0.485377162775	0.00715054634367	0.0757198038466	0.431752487035
0.68539684969	0.000996971802006	0.311653340955	0.00195283755325
0.00385359948728	0.993200253772	0.00194917859356	0.000996968146702
0.00195100456867	0.000996969970853	0.995101020892	0.00195100456867
0.00099694245926	0.0315722016178	0.00099694245926	0.966433913464
0.729309481438	0.019169586227	0.249825260853	0.00169567148262
0.925992363181	0.0480456170406	0.00543546151507	0.0205265582637
0.103818920254	0.646423267108	0.218410020902	0.0313477917356
0.0133747943494	0.860851991222	0.0100740068251	0.115699207604
0.962854916917	0.00468929210665	0.029612675411	0.00284311556559
0.000996971802006	0.997009084594	0.000996971802006	0.000996971802006
0.000996921401995	0.0526084686023	0.944492222853	0.00190238714235
0.00195100456867	0.168907059186	0.00195100456867	0.827190931677
0.668832181332	0.000996972720221	0.00482410858619	0.325346737361
>GMEB2_SAND.2
0.0804705961446	0.263740451541	0.0988550330495	0.556933919265
0.880750376794	0.0154054693102	0.091004716474	0.0128394374221
0.00269736450598	0.992120548473	0.00291000649694	0.00227208052404
0.00161951225055	0.00681358351256	0.96979439549	0.0217725087472
0.104978910562	0.10065413253	0.00550901582941	0.788857941078
0.79725756921	0.0547902002979	0.0766382756937	0.0713139547989
0.731395481696	0.155983359991	0.0907818626086	0.0218392957046
0.123976283724	0.668123488476	0.104567660987	0.103332566813
0.0651796031969	0.204421275089	0.220200576345	0.51019854537
0.0247062296725	0.266859378543	0.413589416582	0.294844975202
0.854751365096	0.0119242770517	0.108715718513	0.0246086393399
0.00935923853496	0.946833228527	0.040159624194	0.00364790874389
0.00428883366864	0.011697210543	0.96202733292	0.0219866228684
0.0314559543576	0.288775450595	0.0239811687007	0.655787426347
0.836493534789	0.0655324262461	0.0666293592913	0.0313446796733
>ZBTB49_C2H2
0.000996414660971	0.0532293524983	0.000996414660971	0.94477781818
0.000996343788337	0.000996343788337	0.000996343788337	0.997010968635
0.0881909317923	0.256723969322	0.106410719633	0.548674379252
0.00214048899285	0.722692258441	0.00500095651746	0.270166296048
0.0131428335493	0.00692144456187	0.96471909201	0.0152166298785
0.000996319229411	0.996707749156	0.000996319229411	0.00129961238504
0.00501264827304	0.491863651432	0.128621931385	0.37450176891
0.0138593786601	0.00586345037038	0.0611396502865	0.919137520683
0.0158299756368	0.00153569254869	0.977322790903	0.00531154091159
0.215664598826	0.0404290219649	0.683280062436	0.0606263167732
0.0700577542632	0.834752556863	0.0420986005431	0.0530910883305
0.450832230629	0.322257098851	0.223080688664	0.00382998185735
0.000996476414338	0.422794400787	0.407598624035	0.168610498763
0.00277862390018	0.000996312988074	0.995228750124	0.000996312988074
0.000996367388101	0.0407104259416	0.00275362661613	0.955539580054
0.000996340794258	0.997010977617	0.000996340794258	0.000996340794258
0.783772044738	0.00200856328534	0.0748876793811	0.139331712595
>E2F_E2F_DP.1
0.530356009902	0.112857155272	0.209846956795	0.146939878032
0.536043830074	0.0814636586763	0.309090470428	0.0734020408218
0.553285757136	0.0192787745051	0.0203067195905	0.407128748769
0.522401252714	0.00890554416889	0.00784157479742	0.460851628319
0.477729048001	0.00526890547911	0.0257389322657	0.491263114255
0.105092473288	0.00352358249567	0.204681181236	0.68670276298
0.0108480049452	0.0910485593953	0.869945958531	0.0281574771287
0.0011423497134	0.0021828298531	0.995597500729	0.00107731970467
0.00121917800661	0.995552876315	0.0013736629411	0.00185428273727
0.0017088067237	0.0014236967445	0.99564971255	0.00121778398174
0.00124209788828	0.976940076793	0.0206284555114	0.00118936980771
0.00303718980595	0.944627929187	0.048337146864	0.00399773414342
0.920303279608	0.0440760008885	0.00197646261224	0.0336442568908
0.892502004522	0.00578742929641	0.00525079314662	0.0964597730347
0.867032850136	0.00535162624605	0.00665458102695	0.120960942591
0.770279998824	0.0215757247633	0.0190885836576	0.189055692755
>E2F1_E2F_DP
0.00208722879001	0.00208722879001	0.00208722879001	0.99373831363
0.00208722879001	0.00208722879001	0.00208722879001	0.99373831363
0.00208722879001	0.00208722879001	0.00208722879001	0.99373831363
0.00208722879001	0.398747662726	0.597077879694	0.00208722879001
0.00208722879001	0.200417445758	0.795408096662	0.00208722879001
0.00208722879001	0.99373831363	0.00208722879001	0.00208722879001
0.00208722879001	0.00208722879001	0.99373831363	0.00208722879001
0.00208722879001	0.894573205146	0.101252337274	0.00208722879001
>NR2E3_Nuclear_receptor
0.174531231342	0.519531316639	0.0882812100166	0.217656242003
0.993906433923	0.00203118869219	0.00203118869219	0.00203118869219
0.993906433923	0.00203118869219	0.00203118869219	0.00203118869219
0.00203118869219	0.0451561993544	0.950781423261	0.00203118869219
0.00203118869219	0.993906433923	0.00203118869219	0.00203118869219
0.00203118869219	0.00203118869219	0.00203118869219	0.993906433923
0.00203118869219	0.00203118869219	0.00203118869219	0.993906433923
>EWSR1-FLI1_Unknown
0.00199751139538	0.00199751139538	0.994007465814	0.00199751139538
0.0208929390986	0.00199751139538	0.975112038111	0.00199751139538
0.984559751962	0.00199751139538	0.011445225247	0.00199751139538
0.984559751962	0.00199751139538	0.011445225247	0.00199751139538
0.011445225247	0.00199751139538	0.984559751962	0.00199751139538
0.0208929390986	0.00199751139538	0.965664324259	0.011445225247
0.975112038111	0.00199751139538	0.0208929390986	0.00199751139538
0.965664324259	0.00199751139538	0.0303406529502	0.00199751139538
0.00199751139538	0.00199751139538	0.984559751962	0.011445225247
0.00199751139538	0.0208929390986	0.975112038111	0.00199751139538
0.937321182704	0.0397883668018	0.0208929390986	0.00199751139538
0.994007465814	0.00199751139538	0.00199751139538	0.00199751139538
0.00199751139538	0.00199751139538	0.994007465814	0.00199751139538
0.00199751139538	0.0208929390986	0.975112038111	0.00199751139538
0.946768896556	0.0303406529501	0.00199751139538	0.0208929390986
0.965664324259	0.00199751139538	0.0208929390986	0.011445225247
0.0492360806534	0.00199751139538	0.918425755001	0.0303406529502
0.0303406529502	0.0303406529502	0.918425755001	0.0208929390986
>HNF1/HMBOX1_Homeobox
0.0713473754038	0.399965208951	0.110044271558	0.418643144087
0.103156824152	0.107347027952	0.0423713785077	0.747124769388
0.697484166272	0.022648564487	0.246764933794	0.0331023354472
0.0233241915341	0.0350230807593	0.928181176506	0.0134715512002
0.0142646516693	0.00972811857982	0.00763944067494	0.968367789076
0.0703829172383	0.0124093820229	0.0058572141272	0.911350486612
0.947544838924	0.00612197581472	0.010517560043	0.035815625218
0.731939787962	0.0913225678871	0.0792015981999	0.0975360459511
0.147856693152	0.541366519962	0.148350890707	0.162425896178
>GATA_GATA
0.488872228833	0.157687464769	0.0330719530482	0.320368353349
0.00661858472009	0.00309394537847	0.986648147372	0.00363932252922
0.981035133652	0.00395329968065	0.00353964949283	0.0114719171742
0.00976625487619	0.00364290658175	0.0143288250087	0.972262013533
0.8259941295	0.0307656418929	0.0182526381197	0.124987590487
0.75719966531	0.051392074278	0.114455733609	0.0769525268028
>GATA2_GATA
0.00200678015095	0.0955891272637	0.900397312434	0.00200678015095
0.975263190125	0.00200678015095	0.0207232495735	0.00200678015095
0.00200678015095	0.00200678015095	0.00200678015095	0.993979659547
0.469918515715	0.133022066109	0.28275382149	0.114305596686
>RUNX_RUNX
0.507514867203	0.14754510693	0.0430016956511	0.301938330216
0.700734646913	0.0617431671418	0.18018892005	0.0573332658949
0.927967616304	0.0393103942943	0.0306676164508	0.00205437295126
0.00305181304317	0.993730895755	0.00186820804579	0.00134908315623
0.00126578695697	0.995746206894	0.00199192797214	0.000996078176826
0.337491166521	0.00808351546325	0.640576639329	0.0138486786871
0.00332494874195	0.986789461466	0.00670490534437	0.0031806844475
0.890055826251	0.0383991018961	0.0478844364499	0.0236606354031
0.635782908599	0.0891381082036	0.18542426849	0.0896547147068
>RUNX2/3_RUNX.1
0.46237859395	0.108874067581	0.304652408611	0.124094929857
0.783823975206	0.0883259652744	0.110301076791	0.0175489827291
0.00373711236281	0.986596005036	0.0053816057694	0.00428527683167
0.00154840664548	0.988729404241	0.00596532386067	0.00375686525308
0.255221336642	0.00699779236797	0.711338100782	0.0264427702076
0.00729151947233	0.972925034332	0.00783893076194	0.011944515434
0.69140702017	0.0618624340685	0.168314552592	0.0784159931691
0.440052207927	0.0907571265298	0.249862047756	0.219328617787
0.517829620127	0.0705265432136	0.122988015197	0.288655821462
0.651874275785	0.0515099991047	0.131751923363	0.164863801747
0.782867933821	0.0762507463969	0.125221475518	0.0156598442646
0.00892286183635	0.964484851655	0.0113828326339	0.0152094538746
0.014577073614	0.960071399255	0.0194661565964	0.00588537053432
0.325314073353	0.0167751942828	0.617103005408	0.0408077269562
0.0276682435091	0.914118880973	0.0179931185574	0.0402197569599
0.672939740308	0.0745614463606	0.161589546967	0.090909266364
>RUNX2/3_RUNX.2
0.507684261183	0.0996133353295	0.277875897676	0.114826505811
0.796239002817	0.073920422835	0.108767101933	0.0210734724145
0.0120938904402	0.952407251033	0.0234049680869	0.0120938904402
0.011268839285	0.951640618919	0.024537626344	0.012552915452
0.173660617351	0.015558226815	0.792845449462	0.0179357063719
0.0140510043135	0.946718326946	0.017261194731	0.02196947401
0.864950961176	0.0181689296804	0.0309879664326	0.0858921427106
0.745057508415	0.0307149813752	0.197882932793	0.0263445774166
0.829146172242	0.0568736683922	0.0859764911179	0.0280036682483
0.0493073796128	0.886902157377	0.0444762633748	0.0193141996352
0.0335283494924	0.897778114846	0.0331191403232	0.0355743953384
0.257831460355	0.0500916698906	0.663235478254	0.0288413915009
0.0458297328133	0.854610621935	0.0450397148508	0.0545199304009
0.676379076575	0.0863917441314	0.163806382274	0.0734227970199
>RXR_Nuclear_receptor
0.318705136043	0.0747726846245	0.555541674261	0.0509805050714
0.469844602462	0.01138642298	0.512201911358	0.00656706319953
0.011734004364	0.0144538148545	0.959040465999	0.014771714782
0.01037236748	0.0137534184789	0.921234477813	0.054639736228
0.0112431320007	0.0176726698076	0.0277188226309	0.943365375561
0.00735222662523	0.948021769953	0.0229183509919	0.0217076524301
0.83078755299	0.00565034261714	0.154587276641	0.00897482775161
0.00863681063301	0.11422889821	0.00517090100721	0.87196339015
0.0145828339297	0.0104697131305	0.967478295147	0.00746915779336
0.949129831873	0.0157095331002	0.0187432375542	0.0164173974728
0.0554119210547	0.913332912901	0.0178390650352	0.0134161010091
0.0220559287476	0.942622031626	0.0201819574254	0.0151400822012
0.0102350397983	0.556366338036	0.0153478728441	0.418050749322
0.0488830862941	0.558330527705	0.0862121745218	0.306574211479
>BCL6B_BCL6.1
0.00100042300841	0.0847347940321	0.00100042300841	0.913264359951
0.0167274943509	0.00100125801503	0.97602791084	0.00624333679366
0.000998715137175	0.991605452749	0.000998715137175	0.00639711697702
0.00100071403599	0.00100071403599	0.00100071403599	0.996997857892
0.0010006919796	0.0010006919796	0.0010006919796	0.996997924061
0.00100067012934	0.00100067012934	0.0103090562927	0.987689603449
0.000998609700737	0.997004170898	0.000998609700737	0.000998609700737
0.000999846707844	0.0469691057772	0.131246080738	0.820784966777
0.997001280744	0.000999573085211	0.000999573085211	0.000999573085211
0.00100177312069	0.00100177312069	0.996994680638	0.00100177312069
0.00100184045461	0.00100184045461	0.996994478636	0.00100184045461
0.990156307869	0.000999438624384	0.00784481488213	0.000999438624384
0.99700164872	0.000999450426594	0.000999450426594	0.000999450426594
0.00100060578684	0.010180306956	0.00100060578684	0.98781848147
0.00100040359434	0.0712029329774	0.00100040359434	0.926796259834
0.309350984136	0.664092498512	0.0255577726354	0.000998744717135
0.543465487581	0.43378646697	0.0217490652146	0.000998980234109
>MEF2_MADS
0.333227249722	0.0448021460796	0.375847057927	0.246123546272
0.012753168085	0.965363311912	0.00126587358882	0.0206176464144
0.00126973115379	0.00920306644624	0.000997670084815	0.988529532315
0.990421358285	0.0019971415351	0.00117939475939	0.00640210542094
0.47085130204	0.00117993164139	0.00136218517693	0.526606581142
0.857364320886	0.00147231798096	0.00194717644088	0.139216184692
0.9466740487	0.00126106744999	0.00134888402423	0.0507159998255
0.977981684311	0.0015368189834	0.00263673058873	0.0178447661168
0.000997678714362	0.00117999897276	0.00256929669239	0.99525302562
0.995641192879	0.00145293570715	0.00154398750092	0.00136188391338
0.0631190885913	0.0045219334993	0.928160236699	0.00419874121017
0.410977527442	0.433772236324	0.0381789552287	0.117071281005
>CTCF_CTCF
0.543208421657	0.0115816679235	0.293141892875	0.152068017545
0.20389179322	0.742338703086	0.0131753458224	0.0405941578721
0.0144662958188	0.983106232232	0.000996233438791	0.0014312385107
0.61196468108	0.00198846387419	0.365351230573	0.0206956244726
0.0615009708818	0.78042527472	0.14943421086	0.00863954353853
0.0998407117251	0.141964908615	0.0239987308931	0.734195648767
0.985531536051	0.00328459673126	0.00648452323406	0.00469934398412
0.00154991757584	0.0010971103214	0.996024530534	0.00132844156831
0.352113629407	0.00126802310574	0.637625042094	0.00899330539296
0.0249762066652	0.0185791717135	0.460530234965	0.495914386656
0.00217384290411	0.000996203377605	0.990940640051	0.00588931366737
0.0104866950612	0.00247806074065	0.922583721993	0.0644515222054
0.0156412485769	0.971901483618	0.00139812169814	0.0110591461071
0.0962767993337	0.00248670081934	0.8982911941	0.00294530574654
0.0460478140416	0.743023446777	0.0452242729952	0.165704466187
0.335587534873	0.162057844758	0.0493230817117	0.453031538657
>VENTX_Homeobox
0.148995280501	0.557288348381	0.193507298369	0.100209072749
0.110225600244	0.413400377002	0.42747634878	0.0488976739746
0.0484906705525	0.547135066396	0.0364456468509	0.367928616201
0.00652134909982	0.00189815832205	0.00302576582882	0.988554726749
0.986391407784	0.00366669440431	0.00795210205287	0.00198979575922
0.983008908084	0.00737237920799	0.0075599174656	0.00205879524217
0.0019591181476	0.0035453108373	0.00558470143835	0.988910869577
0.0067685696452	0.503512663403	0.373272325818	0.116446441134
0.0379703205268	0.0418578012811	0.902200486435	0.0179713917575
0.288632166971	0.0678837426736	0.620923667994	0.0225604223618
