>Motif.5.1
0.0207	0.9393	0.0193	0.0207
0.857	0.0193	0.103	0.0207
0.0207	0.1448	0.0193	0.8152
0.0207	0.0193	0.9393	0.0207
0.0207	0.9393	0.0193	0.0207
>Motif.5.2
0.9323	0.022	0.022	0.0236
0.0236	0.9307	0.022	0.0236
0.0236	0.6921	0.0679	0.2164
0.9323	0.022	0.022	0.0236
0.0236	0.9307	0.022	0.0236
>Motif.5.3
0.943	0.0186	0.0186	0.0199
0.0199	0.9416	0.0186	0.0199
0.8404	0.0186	0.1211	0.0199
0.0199	0.1404	0.0186	0.8212
0.0199	0.0186	0.9416	0.0199
>Motif.5.4
0.0198	0.9418	0.0185	0.0198
0.0198	0.8909	0.0695	0.0198
0.8158	0.0185	0.1459	0.0198
0.0198	0.9418	0.0185	0.0198
0.784	0.0185	0.1777	0.0198
>Motif.5.5
0.0228	0.0213	0.0213	0.9346
0.0228	0.0213	0.0213	0.9346
0.0228	0.9331	0.0213	0.0228
0.0228	0.8564	0.098	0.0228
0.0228	0.0213	0.0213	0.9346
>Motif.6.1
0.5391	0.0186	0.4224	0.0199
0.0199	0.9416	0.0186	0.0199
0.943	0.0186	0.0186	0.0199
0.0199	0.0186	0.0186	0.943
0.0199	0.0186	0.9416	0.0199
0.0199	0.4224	0.0186	0.5391
>Motif.6.2
0.0164	0.9519	0.0153	0.0164
0.6737	0.0153	0.0325	0.2785
0.1925	0.0669	0.0153	0.7253
0.0164	0.0153	0.8531	0.1152
0.0164	0.8101	0.0153	0.1582
0.0164	0.9132	0.054	0.0164
>Motif.6.3
0.932	0.0222	0.0222	0.0237
0.0237	0.9304	0.0222	0.0237
0.2369	0.5412	0.0222	0.1998
0.8578	0.0222	0.0963	0.0237
0.0237	0.9304	0.0222	0.0237
0.8949	0.0222	0.0592	0.0237
>Motif.6.4
0.0218	0.0204	0.0204	0.9375
0.1072	0.0204	0.7343	0.1382
0.9375	0.0204	0.0204	0.0218
0.1149	0.4239	0.3152	0.146
0.0218	0.0204	0.0204	0.9375
0.0218	0.9361	0.0204	0.0218
>Motif.6.5
0.4143	0.0203	0.4129	0.1526
0.0217	0.9363	0.0203	0.0217
0.0217	0.0203	0.0203	0.9377
0.0217	0.0203	0.0203	0.9377
0.1372	0.0203	0.8208	0.0217
0.0217	0.6823	0.0203	0.2757
>Motif.6.6
0.0206	0.9395	0.0193	0.0206
0.9408	0.0193	0.0193	0.0206
0.8993	0.0608	0.0193	0.0206
0.0206	0.2753	0.642	0.0621
0.5326	0.1784	0.1646	0.1244
0.8717	0.0193	0.0193	0.0898
>Motif.7.1
0.0243	0.0519	0.0227	0.9011
0.0243	0.0227	0.841	0.112
0.9303	0.0227	0.0227	0.0243
0.1704	0.3247	0.3929	0.112
0.0243	0.0227	0.0227	0.9303
0.1899	0.7144	0.0227	0.073
0.9303	0.0227	0.0227	0.0243
>Motif.7.2
0.1229	0.1763	0.6145	0.0863
0.634	0.0181	0.3285	0.0194
0.0194	0.9431	0.0181	0.0194
0.7557	0.0181	0.0911	0.135
0.0194	0.0729	0.0181	0.8896
0.0194	0.0181	0.9431	0.0194
0.0194	0.4684	0.0181	0.4941
>Motif.7.3
0.9355	0.021	0.021	0.0225
0.0225	0.934	0.021	0.0225
0.0225	0.7597	0.0293	0.1885
0.7197	0.1621	0.0957	0.0225
0.0225	0.934	0.021	0.0225
0.6948	0.1787	0.104	0.0225
0.2715	0.1704	0.353	0.2051
>Motif.7.4
0.0201	0.1757	0.529	0.2752
0.0201	0.9411	0.0188	0.0201
0.0201	0.8822	0.0776	0.0201
0.0201	0.9411	0.0188	0.0201
0.4387	0.0253	0.1888	0.3472
0.0201	0.058	0.8691	0.0528
0.0201	0.4701	0.4897	0.0201
>Motif.7.5
0.0684	0.8352	0.0747	0.0218
0.0761	0.0824	0.0204	0.8211
0.0218	0.0204	0.0204	0.9375
0.0528	0.0592	0.7964	0.0916
0.0528	0.7343	0.0204	0.1925
0.0684	0.292	0.0204	0.6193
0.0528	0.0669	0.0204	0.8599
>Motif.7.6
0.2508	0.28	0.0233	0.4459
0.9286	0.0233	0.0233	0.0249
0.4562	0.3211	0.1978	0.0249
0.0249	0.0233	0.0233	0.9286
0.9286	0.0233	0.0233	0.0249
0.1379	0.4854	0.1568	0.22
0.5897	0.0233	0.0335	0.3535
>Motif.7.7
0.9208	0.0258	0.0258	0.0276
0.4742	0.0258	0.2937	0.2063
0.2445	0.549	0.0896	0.1169
0.0276	0.0258	0.0258	0.9208
0.1425	0.0258	0.0258	0.806
0.4232	0.0258	0.5234	0.0276
0.0276	0.919	0.0258	0.0276
>Motif.8.1
0.3843	0.2389	0.3108	0.066
0.0454	0.0233	0.0233	0.908
0.0249	0.0233	0.8448	0.1071
0.9183	0.0335	0.0233	0.0249
0.0968	0.4135	0.3929	0.0968
0.0249	0.0233	0.0233	0.9286
0.1379	0.7832	0.0233	0.0557
0.8567	0.0849	0.0335	0.0249
>Motif.8.2
0.4292	0.1094	0.0419	0.4196
0.6124	0.1865	0.1287	0.0724
0.8342	0.0804	0.0226	0.0628
0.0242	0.9291	0.0226	0.0242
0.0917	0.7748	0.0226	0.111
0.786	0.0611	0.0611	0.0917
0.0242	0.9291	0.0226	0.0242
0.815	0.0515	0.1094	0.0242
>Motif.8.3
0.7945	0.024	0.1558	0.0257
0.0257	0.9246	0.024	0.0257
0.8055	0.024	0.0679	0.1026
0.1795	0.0679	0.0789	0.6737
0.0477	0.024	0.9026	0.0257
0.0696	0.3645	0.024	0.5419
0.0806	0.4413	0.1119	0.3662
0.0257	0.9136	0.035	0.0257
>Motif.8.4
0.0243	0.9287	0.0227	0.0243
0.5796	0.1688	0.1298	0.1217
0.3458	0.1493	0.4416	0.0633
0.0243	0.0227	0.9287	0.0243
0.1607	0.7631	0.0227	0.0535
0.7745	0.1201	0.0811	0.0243
0.2094	0.1104	0.0227	0.6576
0.0243	0.0227	0.9287	0.0243
>Motif.8.5
0.2971	0.5098	0.1006	0.0925
0.0243	0.9287	0.0227	0.0243
0.0243	0.1591	0.1396	0.677
0.0243	0.0422	0.1006	0.8329
0.0243	0.0227	0.8508	0.1022
0.0633	0.7923	0.0227	0.1217
0.0243	0.919	0.0324	0.0243
0.0827	0.4124	0.1006	0.4042
>Motif.8.6
0.1069	0.0246	0.0246	0.844
0.3257	0.5658	0.0246	0.0839
0.1184	0.0246	0.0361	0.8209
0.176	0.1052	0.2779	0.4409
0.9246	0.0246	0.0246	0.0263
0.0263	0.4392	0.2203	0.3142
0.0263	0.0246	0.0246	0.9246
0.176	0.5658	0.0246	0.2336
>Motif.8.7
0.0334	0.4099	0.5328	0.0239
0.0239	0.8447	0.098	0.0334
0.6572	0.2208	0.0318	0.0901
0.2697	0.0602	0.58	0.0901
0.0429	0.0224	0.9108	0.0239
0.0239	0.1169	0.684	0.1752
0.0239	0.9297	0.0224	0.0239
0.695	0.0885	0.0318	0.1846
>Motif.8.8
0.0274	0.1263	0.0256	0.8206
0.7703	0.0256	0.1767	0.0274
0.0274	0.504	0.0634	0.4051
0.0652	0.1641	0.0382	0.7325
0.4681	0.353	0.0256	0.1533
0.0652	0.8818	0.0256	0.0274
0.5185	0.1137	0.076	0.2918
0.0778	0.0382	0.076	0.808
>Motif.9.1
0.5632	0.1247	0.0333	0.2788
0.7461	0.0536	0.1755	0.0248
0.7156	0.1044	0.1146	0.0654
0.0248	0.9273	0.0231	0.0248
0.1772	0.7749	0.0231	0.0248
0.7867	0.0638	0.0435	0.1061
0.0248	0.9171	0.0231	0.0349
0.8274	0.0435	0.1044	0.0248
0.4007	0.0841	0.4193	0.0959
>Motif.9.2
0.0603	0.0813	0.8323	0.0261
0.0603	0.6047	0.2747	0.0603
0.0261	0.8892	0.0472	0.0375
0.2423	0.3658	0.0244	0.3675
0.2651	0.0244	0.6843	0.0261
0.0261	0.0244	0.9119	0.0375
0.0375	0.0358	0.8892	0.0375
0.0261	0.9119	0.0358	0.0261
0.5268	0.1496	0.0358	0.2878
>Motif.9.3
0.03	0.028	0.912	0.03
0.4263	0.028	0.409	0.1367
0.03	0.028	0.7138	0.2281
0.03	0.912	0.028	0.03
0.3653	0.3481	0.1347	0.1519
0.03	0.028	0.1042	0.8377
0.2129	0.028	0.7291	0.03
0.0453	0.028	0.028	0.8987
0.0757	0.2566	0.1804	0.4872
>Motif.9.4
0.2206	0.1462	0.5215	0.1117
0.4749	0.0494	0.3399	0.1359
0.0269	0.921	0.0251	0.0269
0.8623	0.0251	0.0857	0.0269
0.0269	0.1341	0.0251	0.8138
0.0269	0.0251	0.921	0.0269
0.0269	0.352	0.0251	0.5959
0.1238	0.5699	0.2794	0.0269
0.4143	0.5094	0.0494	0.0269
>Motif.9.5
0.9213	0.0256	0.0256	0.0274
0.0274	0.8943	0.0256	0.0526
0.0652	0.6929	0.0256	0.2163
0.8332	0.0634	0.076	0.0274
0.0274	0.9195	0.0256	0.0274
0.871	0.0256	0.076	0.0274
0.317	0.2396	0.3152	0.1282
0.2541	0.3026	0.353	0.0904
0.1659	0.29	0.2396	0.3044
>Motif.9.6
0.0478	0.0955	0.1619	0.6948
0.1474	0.56	0.195	0.0976
0.0312	0.0292	0.0457	0.8939
0.1971	0.0292	0.5766	0.1971
0.8607	0.0789	0.0292	0.0312
0.0312	0.4937	0.3444	0.1308
0.0312	0.0292	0.0292	0.9105
0.0644	0.8586	0.0292	0.0478
0.7114	0.1785	0.0623	0.0478
>Motif.9.7
0.03	0.1347	0.028	0.8073
0.1977	0.47	0.0433	0.2891
0.2434	0.1804	0.0585	0.5177
0.1519	0.2566	0.1499	0.4415
0.853	0.028	0.028	0.091
0.03	0.0737	0.089	0.8073
0.0605	0.028	0.028	0.8835
0.0757	0.7291	0.0585	0.1367
0.03	0.8967	0.0433	0.03
>Motif.9.8
0.1601	0.522	0.0669	0.2511
0.0326	0.0851	0.1215	0.7608
0.779	0.0305	0.0305	0.1601
0.2511	0.0487	0.1033	0.597
0.4695	0.1215	0.0851	0.3239
0.8519	0.0305	0.0487	0.069
0.3239	0.0305	0.0305	0.6152
0.1054	0.0669	0.0305	0.7972
0.8155	0.0487	0.0305	0.1054
>Motif.9.9
0.9223	0.0253	0.0253	0.0271
0.0271	0.197	0.3074	0.4686
0.0271	0.0253	0.0253	0.9223
0.1743	0.6998	0.0989	0.0271
0.3582	0.5649	0.0376	0.0394
0.1129	0.1357	0.0989	0.6525
0.0271	0.0253	0.1479	0.7997
0.1007	0.0621	0.5158	0.3214
0.0761	0.6139	0.0621	0.2478
>Motif.10.1
0.04	0.8692	0.0256	0.0652
0.0526	0.1893	0.0256	0.7325
0.04	0.0382	0.6677	0.2541
0.0526	0.0508	0.8566	0.04
0.0904	0.1893	0.6929	0.0274
0.0274	0.8692	0.0256	0.0778
0.2792	0.0886	0.1515	0.4807
0.103	0.076	0.1137	0.7073
0.0274	0.0382	0.8943	0.04
0.2289	0.2271	0.0382	0.5059
>Motif.10.2
0.0265	0.9224	0.0247	0.0265
0.7959	0.0247	0.1529	0.0265
0.2596	0.0946	0.1063	0.5394
0.0265	0.0247	0.9224	0.0265
0.0265	0.2928	0.1879	0.4928
0.0381	0.7708	0.1646	0.0265
0.4695	0.3745	0.0597	0.0964
0.4695	0.0247	0.2579	0.248
0.0614	0.048	0.7708	0.1197
0.1197	0.0597	0.7592	0.0614
>Motif.10.3
0.0296	0.0866	0.7361	0.1477
0.31	0.1162	0.4852	0.0886
0.5167	0.0276	0.4262	0.0296
0.0296	0.9133	0.0276	0.0296
0.8267	0.0276	0.0571	0.0886
0.1624	0.0866	0.0276	0.7233
0.0443	0.0276	0.8985	0.0296
0.0296	0.1605	0.0276	0.7824
0.1329	0.4409	0.19	0.2362
0.2067	0.5885	0.1162	0.0886
>Motif.10.4
0.6244	0.028	0.2109	0.1367
0.1672	0.0585	0.1499	0.6244
0.091	0.0737	0.8053	0.03
0.9139	0.028	0.028	0.03
0.0453	0.2566	0.6681	0.03
0.03	0.028	0.1652	0.7768
0.1977	0.5309	0.028	0.2434
0.8682	0.0585	0.028	0.0453
0.0605	0.1195	0.409	0.411
0.6853	0.1347	0.1042	0.0757
>Motif.10.5
0.0302	0.0747	0.1057	0.7893
0.0302	0.0282	0.8493	0.0922
0.0767	0.0592	0.0592	0.8048
0.0302	0.0282	0.8648	0.0767
0.0457	0.0592	0.8648	0.0302
0.0922	0.0902	0.0592	0.7584
0.0302	0.0592	0.0282	0.8823
0.2626	0.0437	0.1367	0.557
0.2626	0.1057	0.2606	0.3711
0.2161	0.1677	0.3846	0.2316
>Motif.10.6
0.9105	0.0292	0.0292	0.0312
0.6948	0.0457	0.0789	0.1805
0.3298	0.0457	0.3775	0.2469
0.1805	0.2448	0.4107	0.1639
0.5621	0.3112	0.0457	0.081
0.6119	0.1287	0.0292	0.2303
0.8939	0.0457	0.0292	0.0312
0.0312	0.0457	0.8254	0.0976
0.2469	0.0292	0.6927	0.0312
0.0312	0.9084	0.0292	0.0312
>Motif.10.7
0.0777	0.69	0.0285	0.2038
0.6763	0.0442	0.123	0.1565
0.1565	0.0285	0.7058	0.1092
0.5503	0.0442	0.375	0.0305
0.0305	0.7846	0.0757	0.1092
0.8811	0.0442	0.0285	0.0462
0.1722	0.1072	0.0285	0.6921
0.0777	0.0285	0.8633	0.0305
0.0935	0.4853	0.0285	0.3928
0.6291	0.06	0.06	0.251
>Motif.10.8
0.1648	0.6374	0.033	0.1648
0.0785	0.0545	0.0761	0.7908
0.7261	0.033	0.033	0.208
0.1648	0.033	0.0977	0.7045
0.5102	0.1409	0.0977	0.2512
0.7477	0.033	0.0545	0.1648
0.3159	0.0545	0.033	0.5966
0.0785	0.0545	0.033	0.834
0.8124	0.0545	0.033	0.1001
0.3375	0.3568	0.1193	0.1864
>Motif.10.9
0.1866	0.0985	0.6488	0.0662
0.1006	0.0469	0.0813	0.7713
0.7541	0.0813	0.0297	0.135
0.7541	0.0297	0.1672	0.049
0.7025	0.0297	0.0469	0.221
0.0318	0.0297	0.0297	0.9089
0.2038	0.0813	0.3564	0.3585
0.7885	0.0469	0.0985	0.0662
0.2038	0.408	0.2876	0.1006
0.1694	0.6316	0.0641	0.135
>Motif.10.10
0.9187	0.0265	0.0265	0.0283
0.2037	0.1074	0.2018	0.487
0.0283	0.1344	0.1479	0.6894
0.0958	0.3233	0.0265	0.5545
0.7434	0.0265	0.04	0.1902
0.0823	0.728	0.0939	0.0958
0.4466	0.2963	0.0534	0.2037
0.2712	0.1209	0.0939	0.514
0.0553	0.8899	0.0265	0.0283
0.6759	0.1074	0.1074	0.1093
