>Average_13
0.750752261316	1.51056489085e-06	0.249244717555	1.51056489085e-06
1.51056489085e-06	0.998484903414	1.51056489085e-06	0.00151207545574
0.877639712147	1.51056489085e-06	0.0694874955438	0.0528712817445
0.0302128083818	0.0589135413079	0.00755433501912	0.903319315291
0.00302264034658	1.51056489085e-06	0.996974338524	1.51056489085e-06
0.0743968314391	0.394636588299	0.0577806176398	0.473185962623
>Motif.9.3
1.69480035252e-05	1.69480035252e-05	0.999949155989	1.69480035252e-05
0.440665039658	1.69480035252e-05	0.440665039658	0.11865297268
1.69480035252e-05	1.69480035252e-05	0.779625110162	0.220340993831
1.69480035252e-05	0.999949155989	1.69480035252e-05	1.69480035252e-05
0.372873025558	0.355925022032	0.11865297268	0.15254897973
1.69480035252e-05	1.69480035252e-05	0.0847569656294	0.915209138364
0.203392990306	1.69480035252e-05	0.796573113687	1.69480035252e-05
0.0169649515287	1.69480035252e-05	1.69480035252e-05	0.983001152464
0.0508609585791	0.271185004406	0.169496983255	0.508457053759
>Average_16
0.10816558097	0.655095427013	0.0959208829244	0.140818109092
0.56326019167	0.097961665932	0.232653344435	0.106124797962
0.167348288191	0.0571460057795	0.738767530326	0.0367381757033
0.175511420222	0.00408564758126	0.80407258657	0.016330345627
0.0897985339015	0.865296076799	0.0122487796118	0.032656609688
0.885703906875	0.0775538358557	0.032656609688	0.00408564758126
0.387752853015	0.106124797962	0.0612275717947	0.444894777228
0.0122487796118	4.08156601525e-06	0.987743057256	4.08156601525e-06
>Average_14
0.140002933255	0.546658755767	0.140002933255	0.173335377723
0.0600050665316	0.886649689342	0.0133396442762	0.0400055998507
0.153335911042	0.220000799979	6.66648889363e-06	0.62665662249
0.0466720887443	0.0266726220634	0.55332524466	0.373330044532
0.0133396442762	0.0933375109997	0.879983200448	0.0133396442762
0.299998666702	0.180001866617	0.519992800192	6.66648889363e-06
6.66648889363e-06	0.973314044959	6.66648889363e-06	0.0266726220634
0.426661955681	0.0800045332124	0.106670488787	0.386663022319
0.0400055998507	0.100003999893	0.0466720887443	0.813318311512
6.66648889363e-06	0.00667315538252	0.986647022746	0.00667315538252
>Motif.9.2
0.0375106244688	0.0625093745313	0.899967501625	1.24993750312e-05
0.0375106244688	0.649980001	0.274998750062	0.0375106244688
1.24993750312e-05	0.962464376781	0.0250112494375	0.0125118744063
0.25	0.374993750312	1.24993750312e-05	0.374993750312
0.262499375031	1.24993750312e-05	0.737475626219	1.24993750312e-05
1.24993750312e-05	1.24993750312e-05	0.987463126844	0.0125118744063
0.0125118744063	0.0125118744063	0.962464376781	0.0125118744063
1.24993750312e-05	0.987463126844	0.0125118744063	1.24993750312e-05
0.54998500075	0.137505624719	0.0125118744063	0.299997500125
>Average_12
0.562195051256	0.151570999314	0.170894484111	0.115339465319
0.898544458508	0.0410648206298	0.0314030782311	0.0289876426315
2.41543559966e-06	0.987915575695	0.00483328663491	0.00724872223457
0.125605066618	0.770526371726	2.41543559966e-06	0.103866146221
0.876805538111	0.0314030782311	0.0483111274287	0.0434802562294
0.00966415783422	0.987915575695	2.41543559966e-06	0.00241785103526
0.908206200906	0.0241567714322	0.067634612226	2.41543559966e-06
>Average_3
0.144449135594	0.633316297053	0.0222323452291	0.200002222123
0.0222323452291	0.0444535798409	0.0777854317586	0.855528643171
0.83330740856	1.11106173059e-05	1.11106173059e-05	0.166670370206
0.222223456735	0.0111217279232	0.0777854317586	0.688869383583
0.5333207413	0.111117283676	0.0666748144527	0.288887160571
0.888860495089	1.11106173059e-05	0.0222323452291	0.0888960490645
0.322219012488	0.0111217279232	1.11106173059e-05	0.666648148971
0.0666748144527	0.033342962535	1.11106173059e-05	0.899971112395
0.877749877783	0.0222323452291	1.11106173059e-05	0.10000666637
>Motif.10.6
0.999944448559	1.8517146878e-05	1.8517146878e-05	1.8517146878e-05
0.740704392267	0.0185356640249	0.0555699577809	0.185189985927
0.333327160951	0.0185356640249	0.388878601585	0.259258573439
0.166672839049	0.240741426561	0.444430042219	0.148155692171
0.592567217243	0.314810014073	0.0185356640249	0.0740871046589
0.648118657877	0.111121398415	1.8517146878e-05	0.240741426561
0.981427301681	0.0185356640249	1.8517146878e-05	1.8517146878e-05
1.8517146878e-05	0.0185356640249	0.907358714169	0.0740871046589
0.240741426561	1.8517146878e-05	0.759221539145	1.8517146878e-05
1.8517146878e-05	0.999944448559	1.8517146878e-05	1.8517146878e-05
>Average_11
0.00338171105796	0.00338171105796	0.0304083728598	0.962828205024
0.10811002554	3.37833272523e-06	0.726344914258	0.165541681869
0.959449872299	0.0405433710355	3.37833272523e-06	3.37833272523e-06
0.0540567019365	0.493239956217	0.354728314482	0.0979750273645
3.37833272523e-06	3.37833272523e-06	0.00338171105796	0.996611532277
0.0641917001122	0.908774881421	0.0101383765084	0.0168950419589
0.874991554168	0.0608133673869	0.0236517074094	0.0405433710355
