>Motif.5.3
0.999979310916	6.89636147968e-06	6.89636147968e-06	6.89636147968e-06
6.89636147968e-06	0.999979310916	6.89636147968e-06	6.89636147968e-06
0.882741165761	6.89636147968e-06	0.117245041516	6.89636147968e-06
6.89636147968e-06	0.131037764475	6.89636147968e-06	0.868948442802
6.89636147968e-06	6.89636147968e-06	0.999979310916	6.89636147968e-06
>Motif.6.1
0.558612176216	6.89636147968e-06	0.441374031061	6.89636147968e-06
6.89636147968e-06	0.999979310916	6.89636147968e-06	6.89636147968e-06
0.999979310916	6.89636147968e-06	6.89636147968e-06	6.89636147968e-06
6.89636147968e-06	6.89636147968e-06	6.89636147968e-06	0.999979310916
6.89636147968e-06	6.89636147968e-06	0.999979310916	6.89636147968e-06
6.89636147968e-06	0.441374031061	6.89636147968e-06	0.558612176216
>Motif.6.3
0.999969698194	1.01006019959e-05	1.01006019959e-05	1.01006019959e-05
1.01006019959e-05	0.999969698194	1.01006019959e-05	1.01006019959e-05
0.232323946507	0.575744414367	1.01006019959e-05	0.191921538524
0.919164882227	1.01006019959e-05	0.080814916569	1.01006019959e-05
1.01006019959e-05	0.999969698194	1.01006019959e-05	1.01006019959e-05
0.95956729021	1.01006019959e-05	0.0404125085855	1.01006019959e-05
>Motif.7.1
1.06378451981e-05	0.0319241734394	1.06378451981e-05	0.96805455087
1.06378451981e-05	1.06378451981e-05	0.904227479682	0.0957512446279
0.999968086464	1.06378451981e-05	1.06378451981e-05	1.06378451981e-05
0.159578315816	0.340421684184	0.404248755372	0.0957512446279
1.06378451981e-05	1.06378451981e-05	1.06378451981e-05	0.999968086464
0.180854006213	0.765935492107	1.06378451981e-05	0.0531998638356
0.999968086464	1.06378451981e-05	1.06378451981e-05	1.06378451981e-05
>Motif.7.2
0.111114742098	0.16993673368	0.647048443178	0.0719000810436
0.660119996863	6.53577684244e-06	0.339866931583	6.53577684244e-06
6.53577684244e-06	0.999980392669	6.53577684244e-06	6.53577684244e-06
0.797371310554	6.53577684244e-06	0.0784358578861	0.124186295783
6.53577684244e-06	0.0588285273588	6.53577684244e-06	0.941158401088
6.53577684244e-06	6.53577684244e-06	0.999980392669	6.53577684244e-06
6.53577684244e-06	0.49018979896	6.53577684244e-06	0.509797129487
>Motif.8.1
0.393251988675	0.235955687385	0.325839288122	0.0449530358186
0.0224821356344	1.12354500921e-05	1.12354500921e-05	0.977495393465
1.12354500921e-05	1.12354500921e-05	0.910082692913	0.0898948361871
0.988730843558	0.0112466855422	1.12354500921e-05	1.12354500921e-05
0.078659386095	0.438193789043	0.404487438767	0.078659386095
1.12354500921e-05	1.12354500921e-05	1.12354500921e-05	0.99996629365
0.123601186464	0.84266999236	1.12354500921e-05	0.0337175857265
0.921318143005	0.0674239360029	0.0112466855422	1.12354500921e-05
>Motif.8.2
0.442097174856	0.105269251821	0.0210622710623	0.431571302261
0.652614626753	0.178950359985	0.115795124416	0.0526398888468
0.894709696434	0.0631657614416	1.05258725948e-05	0.0421140162519
1.05258725948e-05	0.999968422382	1.05258725948e-05	1.05258725948e-05
0.0736916340365	0.831554460865	1.05258725948e-05	0.0947433792261
0.84208033346	0.0421140162519	0.0421140162519	0.0736916340365
1.05258725948e-05	0.999968422382	1.05258725948e-05	1.05258725948e-05
0.873657951244	0.0315881436571	0.0947433792261	1.05258725948e-05
>Motif.8.3
0.855392511204	1.20476121633e-05	0.144583393571	1.20476121633e-05
1.20476121633e-05	0.999963857164	1.20476121633e-05	1.20476121633e-05
0.867440123368	1.20476121633e-05	0.0482024962652	0.084345332755
0.180726230061	0.0482024962652	0.0602501084285	0.710821165245
0.0241072719387	1.20476121633e-05	0.975868632837	1.20476121633e-05
0.0482024962652	0.385535636837	1.20476121633e-05	0.566249819286
0.0602501084285	0.46986892198	0.0963929449183	0.373488024674
1.20476121633e-05	0.987916245	0.0120596597754	1.20476121633e-05
>Motif.8.4
1.06378451981e-05	0.999968086464	1.06378451981e-05	1.06378451981e-05
0.606367814136	0.159578315816	0.117026935024	0.117026935024
0.351059529382	0.13830262542	0.468075826561	0.0425620186375
1.06378451981e-05	1.06378451981e-05	0.999968086464	1.06378451981e-05
0.148940470618	0.819124718097	1.06378451981e-05	0.0319241734394
0.829762563295	0.106389089826	0.0638377090337	1.06378451981e-05
0.202129696609	0.0957512446279	1.06378451981e-05	0.702108420918
1.06378451981e-05	1.06378451981e-05	0.999968086464	1.06378451981e-05
>Motif.8.5
0.297870303391	0.542540742947	0.0851133994298	0.0744755542317
1.06378451981e-05	0.999968086464	1.06378451981e-05	1.06378451981e-05
1.06378451981e-05	0.159578315816	0.127664780222	0.712746266116
1.06378451981e-05	0.0212863282414	0.0851133994298	0.893589634484
1.06378451981e-05	1.06378451981e-05	0.91486532488	0.0851133994298
0.0425620186375	0.851038253691	1.06378451981e-05	0.106389089826
1.06378451981e-05	0.989330241266	0.0106484830433	1.06378451981e-05
0.0638377090337	0.425524445768	0.0851133994298	0.425524445768
>Motif.9.1
0.599984445136	0.111117283676	0.0111217279232	0.277776543265
0.799975556642	0.033342962535	0.166670370206	1.11106173059e-05
0.755533087418	0.10000666637	0.10000666637	0.0444535798409
1.11106173059e-05	0.999966668148	1.11106173059e-05	1.11106173059e-05
0.177780987512	0.822196791254	1.11106173059e-05	1.11106173059e-05
0.844418025866	0.0444535798409	0.0222323452291	0.0888960490645
1.11106173059e-05	0.988856050842	1.11106173059e-05	0.0111217279232
0.888860495089	0.0222323452291	0.0888960490645	1.11106173059e-05
0.411103950936	0.0666748144527	0.444435802853	0.0777854317586
>Motif.9.2
0.0375106244688	0.0625093745313	0.899967501625	1.24993750312e-05
0.0375106244688	0.649980001	0.274998750062	0.0375106244688
1.24993750312e-05	0.962464376781	0.0250112494375	0.0125118744063
0.25	0.374993750312	1.24993750312e-05	0.374993750312
0.262499375031	1.24993750312e-05	0.737475626219	1.24993750312e-05
1.24993750312e-05	1.24993750312e-05	0.987463126844	0.0125118744063
0.0125118744063	0.0125118744063	0.962464376781	0.0125118744063
1.24993750312e-05	0.987463126844	0.0125118744063	1.24993750312e-05
0.54998500075	0.137505624719	0.0125118744063	0.299997500125
>Motif.9.3
1.69480035252e-05	1.69480035252e-05	0.999949155989	1.69480035252e-05
0.440665039658	1.69480035252e-05	0.440665039658	0.11865297268
1.69480035252e-05	1.69480035252e-05	0.779625110162	0.220340993831
1.69480035252e-05	0.999949155989	1.69480035252e-05	1.69480035252e-05
0.372873025558	0.355925022032	0.11865297268	0.15254897973
1.69480035252e-05	1.69480035252e-05	0.0847569656294	0.915209138364
0.203392990306	1.69480035252e-05	0.796573113687	1.69480035252e-05
0.0169649515287	1.69480035252e-05	1.69480035252e-05	0.983001152464
0.0508609585791	0.271185004406	0.169496983255	0.508457053759
>Motif.9.4
0.226667911045	0.133339555224	0.546650845288	0.0933416884433
0.506652978508	0.0266785771426	0.346661511386	0.120006932964
1.33326222601e-05	0.999960002133	1.33326222601e-05	1.33326222601e-05
0.933296890832	1.33326222601e-05	0.066676443923	1.33326222601e-05
1.33326222601e-05	0.120006932964	1.33326222601e-05	0.879966401792
1.33326222601e-05	1.33326222601e-05	0.999960002133	1.33326222601e-05
1.33326222601e-05	0.373326755906	1.33326222601e-05	0.626646578849
0.106674310703	0.613313956589	0.279998400085	1.33326222601e-05
0.426657244947	0.546650845288	0.0266785771426	1.33326222601e-05
>Motif.9.5
0.999958335648	1.38881173268e-05	1.38881173268e-05	1.38881173268e-05
1.38881173268e-05	0.972182100994	1.38881173268e-05	0.027790122771
0.0416782400978	0.749972223765	1.38881173268e-05	0.20833564802
0.90274151436	0.0416782400978	0.0555663574246	1.38881173268e-05
1.38881173268e-05	0.999958335648	1.38881173268e-05	1.38881173268e-05
0.944405866341	1.38881173268e-05	0.0555663574246	1.38881173268e-05
0.333328703961	0.236111882673	0.319440586634	0.111118826732
0.25	0.319440586634	0.361104938615	0.0694544747514
0.152783178712	0.305552469307	0.236111882673	0.305552469307
>Motif.9.6
0.0185356640249	0.0740871046589	0.166672839049	0.740704392267
0.129638545293	0.592567217243	0.203707132805	0.0740871046589
1.8517146878e-05	1.8517146878e-05	0.0185356640249	0.981427301681
0.185189985927	1.8517146878e-05	0.629601510999	0.185189985927
0.944393007925	0.0555699577809	1.8517146878e-05	1.8517146878e-05
1.8517146878e-05	0.537015776609	0.351844307829	0.111121398415
1.8517146878e-05	1.8517146878e-05	1.8517146878e-05	0.999944448559
0.0370528109029	0.944393007925	1.8517146878e-05	0.0185356640249
0.777738686023	0.166672839049	0.0370528109029	0.0185356640249
>Motif.9.8
0.142865888499	0.571402334503	0.040833401355	0.244898375643
2.04064974288e-05	0.0612398987838	0.102052893641	0.836686801077
0.857093298506	2.04064974288e-05	2.04064974288e-05	0.142865888499
0.265304873072	0.0204269039262	0.0816463962126	0.63262182679
0.510182842217	0.102052893641	0.0612398987838	0.326524365358
0.938719288221	2.04064974288e-05	0.0204269039262	0.040833401355
0.326524365358	2.04064974288e-05	2.04064974288e-05	0.673434821647
0.0816463962126	0.040833401355	2.04064974288e-05	0.877499795935
0.877499795935	0.0204269039262	2.04064974288e-05	0.102052893641
>Motif.10.1
0.0139020054441	0.944405866341	1.38881173268e-05	0.0416782400978
0.0416782400978	0.180559413366	1.38881173268e-05	0.777748458419
0.0139020054441	0.0139020054441	0.722195989112	0.25
0.027790122771	0.027790122771	0.930517749014	0.0139020054441
0.0694544747514	0.180559413366	0.749972223765	1.38881173268e-05
1.38881173268e-05	0.944405866341	1.38881173268e-05	0.0555663574246
0.277776234654	0.0694544747514	0.138895061385	0.513874229209
0.0833425920782	0.0555663574246	0.097230709405	0.763860341092
1.38881173268e-05	0.0139020054441	0.972182100994	0.0139020054441
0.222223765346	0.222223765346	0.0139020054441	0.541650463863
>Motif.10.2
1.2819855392e-05	0.999961540434	1.2819855392e-05	1.2819855392e-05
0.858943131121	1.2819855392e-05	0.141031229168	1.2819855392e-05
0.269229783088	0.0769319522076	0.0897518075996	0.564086457105
1.2819855392e-05	1.2819855392e-05	0.999961540434	1.2819855392e-05
1.2819855392e-05	0.307689349264	0.179490795344	0.512807035537
0.0128326752474	0.833303420337	0.15385108456	1.2819855392e-05
0.487167324753	0.397428337008	0.0384723860315	0.0769319522076
0.487167324753	1.2819855392e-05	0.256409927696	0.256409927696
0.0384723860315	0.0256525306395	0.833303420337	0.102571662992
0.102571662992	0.0384723860315	0.820483564945	0.0384723860315
>Motif.10.3
1.63923677136e-05	0.0655858632221	0.803242410334	0.131155334076
0.311471378926	0.0983705986493	0.524572159203	0.0655858632221
0.540964526916	1.63923677136e-05	0.459002688348	1.63923677136e-05
1.63923677136e-05	0.999950822897	1.63923677136e-05	1.63923677136e-05
0.885204248902	1.63923677136e-05	0.0328011277949	0.0819782309357
0.14754770179	0.0655858632221	1.63923677136e-05	0.78685004262
0.0164087600813	1.63923677136e-05	0.983558455183	1.63923677136e-05
1.63923677136e-05	0.14754770179	1.63923677136e-05	0.852419513475
0.114762966363	0.475395056062	0.180332437217	0.229509540358
0.196724804931	0.639318733198	0.0983705986493	0.0655858632221
>Motif.10.4
0.660989085486	1.69480035252e-05	0.220340993831	0.11865297268
0.15254897973	0.0339129550539	0.15254897973	0.660989085486
0.0678089621043	0.0508609585791	0.881313131313	1.69480035252e-05
0.999949155989	1.69480035252e-05	1.69480035252e-05	1.69480035252e-05
0.0169649515287	0.254237000881	0.728781099586	1.69480035252e-05
1.69480035252e-05	1.69480035252e-05	0.15254897973	0.847417124263
0.186444986781	0.57624906786	1.69480035252e-05	0.237288997356
0.949105145414	0.0339129550539	1.69480035252e-05	0.0169649515287
0.0339129550539	0.101704969155	0.440665039658	0.423717036133
0.745729103112	0.11865297268	0.0847569656294	0.0508609585791
>Motif.10.5
1.72401903317e-05	0.0517378111854	0.0862181918488	0.862026756775
1.72401903317e-05	1.72401903317e-05	0.930987518102	0.0689780015171
0.0517378111854	0.0344976208537	0.0344976208537	0.879266947107
1.72401903317e-05	1.72401903317e-05	0.948227708434	0.0517378111854
0.017257430522	0.0344976208537	0.948227708434	1.72401903317e-05
0.0689780015171	0.0689780015171	0.0344976208537	0.827546376112
1.72401903317e-05	0.0344976208537	1.72401903317e-05	0.965467898766
0.258620095166	0.017257430522	0.137938762844	0.586183711468
0.258620095166	0.103458382181	0.258620095166	0.379301427488
0.224139714502	0.155178953176	0.396541617819	0.224139714502
>Motif.10.6
0.999944448559	1.8517146878e-05	1.8517146878e-05	1.8517146878e-05
0.740704392267	0.0185356640249	0.0555699577809	0.185189985927
0.333327160951	0.0185356640249	0.388878601585	0.259258573439
0.166672839049	0.240741426561	0.444430042219	0.148155692171
0.592567217243	0.314810014073	0.0185356640249	0.0740871046589
0.648118657877	0.111121398415	1.8517146878e-05	0.240741426561
0.981427301681	0.0185356640249	1.8517146878e-05	1.8517146878e-05
1.8517146878e-05	0.0185356640249	0.907358714169	0.0740871046589
0.240741426561	1.8517146878e-05	0.759221539145	1.8517146878e-05
1.8517146878e-05	0.999944448559	1.8517146878e-05	1.8517146878e-05
>Motif.10.7
0.052645428391	0.75435057189	1.75426285875e-05	0.192986457091
0.719265314715	0.0175601712161	0.105273314153	0.157901199916
0.140358571328	1.75426285875e-05	0.771893200477	0.0877306855659
0.578924286015	0.0175601712161	0.40349800014	1.75426285875e-05
1.75426285875e-05	0.859606343414	0.052645428391	0.0877306855659
0.964862114939	0.0175601712161	1.75426285875e-05	0.0175601712161
0.157901199916	0.0877306855659	1.75426285875e-05	0.75435057189
0.052645428391	1.75426285875e-05	0.947319486352	1.75426285875e-05
0.0701880569785	0.526296400253	1.75426285875e-05	0.40349800014
0.68418005754	0.0351027998035	0.0351027998035	0.245614342853
>Motif.10.8
0.146351575456	0.707272461223	2.43878645986e-05	0.146351575456
0.0488001170618	0.0244122524632	0.0488001170618	0.877987513413
0.804823919618	2.43878645986e-05	2.43878645986e-05	0.195127304653
0.170739440055	2.43878645986e-05	0.0731879816603	0.75604819042
0.560945273632	0.121963710857	0.0731879816603	0.24390303385
0.829211784216	2.43878645986e-05	0.0244122524632	0.146351575456
0.317066627646	0.0244122524632	2.43878645986e-05	0.658496732026
0.0488001170618	0.0244122524632	2.43878645986e-05	0.92676324261
0.877987513413	0.0244122524632	2.43878645986e-05	0.0975758462589
0.341454492245	0.390230221442	0.0975758462589	0.170739440055
