>GimmeMotifs_1
1.63923677136e-05	0.0655858632221	0.803242410334	0.131155334076
0.311471378926	0.0983705986493	0.524572159203	0.0655858632221
0.540964526916	1.63923677136e-05	0.459002688348	1.63923677136e-05
1.63923677136e-05	0.999950822897	1.63923677136e-05	1.63923677136e-05
0.885204248902	1.63923677136e-05	0.0328011277949	0.0819782309357
0.14754770179	0.0655858632221	1.63923677136e-05	0.78685004262
0.0164087600813	1.63923677136e-05	0.983558455183	1.63923677136e-05
1.63923677136e-05	0.14754770179	1.63923677136e-05	0.852419513475
0.114762966363	0.475395056062	0.180332437217	0.229509540358
0.196724804931	0.639318733198	0.0983705986493	0.0655858632221
>GimmeMotifs_2
1.69480035252e-05	1.69480035252e-05	0.999949155989	1.69480035252e-05
0.440665039658	1.69480035252e-05	0.440665039658	0.11865297268
1.69480035252e-05	1.69480035252e-05	0.779625110162	0.220340993831
1.69480035252e-05	0.999949155989	1.69480035252e-05	1.69480035252e-05
0.372873025558	0.355925022032	0.11865297268	0.15254897973
1.69480035252e-05	1.69480035252e-05	0.0847569656294	0.915209138364
0.203392990306	1.69480035252e-05	0.796573113687	1.69480035252e-05
0.0169649515287	1.69480035252e-05	1.69480035252e-05	0.983001152464
0.0508609585791	0.271185004406	0.169496983255	0.508457053759
>GimmeMotifs_3
0.052645428391	0.75435057189	1.75426285875e-05	0.192986457091
0.719265314715	0.0175601712161	0.105273314153	0.157901199916
0.140358571328	1.75426285875e-05	0.771893200477	0.0877306855659
0.578924286015	0.0175601712161	0.40349800014	1.75426285875e-05
1.75426285875e-05	0.859606343414	0.052645428391	0.0877306855659
0.964862114939	0.0175601712161	1.75426285875e-05	0.0175601712161
0.157901199916	0.0877306855659	1.75426285875e-05	0.75435057189
0.052645428391	1.75426285875e-05	0.947319486352	1.75426285875e-05
0.0701880569785	0.526296400253	1.75426285875e-05	0.40349800014
0.68418005754	0.0351027998035	0.0351027998035	0.245614342853
>GimmeMotifs_4
0.0139020054441	0.944405866341	1.38881173268e-05	0.0416782400978
0.0416782400978	0.180559413366	1.38881173268e-05	0.777748458419
0.0139020054441	0.0139020054441	0.722195989112	0.25
0.027790122771	0.027790122771	0.930517749014	0.0139020054441
0.0694544747514	0.180559413366	0.749972223765	1.38881173268e-05
1.38881173268e-05	0.944405866341	1.38881173268e-05	0.0555663574246
0.277776234654	0.0694544747514	0.138895061385	0.513874229209
0.0833425920782	0.0555663574246	0.097230709405	0.763860341092
1.38881173268e-05	0.0139020054441	0.972182100994	0.0139020054441
0.222223765346	0.222223765346	0.0139020054441	0.541650463863
>GimmeMotifs_5
0.0375106244688	0.0625093745313	0.899967501625	1.24993750312e-05
0.0375106244688	0.649980001	0.274998750062	0.0375106244688
1.24993750312e-05	0.962464376781	0.0250112494375	0.0125118744063
0.25	0.374993750312	1.24993750312e-05	0.374993750312
0.262499375031	1.24993750312e-05	0.737475626219	1.24993750312e-05
1.24993750312e-05	1.24993750312e-05	0.987463126844	0.0125118744063
0.0125118744063	0.0125118744063	0.962464376781	0.0125118744063
1.24993750312e-05	0.987463126844	0.0125118744063	1.24993750312e-05
0.54998500075	0.137505624719	0.0125118744063	0.299997500125
>GimmeMotifs_6
0.442097174856	0.105269251821	0.0210622710623	0.431571302261
0.652614626753	0.178950359985	0.115795124416	0.0526398888468
0.894709696434	0.0631657614416	1.05258725948e-05	0.0421140162519
1.05258725948e-05	0.999968422382	1.05258725948e-05	1.05258725948e-05
0.0736916340365	0.831554460865	1.05258725948e-05	0.0947433792261
0.84208033346	0.0421140162519	0.0421140162519	0.0736916340365
1.05258725948e-05	0.999968422382	1.05258725948e-05	1.05258725948e-05
0.873657951244	0.0315881436571	0.0947433792261	1.05258725948e-05
>GimmeMotifs_7
0.142865888499	0.571402334503	0.040833401355	0.244898375643
2.04064974288e-05	0.0612398987838	0.102052893641	0.836686801077
0.857093298506	2.04064974288e-05	2.04064974288e-05	0.142865888499
0.265304873072	0.0204269039262	0.0816463962126	0.63262182679
0.510182842217	0.102052893641	0.0612398987838	0.326524365358
0.938719288221	2.04064974288e-05	0.0204269039262	0.040833401355
0.326524365358	2.04064974288e-05	2.04064974288e-05	0.673434821647
0.0816463962126	0.040833401355	2.04064974288e-05	0.877499795935
0.877499795935	0.0204269039262	2.04064974288e-05	0.102052893641
>GimmeMotifs_8
0.999944448559	1.8517146878e-05	1.8517146878e-05	1.8517146878e-05
0.740704392267	0.0185356640249	0.0555699577809	0.185189985927
0.333327160951	0.0185356640249	0.388878601585	0.259258573439
0.166672839049	0.240741426561	0.444430042219	0.148155692171
0.592567217243	0.314810014073	0.0185356640249	0.0740871046589
0.648118657877	0.111121398415	1.8517146878e-05	0.240741426561
0.981427301681	0.0185356640249	1.8517146878e-05	1.8517146878e-05
1.8517146878e-05	0.0185356640249	0.907358714169	0.0740871046589
0.240741426561	1.8517146878e-05	0.759221539145	1.8517146878e-05
1.8517146878e-05	0.999944448559	1.8517146878e-05	1.8517146878e-05
>GimmeMotifs_9
0.393251988675	0.235955687385	0.325839288122	0.0449530358186
0.0224821356344	1.12354500921e-05	1.12354500921e-05	0.977495393465
1.12354500921e-05	1.12354500921e-05	0.910082692913	0.0898948361871
0.988730843558	0.0112466855422	1.12354500921e-05	1.12354500921e-05
0.078659386095	0.438193789043	0.404487438767	0.078659386095
1.12354500921e-05	1.12354500921e-05	1.12354500921e-05	0.99996629365
0.123601186464	0.84266999236	1.12354500921e-05	0.0337175857265
0.921318143005	0.0674239360029	0.0112466855422	1.12354500921e-05
