>GimmeMotifs_1
0.1739	0.2696	0.2522	0.3043
0.0609	0.3304	0.1566	0.4521
0.1739	0.2000	0.4086	0.2174
0.2695	0.0610	0.4869	0.1826
0.0696	0.9041	0.0001	0.0262
0.0001	0.9997	0.0001	0.0001
0.6173	0.0001	0.2261	0.1565
0.0609	0.6086	0.3304	0.0001
0.1131	0.5216	0.0784	0.2869
0.8953	0.0697	0.0349	0.0001
0.0001	0.0001	0.9997	0.0001
0.4086	0.0001	0.5912	0.0001
0.0609	0.0610	0.5651	0.3130
0.0001	0.0001	0.9997	0.0001
0.0783	0.0262	0.8606	0.0349
0.1131	0.8519	0.0001	0.0349
0.3565	0.0001	0.6433	0.0001
0.0609	0.5912	0.3478	0.0001
0.1131	0.4086	0.0610	0.4173
0.3304	0.2783	0.3913	0.0001
>GimmeMotifs_2
0.2300	0.5220	0.2470	0.0010
0.0010	0.9970	0.0010	0.0010
0.9770	0.0210	0.0010	0.0010
0.0210	0.0010	0.9570	0.0210
0.0010	0.7730	0.0010	0.2250
0.0010	0.2680	0.7300	0.0010
0.4510	0.5470	0.0010	0.0010
0.2520	0.7260	0.0010	0.0210
0.2470	0.7510	0.0010	0.0010
0.0220	0.5040	0.0220	0.4520
0.0010	0.9970	0.0010	0.0010
0.0010	0.0010	0.0040	0.9940
0.4780	0.2260	0.2950	0.0010
0.0010	0.7730	0.0010	0.2250
0.5040	0.0010	0.0010	0.4940
0.0210	0.0010	0.9770	0.0010
>GimmeMotifs_3
0.0880	0.7160	0.1800	0.0160
0.1900	0.0010	0.0010	0.8080
0.0880	0.1750	0.6440	0.0930
0.1750	0.7260	0.0010	0.0980
0.0010	0.7320	0.0870	0.1800
0.6500	0.2620	0.0870	0.0010
0.1750	0.1800	0.0880	0.5570
0.0920	0.7320	0.0010	0.1750
0.0880	0.1750	0.1750	0.5620
0.0050	0.0930	0.1860	0.7160
0.0930	0.2680	0.6380	0.0010
0.1750	0.0010	0.1750	0.6490
0.0010	0.0010	0.9970	0.0010
0.0050	0.2730	0.6340	0.0880
0.0880	0.4690	0.2630	0.1800
0.2680	0.0930	0.5410	0.0980
0.0930	0.0880	0.6440	0.1750
0.3710	0.4430	0.0980	0.0880
0.0930	0.1750	0.0110	0.7210
0.0880	0.3500	0.0110	0.5510
>GimmeMotifs_4
0.0010	0.9970	0.0010	0.0010
0.5530	0.4450	0.0010	0.0010
0.0010	0.1830	0.0010	0.8150
0.0010	0.9970	0.0010	0.0010
0.0010	0.0010	0.0010	0.9970
0.7990	0.0010	0.1990	0.0010
0.0010	0.0010	0.9970	0.0010
0.0010	0.0010	0.0010	0.9970
>GimmeMotifs_5
0.2020	0.0740	0.7230	0.0010
0.0790	0.9190	0.0010	0.0010
0.1180	0.0010	0.8360	0.0450
0.0800	0.6490	0.1910	0.0800
0.1760	0.0830	0.0460	0.6950
0.1250	0.1190	0.5970	0.1590
0.0980	0.8620	0.0010	0.0390
0.2370	0.0010	0.7360	0.0260
>GimmeMotifs_6
0.0010	0.0010	0.9970	0.0010
0.0010	0.0010	0.9970	0.0010
0.0010	0.3610	0.0010	0.6370
0.0010	0.0010	0.9970	0.0010
0.0010	0.0010	0.9970	0.0010
0.0010	0.9970	0.0010	0.0010
0.0010	0.0010	0.7580	0.2400
0.0010	0.9970	0.0010	0.0010
0.2400	0.7580	0.0010	0.0010
0.2750	0.0010	0.7230	0.0010
>GimmeMotifs_7
0.0010	0.9970	0.0010	0.0010
0.0540	0.0010	0.9440	0.0010
0.0010	0.3000	0.6980	0.0010
0.0010	0.9970	0.0010	0.0010
0.9970	0.0010	0.0010	0.0010
0.0010	0.0010	0.9970	0.0010
>GimmeMotifs_8
0.0010	0.9680	0.0010	0.0300
0.0300	0.0010	0.0220	0.9470
0.9680	0.0300	0.0010	0.0010
0.0010	0.0685	0.8825	0.0480
0.1756	0.5493	0.0010	0.2741
0.0865	0.0010	0.9115	0.0010
0.1255	0.1255	0.5945	0.1545
0.1255	0.5350	0.1465	0.1930
>GimmeMotifs_9
0.0002	0.4558	0.5438	0.0002
0.0002	0.6614	0.3382	0.0002
0.9994	0.0002	0.0002	0.0002
0.2353	0.0002	0.7643	0.0002
0.0002	0.9847	0.0002	0.0149
0.0002	0.0002	0.9994	0.0002
>GimmeMotifs_10
0.0010	0.0010	0.9970	0.0010
0.0010	0.9970	0.0010	0.0010
0.0010	0.0010	0.8140	0.1840
0.0010	0.0010	0.0010	0.9970
0.0010	0.0010	0.0010	0.9970
0.0010	0.0010	0.1380	0.8600
>GimmeMotifs_11
0.0730	0.7160	0.0030	0.2080
0.0030	0.0690	0.8590	0.0690
0.0690	0.7920	0.0010	0.1380
0.0680	0.0010	0.9300	0.0010
0.0010	0.9300	0.0680	0.0010
0.5770	0.1420	0.0730	0.2080
0.0690	0.1420	0.0730	0.7160
0.0690	0.0010	0.8610	0.0690
0.0680	0.9300	0.0010	0.0010
0.0690	0.1390	0.7190	0.0730
>GimmeMotifs_12
0.0010	0.6510	0.2590	0.0890
0.3040	0.2620	0.4330	0.0010
0.0460	0.2100	0.5670	0.1770
0.2320	0.7030	0.0640	0.0010
0.7520	0.2460	0.0010	0.0010
0.0010	0.0010	0.9970	0.0010
0.2210	0.7310	0.0010	0.0470
0.7720	0.1510	0.0010	0.0760
>GimmeMotifs_13
0.0010	0.1820	0.8160	0.0010
0.0010	0.6460	0.2660	0.0870
0.4420	0.0910	0.0880	0.3790
0.0870	0.1750	0.7370	0.0010
0.0010	0.6500	0.2620	0.0870
0.4460	0.0870	0.0010	0.4660
0.2620	0.0870	0.6500	0.0010
0.0010	0.9040	0.0080	0.0870
0.4530	0.0010	0.0010	0.5450
0.0080	0.0910	0.9000	0.0010
0.0010	0.9950	0.0030	0.0010
0.6320	0.0010	0.0010	0.3660
0.0040	0.0870	0.9080	0.0010
0.0010	0.9070	0.0010	0.0910
0.6330	0.0010	0.0040	0.3620
0.0010	0.0030	0.9950	0.0010
0.0010	0.7290	0.0950	0.1750
0.5420	0.0010	0.0910	0.3660
>GimmeMotifs_14
0.0000	0.0000	0.0000	1.0000
0.0000	0.0000	1.0000	0.0000
0.0000	0.0000	0.0000	1.0000
0.0000	0.0000	1.0000	0.0000
0.0000	1.0000	0.0000	0.0000
1.0000	0.0000	0.0000	0.0000
1.0000	0.0000	0.0000	0.0000
1.0000	0.0000	0.0000	0.0000
