#INCLUSive Background Model v1.0
#
#Order = 3
#Organism = mouse
#Sequences = d:\sae\projects\sista.sequence\sequenceviewer\bgModels\epd_mus_musculus_499_chromgenes_non_split.tfa
#Path = 
#

#snf
0.2566	0.2531	0.2474	0.2429	

#oligo frequency 
0.0291
0.0137
0.0197
0.0173
0.0169
0.0133
0.0064
0.0134
0.0194
0.0181
0.0205
0.0135
0.0144
0.0115
0.0132
0.0165
0.0174
0.0160
0.0224
0.0139
0.0201
0.0239
0.0125
0.0197
0.0070
0.0131
0.0119
0.0066
0.0106
0.0199
0.0209
0.0173
0.0179
0.0115
0.0197
0.0103
0.0165
0.0203
0.0129
0.0171
0.0179
0.0197
0.0228
0.0124
0.0088
0.0115
0.0153
0.0123
0.0152
0.0088
0.0097
0.0139
0.0163
0.0187
0.0068
0.0183
0.0151
0.0160
0.0177
0.0155
0.0138
0.0173
0.0150
0.0246

#transition matrix
0.3748	0.1683	0.2235	0.2334	
0.3585	0.2443	0.1132	0.2841	
0.2906	0.2123	0.2826	0.2145	
0.2762	0.1952	0.2344	0.2941	
0.2778	0.2312	0.2763	0.2147	
0.2998	0.3103	0.1347	0.2552	
0.2190	0.2632	0.2692	0.2486	
0.1869	0.2627	0.2727	0.2777	
0.3256	0.1770	0.3163	0.1810	
0.2811	0.3045	0.1535	0.2610	
0.2865	0.2448	0.2934	0.1753	
0.1919	0.2322	0.2930	0.2828	
0.3555	0.1547	0.1697	0.3201	
0.3124	0.2819	0.1036	0.3022	
0.2855	0.2019	0.2640	0.2486	
0.2255	0.2017	0.1875	0.3853	
0.3332	0.1943	0.2617	0.2109	
0.3292	0.2971	0.1276	0.2461	
0.2501	0.2954	0.2815	0.1730	
0.1994	0.2531	0.2567	0.2907	
0.2433	0.2447	0.3184	0.1936	
0.2545	0.3155	0.1817	0.2483	
0.1673	0.3944	0.2940	0.1443	
0.1358	0.3177	0.3040	0.2425	
0.2547	0.2092	0.3559	0.1802	
0.1817	0.3588	0.2504	0.2092	
0.1880	0.3174	0.3533	0.1412	
0.1622	0.2862	0.3264	0.2252	
0.2738	0.2171	0.2458	0.2633	
0.2424	0.3447	0.1225	0.2904	
0.2148	0.2987	0.2772	0.2093	
0.1503	0.2967	0.2341	0.3189	
0.3521	0.1689	0.2972	0.1818	
0.3049	0.2758	0.1636	0.2557	
0.2695	0.2493	0.3201	0.1611	
0.2158	0.2111	0.2812	0.2918	
0.2400	0.2073	0.3822	0.1704	
0.2536	0.3157	0.1972	0.2335	
0.1618	0.3403	0.3560	0.1418	
0.1441	0.2765	0.3561	0.2234	
0.2916	0.1942	0.3677	0.1465	
0.2260	0.2819	0.2340	0.2581	
0.2441	0.2784	0.3108	0.1666	
0.1754	0.2322	0.3506	0.2418	
0.2987	0.1943	0.2284	0.2785	
0.2891	0.2995	0.1235	0.2878	
0.2237	0.2337	0.2867	0.2559	
0.1906	0.2424	0.2263	0.3407	
0.3986	0.1538	0.2121	0.2355	
0.3611	0.2251	0.1102	0.3036	
0.2875	0.2419	0.2361	0.2346	
0.3282	0.1730	0.1895	0.3092	
0.2380	0.2289	0.3118	0.2213	
0.2615	0.3111	0.1253	0.3021	
0.2064	0.3081	0.2850	0.2005	
0.1623	0.2899	0.2788	0.2689	
0.3031	0.2079	0.2951	0.1939	
0.2896	0.2830	0.1412	0.2862	
0.2413	0.2581	0.3134	0.1871	
0.1917	0.2345	0.3149	0.2589	
0.3309	0.1868	0.1938	0.2884	
0.2645	0.3014	0.0996	0.3346	
0.2300	0.2374	0.2709	0.2617	
0.2091	0.2366	0.2069	0.3474	

