#INCLUSive Background Model v1.0
#
#Order = 3
#Organism = Xenopus tropicalis
#Sequences = ../fa/FilteredModels1_TSS_400_100.fa
#Path = 
#

#snf
0.277031	0.223054	0.222941	0.276974	

#oligo frequency
0.0293601
0.0149115
0.0173986
0.0214855
0.0212788
0.012103
0.00496623
0.0157725
0.0184166
0.0158058
0.0166281
0.0157041
0.021328
0.0125409
0.0177808
0.0215416
0.0178104
0.0156417
0.0220736
0.0178293
0.0179561
0.0188112
0.00678058
0.016781
0.00427451
0.00678194
0.00675586
0.00497059
0.0123025
0.0147323
0.0221043
0.0174547
0.0171154
0.0097495
0.0147868
0.0125757
0.0178138
0.0140324
0.00676233
0.0157716
0.0153515
0.014052
0.0188273
0.012008
0.013768
0.00981825
0.0156205
0.0148496
0.0188822
0.0138106
0.0122906
0.0213021
0.0163084
0.0153703
0.00427519
0.0182734
0.0162124
0.0177478
0.0180407
0.0213793
0.018885
0.0171053
0.0178626
0.0292692

#transition matrix
0.357888	0.175114	0.211112	0.255886	
0.394061	0.228116	0.0892985	0.288525	
0.276992	0.221606	0.262636	0.238766	
0.316155	0.163612	0.276602	0.243631	
0.258722	0.204649	0.293524	0.243105	
0.305666	0.300398	0.109361	0.284574	
0.189135	0.258935	0.265938	0.285991	
0.198331	0.189314	0.349882	0.262473	
0.333162	0.166679	0.277501	0.222658	
0.348778	0.25292	0.124588	0.273714	
0.280093	0.209868	0.305898	0.20414	
0.254365	0.182113	0.29138	0.272142	
0.293915	0.188118	0.186357	0.33161	
0.327624	0.264688	0.0828066	0.324881	
0.239712	0.198879	0.268021	0.293388	
0.241477	0.189634	0.21995	0.348938	
0.33864	0.188409	0.209389	0.263562	
0.384692	0.228204	0.0928288	0.294275	
0.25747	0.259108	0.237572	0.24585	
0.236695	0.189241	0.238794	0.33527	
0.254674	0.201988	0.277148	0.26619	
0.297393	0.326524	0.105094	0.270988	
0.19775	0.29632	0.309213	0.196717	
0.180892	0.228559	0.31334	0.277209	
0.255891	0.235693	0.267506	0.24091	
0.264749	0.296463	0.147787	0.291	
0.226415	0.289383	0.291889	0.192313	
0.21442	0.230615	0.287428	0.267536	
0.273337	0.234112	0.173974	0.318577	
0.272999	0.308472	0.0767757	0.341753	
0.217588	0.270544	0.227117	0.284752	
0.192785	0.239703	0.213803	0.35371	
0.345541	0.176358	0.241076	0.237024	
0.379467	0.215456	0.116575	0.288502	
0.310261	0.231307	0.257233	0.2012	
0.266234	0.186371	0.264551	0.282844	
0.246523	0.215765	0.339003	0.198708	
0.311357	0.297303	0.140498	0.250842	
0.195531	0.317474	0.299615	0.18738	
0.179711	0.214931	0.362191	0.243167	
0.333719	0.154372	0.295717	0.216191	
0.349151	0.223188	0.14314	0.284521	
0.257732	0.224568	0.327557	0.190143	
0.251422	0.171048	0.295806	0.281724	
0.297921	0.208468	0.207435	0.286177	
0.338695	0.244329	0.103083	0.313894	
0.242183	0.245234	0.232653	0.279931	
0.227978	0.202562	0.22407	0.345391	
0.366049	0.179775	0.177382	0.276794	
0.411518	0.219118	0.0757168	0.293646	
0.270796	0.22861	0.244742	0.255852	
0.327245	0.1549	0.199697	0.318158	
0.204995	0.234025	0.295105	0.265876	
0.278963	0.315991	0.098118	0.306929	
0.157286	0.313709	0.306966	0.222038	
0.180967	0.247243	0.307422	0.264368	
0.294485	0.203924	0.246696	0.254896	
0.315685	0.275335	0.100363	0.308618	
0.239267	0.242928	0.310635	0.207169	
0.266171	0.175691	0.283775	0.274364	
0.272811	0.214282	0.175464	0.337443	
0.283035	0.298007	0.0636791	0.355279	
0.187851	0.246092	0.258311	0.307746	
0.236707	0.198937	0.207139	0.357217	

